64	65	4.378795	0.143403	0.000000	14.340344
64	66	4.391458	0.143403	0.000000	14.340344
66	67	3.716176	0.143403	0.000000	14.340344
67	68	4.973449	0.143403	0.000000	14.340344
67	69	3.285050	0.143403	0.000000	14.340344
69	70	3.760060	0.143403	0.000000	14.340344
70	71	4.378803	0.143403	0.000000	14.340344
70	72	4.391416	0.143403	0.000000	14.340344
72	73	3.716154	0.143403	0.000000	14.340344
73	74	4.973652	0.143403	0.000000	14.340344
73	75	3.285004	0.143403	0.000000	14.340344
75	76	3.759763	0.143403	0.000000	14.340344
76	77	4.378622	0.143403	0.000000	14.340344
76	78	3.707073	0.143403	0.000000	14.340344
78	79	3.710363	0.143403	0.000000	14.340344
79	80	4.299535	0.143403	0.000000	14.340344
79	81	4.385445	0.143403	0.000000	14.340344
81	82	3.753489	0.143403	0.000000	14.340344
82	83	4.863787	0.143403	0.000000	14.340344
82	84	3.685753	0.143403	0.000000	14.340344
84	85	3.744595	0.143403	0.000000	14.340344
85	86	4.863515	0.143403	0.000000	14.340344
85	87	3.835847	0.143403	0.000000	14.340344
87	88	3.724924	0.143403	0.000000	14.340344
88	89	4.973448	0.143403	0.000000	14.340344
88	90	3.285293	0.143403	0.000000	14.340344
90	91	3.759537	0.143403	0.000000	14.340344
91	92	4.378779	0.143403	0.000000	14.340344
91	93	4.391661	0.143403	0.000000	14.340344
93	94	3.716201	0.143403	0.000000	14.340344
94	95	4.973607	0.143403	0.000000	14.340344
94	96	3.633502	0.143403	0.000000	14.340344
96	97	3.766448	0.143403	0.000000	14.340344
97	98	4.973226	0.143403	0.000000	14.340344
97	99	3.256165	0.143403	0.000000	14.340344
99	100	3.699834	0.143403	0.000000	14.340344
100	101	4.299577	0.143403	0.000000	14.340344
100	102	3.998810	0.143403	0.000000	14.340344
102	103	3.784297	0.143403	0.000000	14.340344
103	104	4.378703	0.143403	0.000000	14.340344
103	105	4.391575	0.143403	0.000000	14.340344
105	106	3.716458	0.143403	0.000000	14.340344
106	107	4.973492	0.143403	0.000000	14.340344
106	108	3.284945	0.143403	0.000000	14.340344
108	109	3.759952	0.143403	0.000000	14.340344
109	110	4.378849	0.143403	0.000000	14.340344
111	112	4.863624	0.143403	0.000000	14.340344
111	113	3.018340	0.143403	0.000000	14.340344
113	114	3.704102	0.143403	0.000000	14.340344
114	115	4.299770	0.143403	0.000000	14.340344
114	116	4.385823	0.143403	0.000000	14.340344
116	117	3.753447	0.143403	0.000000	14.340344
117	118	4.863745	0.143403	0.000000	14.340344
117	119	3.836088	0.143403	0.000000	14.340344
119	120	3.724793	0.143403	0.000000	14.340344
120	121	4.973547	0.143403	0.000000	14.340344
120	122	3.256527	0.143403	0.000000	14.340344
122	123	3.700153	0.143403	0.000000	14.340344
123	124	4.299388	0.143403	0.000000	14.340344
123	125	3.538274	0.143403	0.000000	14.340344
125	126	3.785964	0.143403	0.000000	14.340344
126	127	4.300032	0.143403	0.000000	14.340344
126	128	4.385520	0.143403	0.000000	14.340344
128	129	3.753346	0.143403	0.000000	14.340344
129	130	4.863915	0.143403	0.000000	14.340344
129	131	3.018398	0.143403	0.000000	14.340344
131	132	3.704064	0.143403	0.000000	14.340344
132	133	4.299225	0.143403	0.000000	14.340344
132	134	3.998588	0.143403	0.000000	14.340344
134	135	3.784136	0.143403	0.000000	14.340344
135	136	4.378886	0.143403	0.000000	14.340344
135	137	3.866187	0.143403	0.000000	14.340344
137	138	3.758529	0.143403	0.000000	14.340344
138	139	4.378869	0.143403	0.000000	14.340344
138	140	4.391175	0.143403	0.000000	14.340344
140	141	3.716488	0.143403	0.000000	14.340344
141	142	4.973363	0.143403	0.000000	14.340344
141	143	3.735416	0.143403	0.000000	14.340344
143	144	3.739843	0.143403	0.000000	14.340344
144	145	4.863748	0.143403	0.000000	14.340344
144	146	3.018518	0.143403	0.000000	14.340344
146	147	3.704154	0.143403	0.000000	14.340344
147	148	4.299737	0.143403	0.000000	14.340344
147	149	4.385769	0.143403	0.000000	14.340344
149	150	3.753047	0.143403	0.000000	14.340344
150	151	4.863506	0.143403	0.000000	14.340344
150	152	3.018814	0.143403	0.000000	14.340344
152	153	3.704116	0.143403	0.000000	14.340344
153	154	4.299410	0.143403	0.000000	14.340344
153	155	4.385701	0.143403	0.000000	14.340344
155	156	3.753601	0.143403	0.000000	14.340344
156	157	4.863572	0.143403	0.000000	14.340344
