65	64	66	113.397717	49.235182
64	66	67	93.998586	65.248566
66	67	68	111.734415	49.235182
66	67	69	124.724206	71.701721
68	67	69	111.150996	105.640535
67	69	70	97.634085	110.898662
69	70	71	98.576822	105.640535
69	70	72	111.498552	71.701721
71	70	72	113.393613	49.235182
70	72	73	94.001201	65.248566
72	73	74	111.731903	49.235182
72	73	75	124.738129	71.701721
74	73	75	111.143047	105.640535
73	75	76	97.644127	110.898662
75	76	77	98.578858	105.640535
75	76	78	111.917428	71.701721
77	76	78	115.456758	91.539197
76	78	79	93.064198	105.640535
78	79	80	103.850438	91.539197
78	79	81	121.233157	71.701721
80	79	81	113.822773	49.235182
79	81	82	95.112500	65.248566
81	82	83	107.527954	49.235182
81	82	84	122.883031	71.701721
83	82	84	113.879772	109.942639
82	84	85	94.781201	84.847036
84	85	86	108.827631	109.942639
84	85	87	113.818981	71.701721
86	85	87	112.205675	85.564054
85	87	88	95.304421	87.954111
87	88	89	112.797165	85.564054
87	88	90	122.927686	71.701721
89	88	90	111.144260	105.640535
88	90	91	97.638082	110.898662
90	91	92	98.585016	105.640535
90	91	93	111.501585	71.701721
92	91	93	113.391626	49.235182
91	93	94	93.998550	65.248566
93	94	95	111.732574	49.235182
93	94	96	122.320074	71.701721
95	94	96	110.092389	66.443595
94	96	97	97.933292	39.435946
96	97	98	112.650535	66.443595
96	97	99	118.009494	71.701721
98	97	99	118.277992	80.305927
97	99	100	92.658213	54.493308
99	100	101	103.136134	80.305927
99	100	102	121.506624	71.701721
101	100	102	111.003399	85.564054
100	102	103	97.477682	87.954111
102	103	104	97.809774	85.564054
102	103	105	113.755512	71.701721
104	103	105	113.394731	49.235182
103	105	106	93.995463	65.248566
105	106	107	111.730746	49.235182
105	106	108	124.725989	71.701721
107	106	108	111.148441	105.640535
106	108	109	97.637903	110.898662
108	109	110	98.577292	105.640535
112	111	113	114.224241	105.640535
111	113	114	94.461062	110.898662
113	114	115	105.065739	105.640535
113	114	116	119.060165	71.701721
115	114	116	113.823627	49.235182
114	116	117	95.104340	65.248566
116	117	118	107.532624	49.235182
116	117	119	116.030862	71.701721
118	117	119	112.196562	85.564054
117	119	120	95.305888	87.954111
119	120	121	112.792270	85.564054
119	120	122	118.653431	71.701721
121	120	122	118.268444	80.305927
120	122	123	92.658130	54.493308
122	123	124	103.136720	80.305927
122	123	125	120.776160	71.701721
124	123	125	112.060940	66.443595
123	125	126	98.898421	39.435946
125	126	127	103.503696	66.443595
125	126	128	120.437937	71.701721
127	126	128	113.822390	49.235182
126	128	129	95.105777	65.248566
128	129	130	107.533372	49.235182
128	129	131	115.086319	71.701721
130	129	131	114.221884	105.640535
129	131	132	94.462332	110.898662
131	132	133	105.073999	105.640535
131	132	134	121.101624	71.701721
133	132	134	111.006256	85.564054
132	134	135	97.480622	87.954111
134	135	136	97.809115	85.564054
134	135	137	121.425709	71.701721
136	135	137	113.633243	109.942639
135	137	138	95.096723	84.847036
137	138	139	98.272309	109.942639
137	138	140	113.453672	71.701721
139	138	140	113.397600	49.235182
138	140	141	93.998893	65.248566
140	141	142	111.726540	49.235182
140	141	143	123.933321	71.701721
142	141	143	114.672197	91.539197
141	143	144	94.971593	105.640535
143	144	145	108.066242	91.539197
143	144	146	112.904384	71.701721
145	144	146	114.228314	105.640535
144	146	147	94.458939	110.898662
146	147	148	105.066525	105.640535
146	147	149	119.060350	71.701721
148	147	149	113.821586	49.235182
147	149	150	95.105695	65.248566
149	150	151	107.537312	49.235182
149	150	152	115.079855	71.701721
151	150	152	114.224129	105.640535
150	152	153	94.454500	110.898662
152	153	154	105.071868	105.640535
152	153	155	119.048591	71.701721
154	153	155	113.823902	49.235182
153	155	156	95.108354	65.248566
155	156	157	107.530961	49.235182
