65	64	66	67	-219.279334	0.478011	1.673040	0.300000	1
64	66	67	68	-133.952942	0.478011	1.673040	0.300000	1
64	66	67	69	-355.458164	0.478011	1.673040	0.300000	2
66	67	69	70	-340.174354	0.478011	1.673040	0.300000	2
68	67	69	70	-201.477529	0.478011	1.673040	0.300000	1
67	69	70	71	-128.433956	0.478011	1.673040	0.300000	1
67	69	70	72	-9.029790	0.478011	1.673040	0.300000	2
69	70	72	73	-329.465444	0.478011	1.673040	0.300000	2
71	70	72	73	-219.281305	0.478011	1.673040	0.300000	1
70	72	73	74	-133.950459	0.478011	1.673040	0.300000	1
70	72	73	75	-355.454812	0.478011	1.673040	0.300000	2
72	73	75	76	-340.164910	0.478011	1.673040	0.300000	2
74	73	75	76	-201.465401	0.478011	1.673040	0.300000	1
73	75	76	77	-128.444314	0.478011	1.673040	0.300000	1
73	75	76	78	-6.489011	0.478011	1.673040	0.300000	2
75	76	78	79	-330.730466	0.478011	1.673040	0.300000	2
77	76	78	79	-219.038223	0.478011	1.673040	0.300000	1
76	78	79	80	-127.156584	0.478011	1.673040	0.300000	1
76	78	79	81	-357.659864	0.478011	1.673040	0.300000	2
78	79	81	82	-336.620872	0.478011	1.673040	0.300000	2
80	79	81	82	-211.606077	0.478011	1.673040	0.300000	1
79	81	82	83	-134.812690	0.478011	1.673040	0.300000	1
79	81	82	84	-359.600979	0.478011	1.673040	0.300000	2
81	82	84	85	-336.080315	0.478011	1.673040	0.300000	2
83	82	84	85	-203.359637	0.478011	1.673040	0.300000	1
82	84	85	86	-134.548169	0.478011	1.673040	0.300000	1
82	84	85	87	-8.604293	0.478011	1.673040	0.300000	2
84	85	87	88	-331.258090	0.478011	1.673040	0.300000	2
86	85	87	88	-207.117092	0.478011	1.673040	0.300000	1
85	87	88	89	-133.015929	0.478011	1.673040	0.300000	1
85	87	88	90	-355.423615	0.478011	1.673040	0.300000	2
87	88	90	91	-339.666143	0.478011	1.673040	0.300000	2
89	88	90	91	-201.471128	0.478011	1.673040	0.300000	1
88	90	91	92	-128.438134	0.478011	1.673040	0.300000	1
88	90	91	93	-9.030644	0.478011	1.673040	0.300000	2
90	91	93	94	-329.477519	0.478011	1.673040	0.300000	2
92	91	93	94	-219.282584	0.478011	1.673040	0.300000	1
91	93	94	95	-133.943305	0.478011	1.673040	0.300000	1
91	93	94	96	-0.328725	0.478011	1.673040	0.300000	2
93	94	96	97	-334.796905	0.478011	1.673040	0.300000	2
95	94	96	97	-200.531919	0.478011	1.673040	0.300000	1
94	96	97	98	-136.073414	0.478011	1.673040	0.300000	1
94	96	97	99	-352.615729	0.478011	1.673040	0.300000	2
96	97	99	100	-338.479352	0.478011	1.673040	0.300000	2
98	97	99	100	-197.084926	0.478011	1.673040	0.300000	1
97	99	100	101	-134.480792	0.478011	1.673040	0.300000	1
97	99	100	102	-9.399183	0.478011	1.673040	0.300000	2
99	100	102	103	-335.206740	0.478011	1.673040	0.300000	2
101	100	102	103	-213.816234	0.478011	1.673040	0.300000	1
100	102	103	104	-126.629736	0.478011	1.673040	0.300000	1
100	102	103	105	-6.745612	0.478011	1.673040	0.300000	2
102	103	105	106	-329.905986	0.478011	1.673040	0.300000	2
104	103	105	106	-219.285707	0.478011	1.673040	0.300000	1
103	105	106	107	-133.945183	0.478011	1.673040	0.300000	1
103	105	106	108	-355.458133	0.478011	1.673040	0.300000	2
105	106	108	109	-340.160256	0.478011	1.673040	0.300000	2
107	106	108	109	-201.471522	0.478011	1.673040	0.300000	1
106	108	109	110	-128.438877	0.478011	1.673040	0.300000	1
112	111	113	114	-207.855799	0.478011	1.673040	0.300000	1
111	113	114	115	-125.209869	0.478011	1.673040	0.300000	1
111	113	114	116	-356.298137	0.478011	1.673040	0.300000	2
113	114	116	117	-336.392354	0.478011	1.673040	0.300000	2
115	114	116	117	-211.612956	0.478011	1.673040	0.300000	1
114	116	117	118	-134.803227	0.478011	1.673040	0.300000	1
114	116	117	119	-8.275249	0.478011	1.673040	0.300000	2
116	117	119	120	-331.273609	0.478011	1.673040	0.300000	2
118	117	119	120	-207.123048	0.478011	1.673040	0.300000	1
117	119	120	121	-133.006268	0.478011	1.673040	0.300000	1
117	119	120	122	-348.417097	0.478011	1.673040	0.300000	2
119	120	122	123	-339.742876	0.478011	1.673040	0.300000	2
121	120	122	123	-197.081573	0.478011	1.673040	0.300000	1
120	122	123	124	-134.478548	0.478011	1.673040	0.300000	1
120	122	123	125	-8.470696	0.478011	1.673040	0.300000	2
122	123	125	126	-333.163800	0.478011	1.673040	0.300000	2
124	123	125	126	-211.375447	0.478011	1.673040	0.300000	1
123	125	126	127	-130.221922	0.478011	1.673040	0.300000	1
123	125	126	128	-1.694138	0.478011	1.673040	0.300000	2
125	126	128	129	-335.355375	0.478011	1.673040	0.300000	2
127	126	128	129	-211.610927	0.478011	1.673040	0.300000	1
126	128	129	130	-134.802149	0.478011	1.673040	0.300000	1
126	128	129	131	-6.268138	0.478011	1.673040	0.300000	2
128	129	131	132	-332.978729	0.478011	1.673040	0.300000	2
130	129	131	132	-207.854077	0.478011	1.673040	0.300000	1
129	131	132	133	-125.211268	0.478011	1.673040	0.300000	1
129	131	132	134	-358.623636	0.478011	1.673040	0.300000	2
131	132	134	135	-337.662534	0.478011	1.673040	0.300000	2
133	132	134	135	-213.813918	0.478011	1.673040	0.300000	1
132	134	135	136	-126.634210	0.478011	1.673040	0.300000	1
132	134	135	137	-2.717530	0.478011	1.673040	0.300000	2
134	135	137	138	-334.995049	0.478011	1.673040	0.300000	2
136	135	137	138	-218.816089	0.478011	1.673040	0.300000	1
135	137	138	139	-125.566529	0.478011	1.673040	0.300000	1
135	137	138	140	-5.533341	0.478011	1.673040	0.300000	2
137	138	140	141	-330.302543	0.478011	1.673040	0.300000	2
139	138	140	141	-219.287699	0.478011	1.673040	0.300000	1
138	140	141	142	-133.942909	0.478011	1.673040	0.300000	1
138	140	141	143	-349.876933	0.478011	1.673040	0.300000	2
140	141	143	144	-339.773319	0.478011	1.673040	0.300000	2
142	141	143	144	-196.638285	0.478011	1.673040	0.300000	1
141	143	144	145	-138.916206	0.478011	1.673040	0.300000	1
141	143	144	146	-11.584932	0.478011	1.673040	0.300000	2
143	144	146	147	-331.860098	0.478011	1.673040	0.300000	2
145	144	146	147	-207.851913	0.478011	1.673040	0.300000	1
144	146	147	148	-125.213159	0.478011	1.673040	0.300000	1
144	146	147	149	-356.303393	0.478011	1.673040	0.300000	2
146	147	149	150	-336.386857	0.478011	1.673040	0.300000	2
148	147	149	150	-211.608141	0.478011	1.673040	0.300000	1
147	149	150	151	-134.804159	0.478011	1.673040	0.300000	1
147	149	150	152	-6.268788	0.478011	1.673040	0.300000	2
149	150	152	153	-332.982114	0.478011	1.673040	0.300000	2
151	150	152	153	-207.855587	0.478011	1.673040	0.300000	1
150	152	153	154	-125.207853	0.478011	1.673040	0.300000	1
150	152	153	155	-356.299226	0.478011	1.673040	0.300000	2
152	153	155	156	-336.386995	0.478011	1.673040	0.300000	2
154	153	155	156	-211.609005	0.478011	1.673040	0.300000	1
153	155	156	157	-134.810325	0.478011	1.673040	0.300000	1
