1949	1950	4.863572	0.143403	0.000000	14.340344
1949	1951	3.018211	0.143403	0.000000	14.340344
1951	1952	3.703992	0.143403	0.000000	14.340344
1952	1953	4.299573	0.143403	0.000000	14.340344
1952	1954	4.385882	0.143403	0.000000	14.340344
1954	1955	3.753522	0.143403	0.000000	14.340344
1955	1956	4.863588	0.143403	0.000000	14.340344
1955	1957	3.835837	0.143403	0.000000	14.340344
1957	1958	3.724750	0.143403	0.000000	14.340344
1958	1959	4.973424	0.143403	0.000000	14.340344
1958	1960	3.633367	0.143403	0.000000	14.340344
1960	1961	3.766470	0.143403	0.000000	14.340344
1961	1962	4.973369	0.143403	0.000000	14.340344
1961	1963	3.735862	0.143403	0.000000	14.340344
1963	1964	3.739545	0.143403	0.000000	14.340344
1964	1965	4.863818	0.143403	0.000000	14.340344
1964	1966	3.287325	0.143403	0.000000	14.340344
1966	1967	3.728574	0.143403	0.000000	14.340344
1967	1968	4.378888	0.143403	0.000000	14.340344
1967	1969	4.391300	0.143403	0.000000	14.340344
1969	1970	3.716316	0.143403	0.000000	14.340344
1970	1971	4.973273	0.143403	0.000000	14.340344
1970	1972	3.285515	0.143403	0.000000	14.340344
1972	1973	3.759797	0.143403	0.000000	14.340344
1973	1974	4.378625	0.143403	0.000000	14.340344
1973	1975	4.191419	0.143403	0.000000	14.340344
1975	1976	3.751793	0.143403	0.000000	14.340344
1976	1977	4.863745	0.143403	0.000000	14.340344
1976	1978	3.685854	0.143403	0.000000	14.340344
1978	1979	3.744243	0.143403	0.000000	14.340344
1979	1980	4.863812	0.143403	0.000000	14.340344
1979	1981	3.018573	0.143403	0.000000	14.340344
1981	1982	3.704036	0.143403	0.000000	14.340344
1982	1983	4.299665	0.143403	0.000000	14.340344
1982	1984	3.538553	0.143403	0.000000	14.340344
1984	1985	3.785923	0.143403	0.000000	14.340344
1985	1986	4.299541	0.143403	0.000000	14.340344
1985	1987	3.998728	0.143403	0.000000	14.340344
1987	1988	3.784270	0.143403	0.000000	14.340344
1988	1989	4.378551	0.143403	0.000000	14.340344
1988	1990	4.391530	0.143403	0.000000	14.340344
1990	1991	3.716365	0.143403	0.000000	14.340344
1991	1992	4.973601	0.143403	0.000000	14.340344
1991	1993	3.256333	0.143403	0.000000	14.340344
1993	1994	3.699957	0.143403	0.000000	14.340344
1994	1995	4.299775	0.143403	0.000000	14.340344
1994	1996	4.385511	0.143403	0.000000	14.340344
1996	1997	3.753309	0.143403	0.000000	14.340344
1997	1998	4.863940	0.143403	0.000000	14.340344
1997	1999	3.836286	0.143403	0.000000	14.340344
1999	2000	3.724508	0.143403	0.000000	14.340344
2000	2001	4.973510	0.143403	0.000000	14.340344
2000	2002	3.735685	0.143403	0.000000	14.340344
2002	2003	3.739411	0.143403	0.000000	14.340344
2003	2004	4.863688	0.143403	0.000000	14.340344
2003	2005	3.287347	0.143403	0.000000	14.340344
2005	2006	3.728803	0.143403	0.000000	14.340344
2006	2007	4.378658	0.143403	0.000000	14.340344
2006	2008	4.191281	0.143403	0.000000	14.340344
2008	2009	3.751225	0.143403	0.000000	14.340344
2009	2010	4.863649	0.143403	0.000000	14.340344
2009	2011	3.018529	0.143403	0.000000	14.340344
2011	2012	3.703956	0.143403	0.000000	14.340344
2012	2013	4.299492	0.143403	0.000000	14.340344
2012	2014	3.998376	0.143403	0.000000	14.340344
2014	2015	3.784487	0.143403	0.000000	14.340344
2015	2016	4.378684	0.143403	0.000000	14.340344
2015	2017	4.191274	0.143403	0.000000	14.340344
2017	2018	3.751491	0.143403	0.000000	14.340344
2018	2019	4.863349	0.143403	0.000000	14.340344
2018	2020	3.018814	0.143403	0.000000	14.340344
2020	2021	3.704058	0.143403	0.000000	14.340344
2021	2022	4.299591	0.143403	0.000000	14.340344
2021	2023	3.538278	0.143403	0.000000	14.340344
2023	2024	3.785618	0.143403	0.000000	14.340344
2024	2025	4.299712	0.143403	0.000000	14.340344
2024	2026	4.385527	0.143403	0.000000	14.340344
2026	2027	3.753774	0.143403	0.000000	14.340344
2027	2028	4.863430	0.143403	0.000000	14.340344
2027	2029	3.685788	0.143403	0.000000	14.340344
2029	2030	3.744775	0.143403	0.000000	14.340344
2030	2031	4.863528	0.143403	0.000000	14.340344
2030	2032	3.685508	0.143403	0.000000	14.340344
2032	2033	3.744677	0.143403	0.000000	14.340344
2033	2034	4.863657	0.143403	0.000000	14.340344
2033	2035	3.685490	0.143403	0.000000	14.340344
2035	2036	3.744519	0.143403	0.000000	14.340344
2036	2037	4.863933	0.143403	0.000000	14.340344
2036	2038	3.836014	0.143403	0.000000	14.340344
2038	2039	3.724775	0.143403	0.000000	14.340344
2039	2040	4.973709	0.143403	0.000000	14.340344
2039	2041	3.284821	0.143403	0.000000	14.340344
2041	2042	3.760234	0.143403	0.000000	14.340344
2042	2043	4.378896	0.143403	0.000000	14.340344
2042	2044	4.391324	0.143403	0.000000	14.340344
2044	2045	3.715982	0.143403	0.000000	14.340344
2045	2046	4.973090	0.143403	0.000000	14.340344
2045	2047	3.285147	0.143403	0.000000	14.340344
2047	2048	3.759802	0.143403	0.000000	14.340344
2048	2049	4.378679	0.143403	0.000000	14.340344
2048	2050	4.191342	0.143403	0.000000	14.340344
2050	2051	3.751796	0.143403	0.000000	14.340344
2051	2052	4.863738	0.143403	0.000000	14.340344
2051	2053	3.287410	0.143403	0.000000	14.340344
2053	2054	3.728783	0.143403	0.000000	14.340344
2054	2055	4.378909	0.143403	0.000000	14.340344
2054	2056	3.870448	0.143403	0.000000	14.340344
2056	2057	3.759458	0.143403	0.000000	14.340344
2057	2058	4.378778	0.143403	0.000000	14.340344
2057	2059	3.870249	0.143403	0.000000	14.340344
2059	2060	3.758976	0.143403	0.000000	14.340344
2060	2061	4.378910	0.143403	0.000000	14.340344
2060	2062	4.391140	0.143403	0.000000	14.340344
2062	2063	3.716002	0.143403	0.000000	14.340344
2063	2064	4.973434	0.143403	0.000000	14.340344
2063	2065	3.633741	0.143403	0.000000	14.340344
2065	2066	3.766428	0.143403	0.000000	14.340344
2066	2067	4.973481	0.143403	0.000000	14.340344
2066	2068	3.735537	0.143403	0.000000	14.340344
2068	2069	3.739559	0.143403	0.000000	14.340344
2069	2070	4.863500	0.143403	0.000000	14.340344
2069	2071	3.685908	0.143403	0.000000	14.340344
2071	2072	3.744410	0.143403	0.000000	14.340344
2072	2073	4.863688	0.143403	0.000000	14.340344
2072	2074	3.686109	0.143403	0.000000	14.340344
2074	2075	3.744701	0.143403	0.000000	14.340344
2075	2076	4.863603	0.143403	0.000000	14.340344
2075	2077	3.018588	0.143403	0.000000	14.340344
2077	2078	3.704019	0.143403	0.000000	14.340344
2078	2079	4.299567	0.143403	0.000000	14.340344
2078	2080	3.998817	0.143403	0.000000	14.340344
2080	2081	3.784139	0.143403	0.000000	14.340344
2081	2082	4.378654	0.143403	0.000000	14.340344
2081	2083	4.391210	0.143403	0.000000	14.340344
2083	2084	3.716401	0.143403	0.000000	14.340344
2084	2085	4.973317	0.143403	0.000000	14.340344
2084	2086	3.256551	0.143403	0.000000	14.340344
2086	2087	3.699786	0.143403	0.000000	14.340344
2087	2088	4.299653	0.143403	0.000000	14.340344
2087	2089	3.998383	0.143403	0.000000	14.340344
2089	2090	3.784856	0.143403	0.000000	14.340344
2090	2091	4.378808	0.143403	0.000000	14.340344
2090	2092	3.707111	0.143403	0.000000	14.340344
2092	2093	3.710147	0.143403	0.000000	14.340344
2093	2094	4.299902	0.143403	0.000000	14.340344
2093	2095	3.538031	0.143403	0.000000	14.340344
2095	2096	3.785558	0.143403	0.000000	14.340344
2096	2097	4.299824	0.143403	0.000000	14.340344
2096	2098	4.385470	0.143403	0.000000	14.340344
2098	2099	3.753487	0.143403	0.000000	14.340344
2099	2100	4.863632	0.143403	0.000000	14.340344
2099	2101	3.287276	0.143403	0.000000	14.340344
2101	2102	3.728972	0.143403	0.000000	14.340344
2102	2103	4.378827	0.143403	0.000000	14.340344
2102	2104	3.706891	0.143403	0.000000	14.340344
2104	2105	3.710399	0.143403	0.000000	14.340344
2105	2106	4.299898	0.143403	0.000000	14.340344
2105	2107	4.385256	0.143403	0.000000	14.340344
2107	2108	3.753181	0.143403	0.000000	14.340344
2108	2109	4.864171	0.143403	0.000000	14.340344
2108	2110	3.685465	0.143403	0.000000	14.340344
2110	2111	3.744499	0.143403	0.000000	14.340344
2111	2112	4.863696	0.143403	0.000000	14.340344
2111	2113	3.685523	0.143403	0.000000	14.340344
2113	2114	3.744482	0.143403	0.000000	14.340344
2114	2115	4.863622	0.143403	0.000000	14.340344
2114	2116	3.685789	0.143403	0.000000	14.340344
2116	2117	3.744489	0.143403	0.000000	14.340344
2117	2118	4.863898	0.143403	0.000000	14.340344
2117	2119	3.836137	0.143403	0.000000	14.340344
2119	2120	3.724728	0.143403	0.000000	14.340344
2120	2121	4.973408	0.143403	0.000000	14.340344
2120	2122	3.633317	0.143403	0.000000	14.340344
2122	2123	3.766613	0.143403	0.000000	14.340344
2123	2124	4.973374	0.143403	0.000000	14.340344
2123	2125	3.256273	0.143403	0.000000	14.340344
2125	2126	3.699654	0.143403	0.000000	14.340344
2126	2127	4.299467	0.143403	0.000000	14.340344
2126	2128	4.385787	0.143403	0.000000	14.340344
2128	2129	3.753111	0.143403	0.000000	14.340344
2129	2130	4.863482	0.143403	0.000000	14.340344
2129	2131	3.287478	0.143403	0.000000	14.340344
2131	2132	3.728718	0.143403	0.000000	14.340344
2132	2133	4.378871	0.143403	0.000000	14.340344
2132	2134	4.391678	0.143403	0.000000	14.340344
2134	2135	3.716443	0.143403	0.000000	14.340344
2135	2136	4.973138	0.143403	0.000000	14.340344
2135	2137	3.284917	0.143403	0.000000	14.340344
2137	2138	3.759891	0.143403	0.000000	14.340344
2138	2139	4.378733	0.143403	0.000000	14.340344
2138	2140	3.870418	0.143403	0.000000	14.340344
2140	2141	3.759175	0.143403	0.000000	14.340344
2141	2142	4.378869	0.143403	0.000000	14.340344
2141	2143	3.707011	0.143403	0.000000	14.340344
2143	2144	3.709953	0.143403	0.000000	14.340344
2144	2145	4.299726	0.143403	0.000000	14.340344
2144	2146	4.385534	0.143403	0.000000	14.340344
2146	2147	3.753520	0.143403	0.000000	14.340344
2147	2148	4.863555	0.143403	0.000000	14.340344
2147	2149	3.835912	0.143403	0.000000	14.340344
2149	2150	3.724917	0.143403	0.000000	14.340344
2150	2151	4.973190	0.143403	0.000000	14.340344
2150	2152	3.256442	0.143403	0.000000	14.340344
2152	2153	3.699889	0.143403	0.000000	14.340344
2153	2154	4.299664	0.143403	0.000000	14.340344
2153	2155	3.998703	0.143403	0.000000	14.340344
2155	2156	3.784241	0.143403	0.000000	14.340344
2156	2157	4.378750	0.143403	0.000000	14.340344
2156	2158	4.391336	0.143403	0.000000	14.340344
2158	2159	3.716048	0.143403	0.000000	14.340344
2159	2160	4.973549	0.143403	0.000000	14.340344
2159	2161	3.633535	0.143403	0.000000	14.340344
2161	2162	3.766153	0.143403	0.000000	14.340344
2162	2163	4.973354	0.143403	0.000000	14.340344
2162	2164	3.735766	0.143403	0.000000	14.340344
2164	2165	3.739485	0.143403	0.000000	14.340344
2165	2166	4.863621	0.143403	0.000000	14.340344
2165	2167	3.287323	0.143403	0.000000	14.340344
2167	2168	3.729242	0.143403	0.000000	14.340344
2168	2169	4.378803	0.143403	0.000000	14.340344
2168	2170	3.870355	0.143403	0.000000	14.340344
2170	2171	3.758888	0.143403	0.000000	14.340344
2171	2172	4.378879	0.143403	0.000000	14.340344
2171	2173	3.706963	0.143403	0.000000	14.340344
2173	2174	3.710220	0.143403	0.000000	14.340344
2174	2175	4.299814	0.143403	0.000000	14.340344
2174	2176	3.537878	0.143403	0.000000	14.340344
2176	2177	3.785748	0.143403	0.000000	14.340344
2177	2178	4.299791	0.143403	0.000000	14.340344
2177	2179	4.385739	0.143403	0.000000	14.340344
2179	2180	3.753036	0.143403	0.000000	14.340344
2180	2181	4.863681	0.143403	0.000000	14.340344
2180	2182	3.836296	0.143403	0.000000	14.340344
2182	2183	3.724519	0.143403	0.000000	14.340344
2183	2184	4.973580	0.143403	0.000000	14.340344
2183	2185	3.256132	0.143403	0.000000	14.340344
2185	2186	3.700110	0.143403	0.000000	14.340344
2186	2187	4.299936	0.143403	0.000000	14.340344
2186	2188	3.998503	0.143403	0.000000	14.340344
2188	2189	3.784473	0.143403	0.000000	14.340344
2189	2190	4.378701	0.143403	0.000000	14.340344
2189	2191	4.391583	0.143403	0.000000	14.340344
2191	2192	3.716216	0.143403	0.000000	14.340344
2192	2193	4.973484	0.143403	0.000000	14.340344
2192	2194	3.735717	0.143403	0.000000	14.340344
2194	2195	3.739669	0.143403	0.000000	14.340344
2195	2196	4.863624	0.143403	0.000000	14.340344
2195	2197	3.685634	0.143403	0.000000	14.340344
2197	2198	3.744270	0.143403	0.000000	14.340344
2198	2199	4.863678	0.143403	0.000000	14.340344
2198	2200	3.018461	0.143403	0.000000	14.340344
2200	2201	3.703954	0.143403	0.000000	14.340344
2201	2202	4.299637	0.143403	0.000000	14.340344
2201	2203	4.385889	0.143403	0.000000	14.340344
2203	2204	3.753389	0.143403	0.000000	14.340344
2204	2205	4.863801	0.143403	0.000000	14.340344
2204	2206	3.287469	0.143403	0.000000	14.340344
2206	2207	3.728755	0.143403	0.000000	14.340344
2207	2208	4.378851	0.143403	0.000000	14.340344
2207	2209	4.391385	0.143403	0.000000	14.340344
2209	2210	3.716016	0.143403	0.000000	14.340344
2210	2211	4.973630	0.143403	0.000000	14.340344
2210	2212	3.256249	0.143403	0.000000	14.340344
2212	2213	3.699749	0.143403	0.000000	14.340344
2213	2214	4.299605	0.143403	0.000000	14.340344
2213	2215	3.538188	0.143403	0.000000	14.340344
2215	2216	3.785562	0.143403	0.000000	14.340344
2216	2217	4.299570	0.143403	0.000000	14.340344
2216	2218	3.998993	0.143403	0.000000	14.340344
2218	2219	3.784595	0.143403	0.000000	14.340344
2219	2220	4.378930	0.143403	0.000000	14.340344
2219	2221	3.870405	0.143403	0.000000	14.340344
2221	2222	3.759072	0.143403	0.000000	14.340344
2222	2223	4.378635	0.143403	0.000000	14.340344
2222	2224	3.870532	0.143403	0.000000	14.340344
2224	2225	3.758968	0.143403	0.000000	14.340344
2225	2226	4.378668	0.143403	0.000000	14.340344
2225	2227	3.870600	0.143403	0.000000	14.340344
2227	2228	3.759288	0.143403	0.000000	14.340344
2228	2229	4.378966	0.143403	0.000000	14.340344
2228	2230	4.391369	0.143403	0.000000	14.340344
2230	2231	3.716203	0.143403	0.000000	14.340344
2231	2232	4.973324	0.143403	0.000000	14.340344
2231	2233	3.735311	0.143403	0.000000	14.340344
2233	2234	3.739920	0.143403	0.000000	14.340344
2234	2235	4.863621	0.143403	0.000000	14.340344
2234	2236	3.287255	0.143403	0.000000	14.340344
2236	2237	3.729064	0.143403	0.000000	14.340344
2237	2238	4.378763	0.143403	0.000000	14.340344
2237	2239	4.391636	0.143403	0.000000	14.340344
2239	2240	3.715921	0.143403	0.000000	14.340344
2240	2241	4.973446	0.143403	0.000000	14.340344
2240	2242	3.633651	0.143403	0.000000	14.340344
2242	2243	3.766088	0.143403	0.000000	14.340344
2243	2244	4.973549	0.143403	0.000000	14.340344
2243	2245	3.735626	0.143403	0.000000	14.340344
2245	2246	3.739760	0.143403	0.000000	14.340344
2246	2247	4.863806	0.143403	0.000000	14.340344
2246	2248	3.835934	0.143403	0.000000	14.340344
2248	2249	3.725123	0.143403	0.000000	14.340344
2249	2250	4.973137	0.143403	0.000000	14.340344
2249	2251	3.256297	0.143403	0.000000	14.340344
2251	2252	3.699799	0.143403	0.000000	14.340344
2252	2253	4.299899	0.143403	0.000000	14.340344
2252	2254	4.385573	0.143403	0.000000	14.340344
2254	2255	3.753329	0.143403	0.000000	14.340344
2255	2256	4.863725	0.143403	0.000000	14.340344
2255	2257	3.836063	0.143403	0.000000	14.340344
2257	2258	3.724727	0.143403	0.000000	14.340344
2258	2259	4.973266	0.143403	0.000000	14.340344
2258	2260	3.285395	0.143403	0.000000	14.340344
2260	2261	3.760001	0.143403	0.000000	14.340344
2261	2262	4.378986	0.143403	0.000000	14.340344
2261	2263	3.870552	0.143403	0.000000	14.340344
2263	2264	3.759093	0.143403	0.000000	14.340344
2264	2265	4.378715	0.143403	0.000000	14.340344
2264	2266	3.870756	0.143403	0.000000	14.340344
2266	2267	3.759091	0.143403	0.000000	14.340344
2267	2268	4.378936	0.143403	0.000000	14.340344
2267	2269	3.706746	0.143403	0.000000	14.340344
2269	2270	3.709912	0.143403	0.000000	14.340344
2270	2271	4.299506	0.143403	0.000000	14.340344
2270	2272	3.538380	0.143403	0.000000	14.340344
2272	2273	3.785739	0.143403	0.000000	14.340344
2273	2274	4.299644	0.143403	0.000000	14.340344
2273	2275	4.385348	0.143403	0.000000	14.340344
2275	2276	3.753368	0.143403	0.000000	14.340344
2276	2277	4.863524	0.143403	0.000000	14.340344
2276	2278	3.685823	0.143403	0.000000	14.340344
2278	2279	3.744631	0.143403	0.000000	14.340344
2279	2280	4.863700	0.143403	0.000000	14.340344
2279	2281	3.685389	0.143403	0.000000	14.340344
2281	2282	3.744456	0.143403	0.000000	14.340344
2282	2283	4.863642	0.143403	0.000000	14.340344
2282	2284	3.287637	0.143403	0.000000	14.340344
2284	2285	3.729123	0.143403	0.000000	14.340344
2285	2286	4.378644	0.143403	0.000000	14.340344
2285	2287	4.191404	0.143403	0.000000	14.340344
2287	2288	3.751365	0.143403	0.000000	14.340344
2288	2289	4.863531	0.143403	0.000000	14.340344
2288	2290	3.018490	0.143403	0.000000	14.340344
2290	2291	3.703612	0.143403	0.000000	14.340344
2291	2292	4.299655	0.143403	0.000000	14.340344
2291	2293	4.385925	0.143403	0.000000	14.340344
2293	2294	3.753413	0.143403	0.000000	14.340344
2294	2295	4.863644	0.143403	0.000000	14.340344
2294	2296	3.018236	0.143403	0.000000	14.340344
2296	2297	3.704249	0.143403	0.000000	14.340344
2297	2298	4.299638	0.143403	0.000000	14.340344
2297	2299	3.998516	0.143403	0.000000	14.340344
2299	2300	3.784131	0.143403	0.000000	14.340344
2300	2301	4.378732	0.143403	0.000000	14.340344
2300	2302	3.870572	0.143403	0.000000	14.340344
2302	2303	3.759063	0.143403	0.000000	14.340344
2303	2304	4.378626	0.143403	0.000000	14.340344
2303	2305	3.870412	0.143403	0.000000	14.340344
2305	2306	3.759127	0.143403	0.000000	14.340344
2306	2307	4.378812	0.143403	0.000000	14.340344
2306	2308	3.870650	0.143403	0.000000	14.340344
2308	2309	3.759269	0.143403	0.000000	14.340344
2309	2310	4.378789	0.143403	0.000000	14.340344
2309	2311	4.391250	0.143403	0.000000	14.340344
2311	2312	3.716459	0.143403	0.000000	14.340344
2312	2313	4.973316	0.143403	0.000000	14.340344
2312	2314	3.633713	0.143403	0.000000	14.340344
2314	2315	3.766101	0.143403	0.000000	14.340344
2315	2316	4.973585	0.143403	0.000000	14.340344
2315	2317	3.285169	0.143403	0.000000	14.340344
2317	2318	3.759761	0.143403	0.000000	14.340344
2318	2319	4.378891	0.143403	0.000000	14.340344
2318	2320	4.191047	0.143403	0.000000	14.340344
2320	2321	3.751449	0.143403	0.000000	14.340344
2321	2322	4.863682	0.143403	0.000000	14.340344
2321	2323	3.836011	0.143403	0.000000	14.340344
2323	2324	3.725067	0.143403	0.000000	14.340344
2324	2325	4.973591	0.143403	0.000000	14.340344
2324	2326	3.284815	0.143403	0.000000	14.340344
2326	2327	3.759768	0.143403	0.000000	14.340344
2327	2328	4.378709	0.143403	0.000000	14.340344
2327	2329	4.191449	0.143403	0.000000	14.340344
2329	2330	3.751541	0.143403	0.000000	14.340344
2330	2331	4.863463	0.143403	0.000000	14.340344
2330	2332	3.287309	0.143403	0.000000	14.340344
2332	2333	3.728853	0.143403	0.000000	14.340344
2333	2334	4.378603	0.143403	0.000000	14.340344
2333	2335	3.706887	0.143403	0.000000	14.340344
2335	2336	3.710134	0.143403	0.000000	14.340344
2336	2337	4.299805	0.143403	0.000000	14.340344
2336	2338	3.998891	0.143403	0.000000	14.340344
2338	2339	3.784082	0.143403	0.000000	14.340344
2339	2340	4.378877	0.143403	0.000000	14.340344
2339	2341	4.391275	0.143403	0.000000	14.340344
2341	2342	3.716102	0.143403	0.000000	14.340344
2342	2343	4.973676	0.143403	0.000000	14.340344
2342	2344	3.256033	0.143403	0.000000	14.340344
2344	2345	3.699518	0.143403	0.000000	14.340344
2345	2346	4.299629	0.143403	0.000000	14.340344
2345	2347	4.385751	0.143403	0.000000	14.340344
2347	2348	3.753397	0.143403	0.000000	14.340344
2348	2349	4.863608	0.143403	0.000000	14.340344
2348	2350	3.836258	0.143403	0.000000	14.340344
2350	2351	3.724864	0.143403	0.000000	14.340344
2351	2352	4.973442	0.143403	0.000000	14.340344
2351	2353	3.633252	0.143403	0.000000	14.340344
2353	2354	3.766779	0.143403	0.000000	14.340344
2354	2355	4.973339	0.143403	0.000000	14.340344
2354	2356	3.284757	0.143403	0.000000	14.340344
2356	2357	3.759570	0.143403	0.000000	14.340344
2357	2358	4.378640	0.143403	0.000000	14.340344
2357	2359	4.391503	0.143403	0.000000	14.340344
2359	2360	3.715729	0.143403	0.000000	14.340344
2360	2361	4.973708	0.143403	0.000000	14.340344
2360	2362	3.735922	0.143403	0.000000	14.340344
2362	2363	3.739515	0.143403	0.000000	14.340344
2363	2364	4.863636	0.143403	0.000000	14.340344
2363	2365	3.287618	0.143403	0.000000	14.340344
2365	2366	3.728721	0.143403	0.000000	14.340344
2366	2367	4.378812	0.143403	0.000000	14.340344
2366	2368	3.870777	0.143403	0.000000	14.340344
2368	2369	3.758953	0.143403	0.000000	14.340344
2369	2370	4.378902	0.143403	0.000000	14.340344
2369	2371	3.706681	0.143403	0.000000	14.340344
2371	2372	3.710447	0.143403	0.000000	14.340344
2372	2373	4.299548	0.143403	0.000000	14.340344
2372	2374	3.998551	0.143403	0.000000	14.340344
2374	2375	3.784246	0.143403	0.000000	14.340344
2375	2376	4.378777	0.143403	0.000000	14.340344
2375	2377	3.706802	0.143403	0.000000	14.340344
2377	2378	3.710434	0.143403	0.000000	14.340344
2378	2379	4.299681	0.143403	0.000000	14.340344
2378	2380	3.537808	0.143403	0.000000	14.340344
2380	2381	3.785720	0.143403	0.000000	14.340344
2381	2382	4.299777	0.143403	0.000000	14.340344
2381	2383	4.385630	0.143403	0.000000	14.340344
2383	2384	3.753363	0.143403	0.000000	14.340344
2384	2385	4.863493	0.143403	0.000000	14.340344
2384	2386	3.287273	0.143403	0.000000	14.340344
2386	2387	3.728604	0.143403	0.000000	14.340344
2387	2388	4.378757	0.143403	0.000000	14.340344
2387	2389	4.391707	0.143403	0.000000	14.340344
2389	2390	3.716252	0.143403	0.000000	14.340344
2390	2391	4.973314	0.143403	0.000000	14.340344
2390	2392	3.633494	0.143403	0.000000	14.340344
2392	2393	3.766348	0.143403	0.000000	14.340344
2393	2394	4.973360	0.143403	0.000000	14.340344
2393	2395	3.256281	0.143403	0.000000	14.340344
2395	2396	3.700104	0.143403	0.000000	14.340344
2396	2397	4.299777	0.143403	0.000000	14.340344
2396	2398	4.676005	0.143403	0.000000	14.340344
2398	2399	3.685778	0.143403	0.000000	14.340344
2399	2400	4.973456	0.143403	0.000000	14.340344
2399	2401	3.633270	0.143403	0.000000	14.340344
2401	2402	3.766433	0.143403	0.000000	14.340344
2402	2403	4.973196	0.143403	0.000000	14.340344
2402	2404	3.256774	0.143403	0.000000	14.340344
2404	2405	3.700047	0.143403	0.000000	14.340344
2405	2406	4.299552	0.143403	0.000000	14.340344
2405	2407	3.538240	0.143403	0.000000	14.340344
2407	2408	3.785686	0.143403	0.000000	14.340344
2408	2409	4.299551	0.143403	0.000000	14.340344
2408	2410	4.385810	0.143403	0.000000	14.340344
2410	2411	3.753301	0.143403	0.000000	14.340344
2411	2412	4.863771	0.143403	0.000000	14.340344
2411	2413	3.835889	0.143403	0.000000	14.340344
2413	2414	3.724970	0.143403	0.000000	14.340344
2414	2415	4.973324	0.143403	0.000000	14.340344
2414	2416	3.285014	0.143403	0.000000	14.340344
2416	2417	3.759992	0.143403	0.000000	14.340344
2417	2418	4.378675	0.143403	0.000000	14.340344
2417	2419	4.191364	0.143403	0.000000	14.340344
2419	2420	3.751327	0.143403	0.000000	14.340344
2420	2421	4.863589	0.143403	0.000000	14.340344
2420	2422	3.018513	0.143403	0.000000	14.340344
2422	2423	3.703971	0.143403	0.000000	14.340344
2423	2424	4.299632	0.143403	0.000000	14.340344
2423	2425	3.998841	0.143403	0.000000	14.340344
2425	2426	3.784620	0.143403	0.000000	14.340344
2426	2427	4.378751	0.143403	0.000000	14.340344
2426	2428	3.870384	0.143403	0.000000	14.340344
2428	2429	3.759060	0.143403	0.000000	14.340344
2429	2430	4.378877	0.143403	0.000000	14.340344
2429	2431	4.191587	0.143403	0.000000	14.340344
2431	2432	3.751820	0.143403	0.000000	14.340344
2432	2433	4.863574	0.143403	0.000000	14.340344
2432	2434	3.018555	0.143403	0.000000	14.340344
2434	2435	3.703915	0.143403	0.000000	14.340344
2435	2436	4.299755	0.143403	0.000000	14.340344
2435	2437	4.385500	0.143403	0.000000	14.340344
2437	2438	3.753324	0.143403	0.000000	14.340344
2438	2439	4.863722	0.143403	0.000000	14.340344
2438	2440	3.287454	0.143403	0.000000	14.340344
2440	2441	3.728821	0.143403	0.000000	14.340344
2441	2442	4.378603	0.143403	0.000000	14.340344
2441	2443	4.391552	0.143403	0.000000	14.340344
2443	2444	3.716307	0.143403	0.000000	14.340344
2444	2445	4.973501	0.143403	0.000000	14.340344
2444	2446	3.256476	0.143403	0.000000	14.340344
2446	2447	3.699830	0.143403	0.000000	14.340344
2447	2448	4.299739	0.143403	0.000000	14.340344
2447	2449	4.385738	0.143403	0.000000	14.340344
2449	2450	3.753444	0.143403	0.000000	14.340344
2450	2451	4.863398	0.143403	0.000000	14.340344
2450	2452	3.018413	0.143403	0.000000	14.340344
2452	2453	3.704065	0.143403	0.000000	14.340344
2453	2454	4.299666	0.143403	0.000000	14.340344
2453	2455	4.385538	0.143403	0.000000	14.340344
2455	2456	3.753302	0.143403	0.000000	14.340344
2456	2457	4.863644	0.143403	0.000000	14.340344
2456	2458	3.836054	0.143403	0.000000	14.340344
2458	2459	3.725044	0.143403	0.000000	14.340344
2459	2460	4.973334	0.143403	0.000000	14.340344
2459	2461	3.633554	0.143403	0.000000	14.340344
2461	2462	3.766538	0.143403	0.000000	14.340344
2462	2463	4.973486	0.143403	0.000000	14.340344
2462	2464	3.735795	0.143403	0.000000	14.340344
2464	2465	3.739900	0.143403	0.000000	14.340344
2465	2466	4.863688	0.143403	0.000000	14.340344
2465	2467	3.286929	0.143403	0.000000	14.340344
2467	2468	3.728905	0.143403	0.000000	14.340344
2468	2469	4.378842	0.143403	0.000000	14.340344
2468	2470	4.391181	0.143403	0.000000	14.340344
2470	2471	3.716282	0.143403	0.000000	14.340344
2471	2472	4.973344	0.143403	0.000000	14.340344
2471	2473	3.285128	0.143403	0.000000	14.340344
2473	2474	3.759997	0.143403	0.000000	14.340344
2474	2475	4.378649	0.143403	0.000000	14.340344
2474	2476	4.191536	0.143403	0.000000	14.340344
2476	2477	3.751399	0.143403	0.000000	14.340344
2477	2478	4.863750	0.143403	0.000000	14.340344
2477	2479	3.685806	0.143403	0.000000	14.340344
2479	2480	3.744345	0.143403	0.000000	14.340344
2480	2481	4.863559	0.143403	0.000000	14.340344
2480	2482	3.018329	0.143403	0.000000	14.340344
2482	2483	3.704046	0.143403	0.000000	14.340344
2483	2484	4.299796	0.143403	0.000000	14.340344
2483	2485	3.538236	0.143403	0.000000	14.340344
2485	2486	3.785746	0.143403	0.000000	14.340344
2486	2487	4.299834	0.143403	0.000000	14.340344
2486	2488	3.998729	0.143403	0.000000	14.340344
2488	2489	3.784181	0.143403	0.000000	14.340344
2489	2490	4.378833	0.143403	0.000000	14.340344
2489	2491	4.391353	0.143403	0.000000	14.340344
2491	2492	3.716172	0.143403	0.000000	14.340344
2492	2493	4.973622	0.143403	0.000000	14.340344
2492	2494	3.256321	0.143403	0.000000	14.340344
2494	2495	3.699641	0.143403	0.000000	14.340344
2495	2496	4.299854	0.143403	0.000000	14.340344
2495	2497	4.385825	0.143403	0.000000	14.340344
2497	2498	3.753228	0.143403	0.000000	14.340344
2498	2499	4.863490	0.143403	0.000000	14.340344
2498	2500	3.836266	0.143403	0.000000	14.340344
2500	2501	3.724678	0.143403	0.000000	14.340344
2501	2502	4.973409	0.143403	0.000000	14.340344
2501	2503	3.735612	0.143403	0.000000	14.340344
2503	2504	3.739744	0.143403	0.000000	14.340344
2504	2505	4.863682	0.143403	0.000000	14.340344
2504	2506	3.287007	0.143403	0.000000	14.340344
2506	2507	3.728693	0.143403	0.000000	14.340344
2507	2508	4.378786	0.143403	0.000000	14.340344
2507	2509	4.191531	0.143403	0.000000	14.340344
2509	2510	3.751492	0.143403	0.000000	14.340344
2510	2511	4.863886	0.143403	0.000000	14.340344
2510	2512	3.018727	0.143403	0.000000	14.340344
2512	2513	3.703932	0.143403	0.000000	14.340344
2513	2514	4.299851	0.143403	0.000000	14.340344
2513	2515	3.998793	0.143403	0.000000	14.340344
2515	2516	3.784470	0.143403	0.000000	14.340344
2516	2517	4.378607	0.143403	0.000000	14.340344
2516	2518	4.191427	0.143403	0.000000	14.340344
2518	2519	3.751535	0.143403	0.000000	14.340344
2519	2520	4.863825	0.143403	0.000000	14.340344
2519	2521	3.018648	0.143403	0.000000	14.340344
2521	2522	3.704229	0.143403	0.000000	14.340344
2522	2523	4.299755	0.143403	0.000000	14.340344
2522	2524	3.538232	0.143403	0.000000	14.340344
2524	2525	3.785856	0.143403	0.000000	14.340344
2525	2526	4.299587	0.143403	0.000000	14.340344
2525	2527	4.385179	0.143403	0.000000	14.340344
2527	2528	3.753519	0.143403	0.000000	14.340344
2528	2529	4.863585	0.143403	0.000000	14.340344
2528	2530	3.685697	0.143403	0.000000	14.340344
2530	2531	3.744378	0.143403	0.000000	14.340344
2531	2532	4.863928	0.143403	0.000000	14.340344
2531	2533	3.685810	0.143403	0.000000	14.340344
2533	2534	3.744852	0.143403	0.000000	14.340344
2534	2535	4.863297	0.143403	0.000000	14.340344
2534	2536	3.685566	0.143403	0.000000	14.340344
2536	2537	3.744094	0.143403	0.000000	14.340344
2537	2538	4.863788	0.143403	0.000000	14.340344
2537	2539	3.835916	0.143403	0.000000	14.340344
2539	2540	3.724829	0.143403	0.000000	14.340344
2540	2541	4.973451	0.143403	0.000000	14.340344
2540	2542	3.285089	0.143403	0.000000	14.340344
2542	2543	3.759854	0.143403	0.000000	14.340344
2543	2544	4.378723	0.143403	0.000000	14.340344
2543	2545	4.391263	0.143403	0.000000	14.340344
2545	2546	3.716347	0.143403	0.000000	14.340344
2546	2547	4.973217	0.143403	0.000000	14.340344
2546	2548	3.285246	0.143403	0.000000	14.340344
2548	2549	3.759853	0.143403	0.000000	14.340344
2549	2550	4.378681	0.143403	0.000000	14.340344
2549	2551	4.191588	0.143403	0.000000	14.340344
2551	2552	3.751475	0.143403	0.000000	14.340344
2552	2553	4.863783	0.143403	0.000000	14.340344
2552	2554	3.287294	0.143403	0.000000	14.340344
2554	2555	3.729006	0.143403	0.000000	14.340344
2555	2556	4.378638	0.143403	0.000000	14.340344
2555	2557	3.870393	0.143403	0.000000	14.340344
2557	2558	3.758952	0.143403	0.000000	14.340344
2558	2559	4.378932	0.143403	0.000000	14.340344
2558	2560	3.870428	0.143403	0.000000	14.340344
2560	2561	3.759050	0.143403	0.000000	14.340344
2561	2562	4.378589	0.143403	0.000000	14.340344
2561	2563	4.391490	0.143403	0.000000	14.340344
2563	2564	3.716380	0.143403	0.000000	14.340344
2564	2565	4.973396	0.143403	0.000000	14.340344
2564	2566	3.633437	0.143403	0.000000	14.340344
2566	2567	3.766864	0.143403	0.000000	14.340344
2567	2568	4.973203	0.143403	0.000000	14.340344
2567	2569	3.735596	0.143403	0.000000	14.340344
2569	2570	3.739577	0.143403	0.000000	14.340344
2570	2571	4.863557	0.143403	0.000000	14.340344
2570	2572	3.685992	0.143403	0.000000	14.340344
2572	2573	3.744482	0.143403	0.000000	14.340344
2573	2574	4.863667	0.143403	0.000000	14.340344
2573	2575	3.685525	0.143403	0.000000	14.340344
2575	2576	3.744499	0.143403	0.000000	14.340344
2576	2577	4.863973	0.143403	0.000000	14.340344
2576	2578	3.018478	0.143403	0.000000	14.340344
2578	2579	3.704200	0.143403	0.000000	14.340344
2579	2580	4.299623	0.143403	0.000000	14.340344
2579	2581	3.998625	0.143403	0.000000	14.340344
2581	2582	3.784465	0.143403	0.000000	14.340344
2582	2583	4.378840	0.143403	0.000000	14.340344
2582	2584	4.391739	0.143403	0.000000	14.340344
2584	2585	3.716293	0.143403	0.000000	14.340344
2585	2586	4.973308	0.143403	0.000000	14.340344
2585	2587	3.256495	0.143403	0.000000	14.340344
2587	2588	3.700097	0.143403	0.000000	14.340344
2588	2589	4.299819	0.143403	0.000000	14.340344
2588	2590	3.998577	0.143403	0.000000	14.340344
2590	2591	3.784407	0.143403	0.000000	14.340344
2591	2592	4.378923	0.143403	0.000000	14.340344
2591	2593	3.707262	0.143403	0.000000	14.340344
2593	2594	3.710317	0.143403	0.000000	14.340344
2594	2595	4.299838	0.143403	0.000000	14.340344
2594	2596	3.537938	0.143403	0.000000	14.340344
2596	2597	3.785737	0.143403	0.000000	14.340344
2597	2598	4.299567	0.143403	0.000000	14.340344
2597	2599	4.385504	0.143403	0.000000	14.340344
2599	2600	3.753352	0.143403	0.000000	14.340344
2600	2601	4.863731	0.143403	0.000000	14.340344
2600	2602	3.287348	0.143403	0.000000	14.340344
2602	2603	3.728925	0.143403	0.000000	14.340344
2603	2604	4.378621	0.143403	0.000000	14.340344
2603	2605	3.706914	0.143403	0.000000	14.340344
2605	2606	3.709896	0.143403	0.000000	14.340344
2606	2607	4.299694	0.143403	0.000000	14.340344
2606	2608	4.385772	0.143403	0.000000	14.340344
2608	2609	3.753226	0.143403	0.000000	14.340344
2609	2610	4.863536	0.143403	0.000000	14.340344
2609	2611	3.685729	0.143403	0.000000	14.340344
2611	2612	3.744372	0.143403	0.000000	14.340344
2612	2613	4.863812	0.143403	0.000000	14.340344
2612	2614	3.685939	0.143403	0.000000	14.340344
2614	2615	3.744192	0.143403	0.000000	14.340344
2615	2616	4.863670	0.143403	0.000000	14.340344
2615	2617	3.685733	0.143403	0.000000	14.340344
2617	2618	3.744548	0.143403	0.000000	14.340344
2618	2619	4.863804	0.143403	0.000000	14.340344
2618	2620	3.836112	0.143403	0.000000	14.340344
2620	2621	3.724329	0.143403	0.000000	14.340344
2621	2622	4.973628	0.143403	0.000000	14.340344
2621	2623	3.633539	0.143403	0.000000	14.340344
2623	2624	3.766517	0.143403	0.000000	14.340344
2624	2625	4.973472	0.143403	0.000000	14.340344
2624	2626	3.256103	0.143403	0.000000	14.340344
2626	2627	3.699858	0.143403	0.000000	14.340344
2627	2628	4.299325	0.143403	0.000000	14.340344
2627	2629	4.385410	0.143403	0.000000	14.340344
2629	2630	3.753368	0.143403	0.000000	14.340344
2630	2631	4.863693	0.143403	0.000000	14.340344
2630	2632	3.287284	0.143403	0.000000	14.340344
2632	2633	3.729010	0.143403	0.000000	14.340344
2633	2634	4.378538	0.143403	0.000000	14.340344
2633	2635	4.391216	0.143403	0.000000	14.340344
2635	2636	3.716188	0.143403	0.000000	14.340344
2636	2637	4.973562	0.143403	0.000000	14.340344
2636	2638	3.284743	0.143403	0.000000	14.340344
2638	2639	3.759964	0.143403	0.000000	14.340344
2639	2640	4.378535	0.143403	0.000000	14.340344
2639	2641	3.870689	0.143403	0.000000	14.340344
2641	2642	3.758878	0.143403	0.000000	14.340344
2642	2643	4.378907	0.143403	0.000000	14.340344
2642	2644	3.707390	0.143403	0.000000	14.340344
2644	2645	3.710025	0.143403	0.000000	14.340344
2645	2646	4.300238	0.143403	0.000000	14.340344
2645	2647	4.385766	0.143403	0.000000	14.340344
2647	2648	3.753511	0.143403	0.000000	14.340344
2648	2649	4.863587	0.143403	0.000000	14.340344
2648	2650	3.836230	0.143403	0.000000	14.340344
2650	2651	3.724969	0.143403	0.000000	14.340344
2651	2652	4.973430	0.143403	0.000000	14.340344
2651	2653	3.256264	0.143403	0.000000	14.340344
2653	2654	3.699655	0.143403	0.000000	14.340344
2654	2655	4.299711	0.143403	0.000000	14.340344
2654	2656	3.998609	0.143403	0.000000	14.340344
2656	2657	3.784154	0.143403	0.000000	14.340344
2657	2658	4.378713	0.143403	0.000000	14.340344
2657	2659	4.391225	0.143403	0.000000	14.340344
2659	2660	3.716136	0.143403	0.000000	14.340344
2660	2661	4.973602	0.143403	0.000000	14.340344
2660	2662	3.633541	0.143403	0.000000	14.340344
2662	2663	3.766489	0.143403	0.000000	14.340344
2663	2664	4.973437	0.143403	0.000000	14.340344
2663	2665	3.735490	0.143403	0.000000	14.340344
2665	2666	3.739728	0.143403	0.000000	14.340344
2666	2667	4.864019	0.143403	0.000000	14.340344
2666	2668	3.287054	0.143403	0.000000	14.340344
2668	2669	3.729190	0.143403	0.000000	14.340344
2669	2670	4.378760	0.143403	0.000000	14.340344
2669	2671	3.870614	0.143403	0.000000	14.340344
2671	2672	3.759189	0.143403	0.000000	14.340344
2672	2673	4.378916	0.143403	0.000000	14.340344
2672	2674	3.706567	0.143403	0.000000	14.340344
2674	2675	3.710426	0.143403	0.000000	14.340344
2675	2676	4.299403	0.143403	0.000000	14.340344
2675	2677	3.538020	0.143403	0.000000	14.340344
2677	2678	3.785962	0.143403	0.000000	14.340344
2678	2679	4.299611	0.143403	0.000000	14.340344
2678	2680	4.385671	0.143403	0.000000	14.340344
2680	2681	3.753471	0.143403	0.000000	14.340344
2681	2682	4.863613	0.143403	0.000000	14.340344
2681	2683	3.836097	0.143403	0.000000	14.340344
2683	2684	3.724627	0.143403	0.000000	14.340344
2684	2685	4.973510	0.143403	0.000000	14.340344
2684	2686	3.256322	0.143403	0.000000	14.340344
2686	2687	3.700008	0.143403	0.000000	14.340344
2687	2688	4.299661	0.143403	0.000000	14.340344
2687	2689	3.998702	0.143403	0.000000	14.340344
2689	2690	3.784513	0.143403	0.000000	14.340344
2690	2691	4.378688	0.143403	0.000000	14.340344
2690	2692	4.391573	0.143403	0.000000	14.340344
2692	2693	3.716417	0.143403	0.000000	14.340344
2693	2694	4.973246	0.143403	0.000000	14.340344
2693	2695	3.735688	0.143403	0.000000	14.340344
2695	2696	3.740022	0.143403	0.000000	14.340344
2696	2697	4.863556	0.143403	0.000000	14.340344
2696	2698	3.685587	0.143403	0.000000	14.340344
2698	2699	3.744384	0.143403	0.000000	14.340344
2699	2700	4.864014	0.143403	0.000000	14.340344
2699	2701	3.018449	0.143403	0.000000	14.340344
2701	2702	3.704003	0.143403	0.000000	14.340344
2702	2703	4.299633	0.143403	0.000000	14.340344
2702	2704	4.385417	0.143403	0.000000	14.340344
2704	2705	3.753859	0.143403	0.000000	14.340344
2705	2706	4.863705	0.143403	0.000000	14.340344
2705	2707	3.287197	0.143403	0.000000	14.340344
2707	2708	3.729070	0.143403	0.000000	14.340344
2708	2709	4.378773	0.143403	0.000000	14.340344
2708	2710	4.391108	0.143403	0.000000	14.340344
2710	2711	3.716264	0.143403	0.000000	14.340344
2711	2712	4.973427	0.143403	0.000000	14.340344
2711	2713	3.256043	0.143403	0.000000	14.340344
2713	2714	3.699863	0.143403	0.000000	14.340344
2714	2715	4.299632	0.143403	0.000000	14.340344
2714	2716	3.538305	0.143403	0.000000	14.340344
2716	2717	3.785884	0.143403	0.000000	14.340344
2717	2718	4.299944	0.143403	0.000000	14.340344
2717	2719	3.998487	0.143403	0.000000	14.340344
2719	2720	3.784522	0.143403	0.000000	14.340344
2720	2721	4.378923	0.143403	0.000000	14.340344
2720	2722	3.870575	0.143403	0.000000	14.340344
2722	2723	3.758610	0.143403	0.000000	14.340344
2723	2724	4.378616	0.143403	0.000000	14.340344
2723	2725	3.870540	0.143403	0.000000	14.340344
2725	2726	3.759193	0.143403	0.000000	14.340344
2726	2727	4.378671	0.143403	0.000000	14.340344
2726	2728	3.870665	0.143403	0.000000	14.340344
2728	2729	3.759089	0.143403	0.000000	14.340344
2729	2730	4.378807	0.143403	0.000000	14.340344
2729	2731	4.391109	0.143403	0.000000	14.340344
2731	2732	3.716374	0.143403	0.000000	14.340344
2732	2733	4.973414	0.143403	0.000000	14.340344
2732	2734	3.735455	0.143403	0.000000	14.340344
2734	2735	3.739742	0.143403	0.000000	14.340344
2735	2736	4.863629	0.143403	0.000000	14.340344
2735	2737	3.287308	0.143403	0.000000	14.340344
2737	2738	3.728920	0.143403	0.000000	14.340344
2738	2739	4.378894	0.143403	0.000000	14.340344
2738	2740	4.391246	0.143403	0.000000	14.340344
2740	2741	3.716096	0.143403	0.000000	14.340344
2741	2742	4.973354	0.143403	0.000000	14.340344
2741	2743	3.633526	0.143403	0.000000	14.340344
2743	2744	3.766315	0.143403	0.000000	14.340344
2744	2745	4.973485	0.143403	0.000000	14.340344
2744	2746	3.735603	0.143403	0.000000	14.340344
2746	2747	3.739822	0.143403	0.000000	14.340344
2747	2748	4.863743	0.143403	0.000000	14.340344
2747	2749	3.836208	0.143403	0.000000	14.340344
2749	2750	3.724523	0.143403	0.000000	14.340344
2750	2751	4.973584	0.143403	0.000000	14.340344
2750	2752	3.256186	0.143403	0.000000	14.340344
2752	2753	3.699609	0.143403	0.000000	14.340344
2753	2754	4.299581	0.143403	0.000000	14.340344
2753	2755	4.385682	0.143403	0.000000	14.340344
2755	2756	3.753344	0.143403	0.000000	14.340344
2756	2757	4.863892	0.143403	0.000000	14.340344
2756	2758	3.835559	0.143403	0.000000	14.340344
2758	2759	3.724893	0.143403	0.000000	14.340344
2759	2760	4.973289	0.143403	0.000000	14.340344
2759	2761	3.285134	0.143403	0.000000	14.340344
2761	2762	3.759725	0.143403	0.000000	14.340344
2762	2763	4.378895	0.143403	0.000000	14.340344
2762	2764	3.870504	0.143403	0.000000	14.340344
2764	2765	3.759138	0.143403	0.000000	14.340344
2765	2766	4.378791	0.143403	0.000000	14.340344
2765	2767	3.870509	0.143403	0.000000	14.340344
2767	2768	3.758894	0.143403	0.000000	14.340344
2768	2769	4.378765	0.143403	0.000000	14.340344
2768	2770	3.707114	0.143403	0.000000	14.340344
2770	2771	3.710118	0.143403	0.000000	14.340344
2771	2772	4.299682	0.143403	0.000000	14.340344
2771	2773	3.538233	0.143403	0.000000	14.340344
2773	2774	3.785371	0.143403	0.000000	14.340344
2774	2775	4.299872	0.143403	0.000000	14.340344
2774	2776	4.385888	0.143403	0.000000	14.340344
2776	2777	3.753433	0.143403	0.000000	14.340344
2777	2778	4.863409	0.143403	0.000000	14.340344
2777	2779	3.685744	0.143403	0.000000	14.340344
2779	2780	3.744176	0.143403	0.000000	14.340344
2780	2781	4.863580	0.143403	0.000000	14.340344
2780	2782	3.686162	0.143403	0.000000	14.340344
2782	2783	3.744840	0.143403	0.000000	14.340344
2783	2784	4.863737	0.143403	0.000000	14.340344
2783	2785	3.287445	0.143403	0.000000	14.340344
2785	2786	3.728926	0.143403	0.000000	14.340344
2786	2787	4.378621	0.143403	0.000000	14.340344
2786	2788	4.190945	0.143403	0.000000	14.340344
2788	2789	3.751452	0.143403	0.000000	14.340344
2789	2790	4.864024	0.143403	0.000000	14.340344
2789	2791	3.018527	0.143403	0.000000	14.340344
2791	2792	3.704130	0.143403	0.000000	14.340344
2792	2793	4.299358	0.143403	0.000000	14.340344
2792	2794	4.385920	0.143403	0.000000	14.340344
2794	2795	3.753526	0.143403	0.000000	14.340344
2795	2796	4.863815	0.143403	0.000000	14.340344
2795	2797	3.018351	0.143403	0.000000	14.340344
2797	2798	3.703816	0.143403	0.000000	14.340344
2798	2799	4.300057	0.143403	0.000000	14.340344
2798	2800	3.998610	0.143403	0.000000	14.340344
2800	2801	3.784442	0.143403	0.000000	14.340344
2801	2802	4.378723	0.143403	0.000000	14.340344
2801	2803	3.870382	0.143403	0.000000	14.340344
2803	2804	3.759058	0.143403	0.000000	14.340344
2804	2805	4.378668	0.143403	0.000000	14.340344
2804	2806	3.870357	0.143403	0.000000	14.340344
2806	2807	3.759028	0.143403	0.000000	14.340344
2807	2808	4.378727	0.143403	0.000000	14.340344
2807	2809	3.870385	0.143403	0.000000	14.340344
2809	2810	3.759131	0.143403	0.000000	14.340344
2810	2811	4.378615	0.143403	0.000000	14.340344
2810	2812	4.391545	0.143403	0.000000	14.340344
2812	2813	3.716268	0.143403	0.000000	14.340344
2813	2814	4.973254	0.143403	0.000000	14.340344
2813	2815	3.633787	0.143403	0.000000	14.340344
2815	2816	3.766473	0.143403	0.000000	14.340344
2816	2817	4.973529	0.143403	0.000000	14.340344
2816	2818	3.284959	0.143403	0.000000	14.340344
2818	2819	3.759808	0.143403	0.000000	14.340344
2819	2820	4.378875	0.143403	0.000000	14.340344
2819	2821	4.191553	0.143403	0.000000	14.340344
2821	2822	3.751657	0.143403	0.000000	14.340344
2822	2823	4.863773	0.143403	0.000000	14.340344
2822	2824	3.835872	0.143403	0.000000	14.340344
2824	2825	3.724828	0.143403	0.000000	14.340344
2825	2826	4.973192	0.143403	0.000000	14.340344
2825	2827	3.285155	0.143403	0.000000	14.340344
2827	2828	3.759702	0.143403	0.000000	14.340344
2828	2829	4.379053	0.143403	0.000000	14.340344
2828	2830	4.191392	0.143403	0.000000	14.340344
2830	2831	3.751632	0.143403	0.000000	14.340344
2831	2832	4.863231	0.143403	0.000000	14.340344
2831	2833	3.287379	0.143403	0.000000	14.340344
2833	2834	3.728907	0.143403	0.000000	14.340344
2834	2835	4.378819	0.143403	0.000000	14.340344
2834	2836	3.706967	0.143403	0.000000	14.340344
2836	2837	3.710124	0.143403	0.000000	14.340344
2837	2838	4.299652	0.143403	0.000000	14.340344
2837	2839	3.998748	0.143403	0.000000	14.340344
2839	2840	3.784507	0.143403	0.000000	14.340344
2840	2841	4.378526	0.143403	0.000000	14.340344
2840	2842	4.391375	0.143403	0.000000	14.340344
2842	2843	3.715991	0.143403	0.000000	14.340344
2843	2844	4.973541	0.143403	0.000000	14.340344
2843	2845	3.256250	0.143403	0.000000	14.340344
2845	2846	3.699497	0.143403	0.000000	14.340344
2846	2847	4.300065	0.143403	0.000000	14.340344
2846	2848	4.385668	0.143403	0.000000	14.340344
2848	2849	3.753260	0.143403	0.000000	14.340344
2849	2850	4.863565	0.143403	0.000000	14.340344
2849	2851	3.835896	0.143403	0.000000	14.340344
2851	2852	3.724755	0.143403	0.000000	14.340344
2852	2853	4.973544	0.143403	0.000000	14.340344
2852	2854	3.633295	0.143403	0.000000	14.340344
2854	2855	3.766564	0.143403	0.000000	14.340344
2855	2856	4.973579	0.143403	0.000000	14.340344
2855	2857	3.284790	0.143403	0.000000	14.340344
2857	2858	3.759690	0.143403	0.000000	14.340344
2858	2859	4.378665	0.143403	0.000000	14.340344
2858	2860	4.391349	0.143403	0.000000	14.340344
2860	2861	3.716148	0.143403	0.000000	14.340344
2861	2862	4.973386	0.143403	0.000000	14.340344
2861	2863	3.735508	0.143403	0.000000	14.340344
2863	2864	3.740284	0.143403	0.000000	14.340344
2864	2865	4.863505	0.143403	0.000000	14.340344
2864	2866	3.287068	0.143403	0.000000	14.340344
2866	2867	3.729197	0.143403	0.000000	14.340344
2867	2868	4.378795	0.143403	0.000000	14.340344
2867	2869	3.870498	0.143403	0.000000	14.340344
2869	2870	3.759216	0.143403	0.000000	14.340344
2870	2871	4.378893	0.143403	0.000000	14.340344
2870	2872	3.706630	0.143403	0.000000	14.340344
2872	2873	3.709965	0.143403	0.000000	14.340344
2873	2874	4.299630	0.143403	0.000000	14.340344
2873	2875	3.998630	0.143403	0.000000	14.340344
2875	2876	3.784357	0.143403	0.000000	14.340344
2876	2877	4.378606	0.143403	0.000000	14.340344
2876	2878	3.706824	0.143403	0.000000	14.340344
2878	2879	3.710424	0.143403	0.000000	14.340344
2879	2880	4.299452	0.143403	0.000000	14.340344
2879	2881	3.538066	0.143403	0.000000	14.340344
2881	2882	3.786038	0.143403	0.000000	14.340344
2882	2883	4.299907	0.143403	0.000000	14.340344
2882	2884	4.385527	0.143403	0.000000	14.340344
2884	2885	3.753129	0.143403	0.000000	14.340344
2885	2886	4.863469	0.143403	0.000000	14.340344
2885	2887	3.836171	0.143403	0.000000	14.340344
2887	2888	3.724621	0.143403	0.000000	14.340344
2888	2889	4.973504	0.143403	0.000000	14.340344
2890	2891	4.299966	0.143403	0.000000	14.340344
2890	2892	3.998523	0.143403	0.000000	14.340344
2892	2893	3.784416	0.143403	0.000000	14.340344
2893	2894	4.378626	0.143403	0.000000	14.340344
2893	2895	4.391670	0.143403	0.000000	14.340344
2895	2896	3.716493	0.143403	0.000000	14.340344
2896	2897	4.973485	0.143403	0.000000	14.340344
2896	2898	3.633735	0.143403	0.000000	14.340344
2898	2899	3.766483	0.143403	0.000000	14.340344
2899	2900	4.973531	0.143403	0.000000	14.340344
2899	2901	3.735823	0.143403	0.000000	14.340344
2901	2902	3.739820	0.143403	0.000000	14.340344
2902	2903	4.863560	0.143403	0.000000	14.340344
2902	2904	3.835879	0.143403	0.000000	14.340344
2904	2905	3.724842	0.143403	0.000000	14.340344
2905	2906	4.973433	0.143403	0.000000	14.340344
2905	2907	3.735947	0.143403	0.000000	14.340344
2907	2908	3.739892	0.143403	0.000000	14.340344
2908	2909	4.863710	0.143403	0.000000	14.340344
2908	2910	3.689637	0.143403	0.000000	14.340344
2910	2911	3.744992	0.143403	0.000000	14.340344
2911	2912	4.863711	0.143403	0.000000	14.340344
2911	2913	3.287160	0.143403	0.000000	14.340344
2913	2914	3.729155	0.143403	0.000000	14.340344
2914	2915	4.378733	0.143403	0.000000	14.340344
2914	2916	3.707095	0.143403	0.000000	14.340344
2916	2917	3.710280	0.143403	0.000000	14.340344
2917	2918	4.299785	0.143403	0.000000	14.340344
2917	2919	4.385376	0.143403	0.000000	14.340344
2919	2920	3.753227	0.143403	0.000000	14.340344
2920	2921	4.863664	0.143403	0.000000	14.340344
2920	2922	3.018542	0.143403	0.000000	14.340344
2922	2923	3.704125	0.143403	0.000000	14.340344
2923	2924	4.299661	0.143403	0.000000	14.340344
2923	2925	3.538137	0.143403	0.000000	14.340344
2925	2926	3.785549	0.143403	0.000000	14.340344
2926	2927	4.299822	0.143403	0.000000	14.340344
2926	2928	3.998904	0.143403	0.000000	14.340344
2928	2929	3.784679	0.143403	0.000000	14.340344
2929	2930	4.378885	0.143403	0.000000	14.340344
2929	2931	4.391292	0.143403	0.000000	14.340344
2931	2932	3.716394	0.143403	0.000000	14.340344
2932	2933	4.973273	0.143403	0.000000	14.340344
2932	2934	3.256362	0.143403	0.000000	14.340344
2934	2935	3.699822	0.143403	0.000000	14.340344
2935	2936	4.299876	0.143403	0.000000	14.340344
2935	2937	4.385491	0.143403	0.000000	14.340344
2937	2938	3.753286	0.143403	0.000000	14.340344
2938	2939	4.863786	0.143403	0.000000	14.340344
2938	2940	3.835902	0.143403	0.000000	14.340344
2940	2941	3.724637	0.143403	0.000000	14.340344
2941	2942	4.973722	0.143403	0.000000	14.340344
2941	2943	3.735418	0.143403	0.000000	14.340344
2943	2944	3.739528	0.143403	0.000000	14.340344
2944	2945	4.863798	0.143403	0.000000	14.340344
2944	2946	3.287124	0.143403	0.000000	14.340344
2946	2947	3.728956	0.143403	0.000000	14.340344
2947	2948	4.378726	0.143403	0.000000	14.340344
2947	2949	4.191276	0.143403	0.000000	14.340344
2949	2950	3.751422	0.143403	0.000000	14.340344
2950	2951	4.863532	0.143403	0.000000	14.340344
2950	2952	3.018801	0.143403	0.000000	14.340344
2952	2953	3.704300	0.143403	0.000000	14.340344
2953	2954	4.299660	0.143403	0.000000	14.340344
2953	2955	3.998747	0.143403	0.000000	14.340344
2955	2956	3.784581	0.143403	0.000000	14.340344
2956	2957	4.378924	0.143403	0.000000	14.340344
2956	2958	4.191487	0.143403	0.000000	14.340344
2958	2959	3.751459	0.143403	0.000000	14.340344
2959	2960	4.863793	0.143403	0.000000	14.340344
2959	2961	3.018624	0.143403	0.000000	14.340344
2961	2962	3.703843	0.143403	0.000000	14.340344
2962	2963	4.299916	0.143403	0.000000	14.340344
2962	2964	3.538184	0.143403	0.000000	14.340344
2964	2965	3.785448	0.143403	0.000000	14.340344
2965	2966	4.299954	0.143403	0.000000	14.340344
2965	2967	4.385844	0.143403	0.000000	14.340344
2967	2968	3.753121	0.143403	0.000000	14.340344
2968	2969	4.863686	0.143403	0.000000	14.340344
2968	2970	3.689915	0.143403	0.000000	14.340344
2970	2971	3.744895	0.143403	0.000000	14.340344
2971	2972	4.863782	0.143403	0.000000	14.340344
2971	2973	3.689600	0.143403	0.000000	14.340344
2973	2974	3.745002	0.143403	0.000000	14.340344
2974	2975	4.863697	0.143403	0.000000	14.340344
2974	2976	3.689682	0.143403	0.000000	14.340344
2976	2977	3.745092	0.143403	0.000000	14.340344
2977	2978	4.863707	0.143403	0.000000	14.340344
2977	2979	3.836142	0.143403	0.000000	14.340344
2979	2980	3.724792	0.143403	0.000000	14.340344
2980	2981	4.973523	0.143403	0.000000	14.340344
2980	2982	3.285306	0.143403	0.000000	14.340344
2982	2983	3.759963	0.143403	0.000000	14.340344
2983	2984	4.378880	0.143403	0.000000	14.340344
2983	2985	4.391455	0.143403	0.000000	14.340344
2985	2986	3.716340	0.143403	0.000000	14.340344
2986	2987	4.973601	0.143403	0.000000	14.340344
2986	2988	3.284850	0.143403	0.000000	14.340344
2988	2989	3.759848	0.143403	0.000000	14.340344
2989	2990	4.378633	0.143403	0.000000	14.340344
2989	2991	4.191388	0.143403	0.000000	14.340344
2991	2992	3.751411	0.143403	0.000000	14.340344
2992	2993	4.863723	0.143403	0.000000	14.340344
2992	2994	3.287227	0.143403	0.000000	14.340344
2994	2995	3.728664	0.143403	0.000000	14.340344
2995	2996	4.378984	0.143403	0.000000	14.340344
2995	2997	3.865881	0.143403	0.000000	14.340344
2997	2998	3.758431	0.143403	0.000000	14.340344
2998	2999	4.378704	0.143403	0.000000	14.340344
2998	3000	3.866193	0.143403	0.000000	14.340344
3000	3001	3.758230	0.143403	0.000000	14.340344
3001	3002	4.378759	0.143403	0.000000	14.340344
3001	3003	4.391302	0.143403	0.000000	14.340344
3003	3004	3.716267	0.143403	0.000000	14.340344
3004	3005	4.973480	0.143403	0.000000	14.340344
3004	3006	3.633671	0.143403	0.000000	14.340344
3006	3007	3.766301	0.143403	0.000000	14.340344
3007	3008	4.973693	0.143403	0.000000	14.340344
3007	3009	3.735638	0.143403	0.000000	14.340344
3009	3010	3.739941	0.143403	0.000000	14.340344
3010	3011	4.863470	0.143403	0.000000	14.340344
3010	3012	3.689573	0.143403	0.000000	14.340344
3012	3013	3.745054	0.143403	0.000000	14.340344
3013	3014	4.863406	0.143403	0.000000	14.340344
3013	3015	3.690001	0.143403	0.000000	14.340344
3015	3016	3.744921	0.143403	0.000000	14.340344
3016	3017	4.863705	0.143403	0.000000	14.340344
3016	3018	3.018456	0.143403	0.000000	14.340344
3018	3019	3.704095	0.143403	0.000000	14.340344
3019	3020	4.299613	0.143403	0.000000	14.340344
3019	3021	3.998701	0.143403	0.000000	14.340344
3021	3022	3.784385	0.143403	0.000000	14.340344
3022	3023	4.378787	0.143403	0.000000	14.340344
3022	3024	4.391520	0.143403	0.000000	14.340344
3024	3025	3.716434	0.143403	0.000000	14.340344
3025	3026	4.973479	0.143403	0.000000	14.340344
3025	3027	3.256295	0.143403	0.000000	14.340344
3027	3028	3.699944	0.143403	0.000000	14.340344
3028	3029	4.299874	0.143403	0.000000	14.340344
3028	3030	3.998815	0.143403	0.000000	14.340344
3030	3031	3.784339	0.143403	0.000000	14.340344
3031	3032	4.378988	0.143403	0.000000	14.340344
3031	3033	3.707202	0.143403	0.000000	14.340344
3033	3034	3.710467	0.143403	0.000000	14.340344
3034	3035	4.299629	0.143403	0.000000	14.340344
3034	3036	3.538089	0.143403	0.000000	14.340344
3036	3037	3.785866	0.143403	0.000000	14.340344
3037	3038	4.299783	0.143403	0.000000	14.340344
3037	3039	4.385376	0.143403	0.000000	14.340344
3039	3040	3.753621	0.143403	0.000000	14.340344
3040	3041	4.863645	0.143403	0.000000	14.340344
3040	3042	3.287205	0.143403	0.000000	14.340344
3042	3043	3.728969	0.143403	0.000000	14.340344
3043	3044	4.378766	0.143403	0.000000	14.340344
3043	3045	3.706862	0.143403	0.000000	14.340344
3045	3046	3.709834	0.143403	0.000000	14.340344
3046	3047	4.299608	0.143403	0.000000	14.340344
3046	3048	4.385778	0.143403	0.000000	14.340344
3048	3049	3.753371	0.143403	0.000000	14.340344
3049	3050	4.863938	0.143403	0.000000	14.340344
3049	3051	3.689506	0.143403	0.000000	14.340344
3051	3052	3.745001	0.143403	0.000000	14.340344
3052	3053	4.863876	0.143403	0.000000	14.340344
3052	3054	3.689637	0.143403	0.000000	14.340344
3054	3055	3.744689	0.143403	0.000000	14.340344
3055	3056	4.863743	0.143403	0.000000	14.340344
3055	3057	3.689799	0.143403	0.000000	14.340344
3057	3058	3.745297	0.143403	0.000000	14.340344
3058	3059	4.863790	0.143403	0.000000	14.340344
3058	3060	3.835979	0.143403	0.000000	14.340344
3060	3061	3.724699	0.143403	0.000000	14.340344
3061	3062	4.973831	0.143403	0.000000	14.340344
3061	3063	3.633493	0.143403	0.000000	14.340344
3063	3064	3.765980	0.143403	0.000000	14.340344
3064	3065	4.973500	0.143403	0.000000	14.340344
3064	3066	3.256392	0.143403	0.000000	14.340344
3066	3067	3.699552	0.143403	0.000000	14.340344
3067	3068	4.299710	0.143403	0.000000	14.340344
3067	3069	4.385737	0.143403	0.000000	14.340344
3069	3070	3.753444	0.143403	0.000000	14.340344
3070	3071	4.863565	0.143403	0.000000	14.340344
3070	3072	3.287425	0.143403	0.000000	14.340344
3072	3073	3.728830	0.143403	0.000000	14.340344
3073	3074	4.378405	0.143403	0.000000	14.340344
3073	3075	4.391285	0.143403	0.000000	14.340344
3075	3076	3.716230	0.143403	0.000000	14.340344
3076	3077	4.973324	0.143403	0.000000	14.340344
3076	3078	3.285070	0.143403	0.000000	14.340344
3078	3079	3.759687	0.143403	0.000000	14.340344
3079	3080	4.378811	0.143403	0.000000	14.340344
3079	3081	3.866048	0.143403	0.000000	14.340344
3081	3082	3.758598	0.143403	0.000000	14.340344
3082	3083	4.378715	0.143403	0.000000	14.340344
3082	3084	3.706989	0.143403	0.000000	14.340344
3084	3085	3.710256	0.143403	0.000000	14.340344
3085	3086	4.299814	0.143403	0.000000	14.340344
3085	3087	4.385722	0.143403	0.000000	14.340344
3087	3088	3.753094	0.143403	0.000000	14.340344
3088	3089	4.863790	0.143403	0.000000	14.340344
3088	3090	3.836095	0.143403	0.000000	14.340344
3090	3091	3.725058	0.143403	0.000000	14.340344
3091	3092	4.973304	0.143403	0.000000	14.340344
3091	3093	3.256314	0.143403	0.000000	14.340344
3093	3094	3.700072	0.143403	0.000000	14.340344
3094	3095	4.299513	0.143403	0.000000	14.340344
3094	3096	3.998847	0.143403	0.000000	14.340344
3096	3097	3.784457	0.143403	0.000000	14.340344
3097	3098	4.378880	0.143403	0.000000	14.340344
3097	3099	4.391493	0.143403	0.000000	14.340344
3099	3100	3.715864	0.143403	0.000000	14.340344
3100	3101	4.973389	0.143403	0.000000	14.340344
3100	3102	3.634029	0.143403	0.000000	14.340344
3102	3103	3.766169	0.143403	0.000000	14.340344
3103	3104	4.973475	0.143403	0.000000	14.340344
3103	3105	3.735880	0.143403	0.000000	14.340344
3105	3106	3.739644	0.143403	0.000000	14.340344
3106	3107	4.863607	0.143403	0.000000	14.340344
3106	3108	3.689945	0.143403	0.000000	14.340344
3108	3109	3.744964	0.143403	0.000000	14.340344
3109	3110	4.863537	0.143403	0.000000	14.340344
3109	3111	3.287298	0.143403	0.000000	14.340344
3111	3112	3.729198	0.143403	0.000000	14.340344
3112	3113	4.378687	0.143403	0.000000	14.340344
3112	3114	3.707286	0.143403	0.000000	14.340344
3114	3115	3.710309	0.143403	0.000000	14.340344
3115	3116	4.299710	0.143403	0.000000	14.340344
3115	3117	3.537938	0.143403	0.000000	14.340344
3117	3118	3.785723	0.143403	0.000000	14.340344
3118	3119	4.299530	0.143403	0.000000	14.340344
3118	3120	4.385509	0.143403	0.000000	14.340344
3120	3121	3.753296	0.143403	0.000000	14.340344
3121	3122	4.863774	0.143403	0.000000	14.340344
3121	3123	3.835985	0.143403	0.000000	14.340344
3123	3124	3.725162	0.143403	0.000000	14.340344
3124	3125	4.973410	0.143403	0.000000	14.340344
3124	3126	3.256156	0.143403	0.000000	14.340344
3126	3127	3.699658	0.143403	0.000000	14.340344
3127	3128	4.299644	0.143403	0.000000	14.340344
3127	3129	3.998693	0.143403	0.000000	14.340344
3129	3130	3.784449	0.143403	0.000000	14.340344
3130	3131	4.378768	0.143403	0.000000	14.340344
3130	3132	4.391492	0.143403	0.000000	14.340344
3132	3133	3.716276	0.143403	0.000000	14.340344
3133	3134	4.973382	0.143403	0.000000	14.340344
3133	3135	3.735468	0.143403	0.000000	14.340344
3135	3136	3.740013	0.143403	0.000000	14.340344
3136	3137	4.863783	0.143403	0.000000	14.340344
3136	3138	3.689436	0.143403	0.000000	14.340344
3138	3139	3.745399	0.143403	0.000000	14.340344
3139	3140	4.863726	0.143403	0.000000	14.340344
3139	3141	3.018180	0.143403	0.000000	14.340344
3141	3142	3.704168	0.143403	0.000000	14.340344
3142	3143	4.299628	0.143403	0.000000	14.340344
3142	3144	4.385615	0.143403	0.000000	14.340344
3144	3145	3.753345	0.143403	0.000000	14.340344
3145	3146	4.863698	0.143403	0.000000	14.340344
3145	3147	3.287262	0.143403	0.000000	14.340344
3147	3148	3.728975	0.143403	0.000000	14.340344
3148	3149	4.378691	0.143403	0.000000	14.340344
3148	3150	4.391111	0.143403	0.000000	14.340344
3150	3151	3.716285	0.143403	0.000000	14.340344
3151	3152	4.973273	0.143403	0.000000	14.340344
3151	3153	3.256089	0.143403	0.000000	14.340344
3153	3154	3.699896	0.143403	0.000000	14.340344
3154	3155	4.299696	0.143403	0.000000	14.340344
3154	3156	3.538099	0.143403	0.000000	14.340344
3156	3157	3.785449	0.143403	0.000000	14.340344
3157	3158	4.299664	0.143403	0.000000	14.340344
3157	3159	3.998753	0.143403	0.000000	14.340344
3159	3160	3.784638	0.143403	0.000000	14.340344
3160	3161	4.378675	0.143403	0.000000	14.340344
3160	3162	3.865762	0.143403	0.000000	14.340344
3162	3163	3.758167	0.143403	0.000000	14.340344
3163	3164	4.378866	0.143403	0.000000	14.340344
3163	3165	3.866228	0.143403	0.000000	14.340344
3165	3166	3.758709	0.143403	0.000000	14.340344
3166	3167	4.378603	0.143403	0.000000	14.340344
3166	3168	3.865989	0.143403	0.000000	14.340344
3168	3169	3.758605	0.143403	0.000000	14.340344
3169	3170	4.378607	0.143403	0.000000	14.340344
3169	3171	4.391509	0.143403	0.000000	14.340344
3171	3172	3.716427	0.143403	0.000000	14.340344
3172	3173	4.973178	0.143403	0.000000	14.340344
3172	3174	3.735622	0.143403	0.000000	14.340344
3174	3175	3.739636	0.143403	0.000000	14.340344
3175	3176	4.863768	0.143403	0.000000	14.340344
3175	3177	3.287160	0.143403	0.000000	14.340344
3177	3178	3.728979	0.143403	0.000000	14.340344
3178	3179	4.378859	0.143403	0.000000	14.340344
3178	3180	4.391190	0.143403	0.000000	14.340344
3180	3181	3.716196	0.143403	0.000000	14.340344
3181	3182	4.973434	0.143403	0.000000	14.340344
3181	3183	3.633463	0.143403	0.000000	14.340344
3183	3184	3.766150	0.143403	0.000000	14.340344
3184	3185	4.973517	0.143403	0.000000	14.340344
3184	3186	3.735690	0.143403	0.000000	14.340344
3186	3187	3.739489	0.143403	0.000000	14.340344
3187	3188	4.863893	0.143403	0.000000	14.340344
3187	3189	3.836203	0.143403	0.000000	14.340344
3189	3190	3.724520	0.143403	0.000000	14.340344
3190	3191	4.973721	0.143403	0.000000	14.340344
3190	3192	3.256047	0.143403	0.000000	14.340344
3192	3193	3.699760	0.143403	0.000000	14.340344
3193	3194	4.299750	0.143403	0.000000	14.340344
3193	3195	4.385687	0.143403	0.000000	14.340344
3195	3196	3.753305	0.143403	0.000000	14.340344
3196	3197	4.863799	0.143403	0.000000	14.340344
3196	3198	3.836023	0.143403	0.000000	14.340344
3198	3199	3.724936	0.143403	0.000000	14.340344
3199	3200	4.973396	0.143403	0.000000	14.340344
3199	3201	3.284954	0.143403	0.000000	14.340344
3201	3202	3.760064	0.143403	0.000000	14.340344
3202	3203	4.378719	0.143403	0.000000	14.340344
3202	3204	3.865830	0.143403	0.000000	14.340344
3204	3205	3.758474	0.143403	0.000000	14.340344
3205	3206	4.378824	0.143403	0.000000	14.340344
3205	3207	3.866094	0.143403	0.000000	14.340344
3207	3208	3.758378	0.143403	0.000000	14.340344
3208	3209	4.378822	0.143403	0.000000	14.340344
3208	3210	3.707140	0.143403	0.000000	14.340344
3210	3211	3.710337	0.143403	0.000000	14.340344
3211	3212	4.299800	0.143403	0.000000	14.340344
3211	3213	3.538153	0.143403	0.000000	14.340344
3213	3214	3.785506	0.143403	0.000000	14.340344
3214	3215	4.299716	0.143403	0.000000	14.340344
3214	3216	4.385671	0.143403	0.000000	14.340344
3216	3217	3.753307	0.143403	0.000000	14.340344
3217	3218	4.863869	0.143403	0.000000	14.340344
3217	3219	3.689861	0.143403	0.000000	14.340344
3219	3220	3.744693	0.143403	0.000000	14.340344
3220	3221	4.863814	0.143403	0.000000	14.340344
3220	3222	3.689557	0.143403	0.000000	14.340344
3222	3223	3.745074	0.143403	0.000000	14.340344
3223	3224	4.863541	0.143403	0.000000	14.340344
3223	3225	3.287289	0.143403	0.000000	14.340344
3225	3226	3.728563	0.143403	0.000000	14.340344
3226	3227	4.378757	0.143403	0.000000	14.340344
3226	3228	4.191312	0.143403	0.000000	14.340344
3228	3229	3.751894	0.143403	0.000000	14.340344
3229	3230	4.863698	0.143403	0.000000	14.340344
3229	3231	3.018347	0.143403	0.000000	14.340344
3231	3232	3.704200	0.143403	0.000000	14.340344
3232	3233	4.299385	0.143403	0.000000	14.340344
3232	3234	4.385784	0.143403	0.000000	14.340344
3234	3235	3.753047	0.143403	0.000000	14.340344
3235	3236	4.863779	0.143403	0.000000	14.340344
3235	3237	3.018395	0.143403	0.000000	14.340344
3237	3238	3.704024	0.143403	0.000000	14.340344
3238	3239	4.299508	0.143403	0.000000	14.340344
3238	3240	3.998795	0.143403	0.000000	14.340344
3240	3241	3.784546	0.143403	0.000000	14.340344
3241	3242	4.378778	0.143403	0.000000	14.340344
3241	3243	3.865790	0.143403	0.000000	14.340344
3243	3244	3.758410	0.143403	0.000000	14.340344
3244	3245	4.378804	0.143403	0.000000	14.340344
3244	3246	3.866125	0.143403	0.000000	14.340344
3246	3247	3.758394	0.143403	0.000000	14.340344
3247	3248	4.378898	0.143403	0.000000	14.340344
3247	3249	3.866162	0.143403	0.000000	14.340344
3249	3250	3.758378	0.143403	0.000000	14.340344
3250	3251	4.378647	0.143403	0.000000	14.340344
3250	3252	4.391185	0.143403	0.000000	14.340344
3252	3253	3.716267	0.143403	0.000000	14.340344
3253	3254	4.973363	0.143403	0.000000	14.340344
3253	3255	3.633404	0.143403	0.000000	14.340344
3255	3256	3.766385	0.143403	0.000000	14.340344
3256	3257	4.973385	0.143403	0.000000	14.340344
3256	3258	3.284999	0.143403	0.000000	14.340344
3258	3259	3.759924	0.143403	0.000000	14.340344
3259	3260	4.378800	0.143403	0.000000	14.340344
3259	3261	4.191655	0.143403	0.000000	14.340344
3261	3262	3.751374	0.143403	0.000000	14.340344
3262	3263	4.863672	0.143403	0.000000	14.340344
3262	3264	3.835845	0.143403	0.000000	14.340344
3264	3265	3.725000	0.143403	0.000000	14.340344
3265	3266	4.973596	0.143403	0.000000	14.340344
3265	3267	3.284798	0.143403	0.000000	14.340344
3267	3268	3.759842	0.143403	0.000000	14.340344
3268	3269	4.378417	0.143403	0.000000	14.340344
3268	3270	4.191469	0.143403	0.000000	14.340344
3270	3271	3.751238	0.143403	0.000000	14.340344
3271	3272	4.863861	0.143403	0.000000	14.340344
3271	3273	3.287242	0.143403	0.000000	14.340344
3273	3274	3.728992	0.143403	0.000000	14.340344
3274	3275	4.378794	0.143403	0.000000	14.340344
3274	3276	3.707030	0.143403	0.000000	14.340344
3276	3277	3.710357	0.143403	0.000000	14.340344
3277	3278	4.299752	0.143403	0.000000	14.340344
3277	3279	3.998489	0.143403	0.000000	14.340344
3279	3280	3.784423	0.143403	0.000000	14.340344
3280	3281	4.378656	0.143403	0.000000	14.340344
3280	3282	4.391445	0.143403	0.000000	14.340344
3282	3283	3.716519	0.143403	0.000000	14.340344
3283	3284	4.973292	0.143403	0.000000	14.340344
3283	3285	3.256062	0.143403	0.000000	14.340344
3285	3286	3.699619	0.143403	0.000000	14.340344
3286	3287	4.299855	0.143403	0.000000	14.340344
3286	3288	4.385782	0.143403	0.000000	14.340344
3288	3289	3.753229	0.143403	0.000000	14.340344
3289	3290	4.863790	0.143403	0.000000	14.340344
3289	3291	3.835975	0.143403	0.000000	14.340344
3291	3292	3.724815	0.143403	0.000000	14.340344
3292	3293	4.973627	0.143403	0.000000	14.340344
3292	3294	3.633352	0.143403	0.000000	14.340344
3294	3295	3.766335	0.143403	0.000000	14.340344
3295	3296	4.973528	0.143403	0.000000	14.340344
3295	3297	3.285055	0.143403	0.000000	14.340344
3297	3298	3.759929	0.143403	0.000000	14.340344
3298	3299	4.378672	0.143403	0.000000	14.340344
3298	3300	3.866076	0.143403	0.000000	14.340344
3300	3301	3.758395	0.143403	0.000000	14.340344
3301	3302	4.378745	0.143403	0.000000	14.340344
3301	3303	4.191381	0.143403	0.000000	14.340344
3303	3304	3.751711	0.143403	0.000000	14.340344
3304	3305	4.863711	0.143403	0.000000	14.340344
3304	3306	3.018371	0.143403	0.000000	14.340344
3306	3307	3.703999	0.143403	0.000000	14.340344
3307	3308	4.299726	0.143403	0.000000	14.340344
3307	3309	4.385378	0.143403	0.000000	14.340344
3309	3310	3.753685	0.143403	0.000000	14.340344
3310	3311	4.863559	0.143403	0.000000	14.340344
3310	3312	3.287444	0.143403	0.000000	14.340344
3312	3313	3.729042	0.143403	0.000000	14.340344
3313	3314	4.378907	0.143403	0.000000	14.340344
3313	3315	3.706844	0.143403	0.000000	14.340344
3315	3316	3.710009	0.143403	0.000000	14.340344
3316	3317	4.299667	0.143403	0.000000	14.340344
3316	3318	3.538175	0.143403	0.000000	14.340344
3318	3319	3.785907	0.143403	0.000000	14.340344
3319	3320	4.299745	0.143403	0.000000	14.340344
3319	3321	3.998489	0.143403	0.000000	14.340344
3321	3322	3.784487	0.143403	0.000000	14.340344
3322	3323	4.378608	0.143403	0.000000	14.340344
3322	3324	4.391544	0.143403	0.000000	14.340344
3324	3325	3.716377	0.143403	0.000000	14.340344
3325	3326	4.973441	0.143403	0.000000	14.340344
3325	3327	3.285046	0.143403	0.000000	14.340344
3327	3328	3.760137	0.143403	0.000000	14.340344
3328	3329	4.378793	0.143403	0.000000	14.340344
3328	3330	4.391156	0.143403	0.000000	14.340344
3330	3331	3.716299	0.143403	0.000000	14.340344
3331	3332	4.973331	0.143403	0.000000	14.340344
3331	3333	3.256337	0.143403	0.000000	14.340344
3333	3334	3.699884	0.143403	0.000000	14.340344
3334	3335	4.299771	0.143403	0.000000	14.340344
3334	3336	4.385670	0.143403	0.000000	14.340344
3336	3337	3.753533	0.143403	0.000000	14.340344
3337	3338	4.863598	0.143403	0.000000	14.340344
3337	3339	3.287296	0.143403	0.000000	14.340344
3339	3340	3.728883	0.143403	0.000000	14.340344
3340	3341	4.378865	0.143403	0.000000	14.340344
3340	3342	4.391349	0.143403	0.000000	14.340344
3342	3343	3.716118	0.143403	0.000000	14.340344
3343	3344	4.973564	0.143403	0.000000	14.340344
3343	3345	3.285383	0.143403	0.000000	14.340344
3345	3346	3.759754	0.143403	0.000000	14.340344
3346	3347	4.378663	0.143403	0.000000	14.340344
3346	3348	4.191585	0.143403	0.000000	14.340344
3348	3349	3.751240	0.143403	0.000000	14.340344
3349	3350	4.863580	0.143403	0.000000	14.340344
3349	3351	3.689755	0.143403	0.000000	14.340344
3351	3352	3.744794	0.143403	0.000000	14.340344
3352	3353	4.863462	0.143403	0.000000	14.340344
3352	3354	3.836298	0.143403	0.000000	14.340344
3354	3355	3.724747	0.143403	0.000000	14.340344
3355	3356	4.973346	0.143403	0.000000	14.340344
3355	3357	3.285012	0.143403	0.000000	14.340344
3357	3358	3.759730	0.143403	0.000000	14.340344
3358	3359	4.378818	0.143403	0.000000	14.340344
3358	3360	4.191432	0.143403	0.000000	14.340344
3360	3361	3.751561	0.143403	0.000000	14.340344
3361	3362	4.863698	0.143403	0.000000	14.340344
3361	3363	3.018584	0.143403	0.000000	14.340344
3363	3364	3.704303	0.143403	0.000000	14.340344
3364	3365	4.299493	0.143403	0.000000	14.340344
3364	3366	3.998562	0.143403	0.000000	14.340344
3366	3367	3.784467	0.143403	0.000000	14.340344
3367	3368	4.378790	0.143403	0.000000	14.340344
3367	3369	4.391424	0.143403	0.000000	14.340344
3369	3370	3.716362	0.143403	0.000000	14.340344
3370	3371	4.973446	0.143403	0.000000	14.340344
3370	3372	3.633151	0.143403	0.000000	14.340344
3372	3373	3.766494	0.143403	0.000000	14.340344
3373	3374	4.973600	0.143403	0.000000	14.340344
3373	3375	3.256072	0.143403	0.000000	14.340344
3375	3376	3.699972	0.143403	0.000000	14.340344
3376	3377	4.299868	0.143403	0.000000	14.340344
3376	3378	3.538073	0.143403	0.000000	14.340344
3378	3379	3.785920	0.143403	0.000000	14.340344
3379	3380	4.299734	0.143403	0.000000	14.340344
3379	3381	4.675864	0.143403	0.000000	14.340344
3381	3382	3.685796	0.143403	0.000000	14.340344
3382	3383	4.973060	0.143403	0.000000	14.340344
3382	3384	3.256137	0.143403	0.000000	14.340344
3384	3385	3.700024	0.143403	0.000000	14.340344
3385	3386	4.299773	0.143403	0.000000	14.340344
3385	3387	3.538010	0.143403	0.000000	14.340344
3387	3388	3.785336	0.143403	0.000000	14.340344
3388	3389	4.299848	0.143403	0.000000	14.340344
3388	3390	4.385338	0.143403	0.000000	14.340344
3390	3391	3.753370	0.143403	0.000000	14.340344
3391	3392	4.863662	0.143403	0.000000	14.340344
3391	3393	3.287524	0.143403	0.000000	14.340344
3393	3394	3.729173	0.143403	0.000000	14.340344
3394	3395	4.378492	0.143403	0.000000	14.340344
3394	3396	4.391783	0.143403	0.000000	14.340344
3396	3397	3.716046	0.143403	0.000000	14.340344
3397	3398	4.973358	0.143403	0.000000	14.340344
3397	3399	3.633471	0.143403	0.000000	14.340344
3399	3400	3.766228	0.143403	0.000000	14.340344
3400	3401	4.973649	0.143403	0.000000	14.340344
3400	3402	3.735626	0.143403	0.000000	14.340344
3402	3403	3.739504	0.143403	0.000000	14.340344
3403	3404	4.863872	0.143403	0.000000	14.340344
3403	3405	3.835922	0.143403	0.000000	14.340344
3405	3406	3.725165	0.143403	0.000000	14.340344
3406	3407	4.973317	0.143403	0.000000	14.340344
3406	3408	3.735528	0.143403	0.000000	14.340344
3408	3409	3.739532	0.143403	0.000000	14.340344
3409	3410	4.863560	0.143403	0.000000	14.340344
3409	3411	3.689956	0.143403	0.000000	14.340344
3411	3412	3.745046	0.143403	0.000000	14.340344
3412	3413	4.863592	0.143403	0.000000	14.340344
3412	3414	3.287622	0.143403	0.000000	14.340344
3414	3415	3.728655	0.143403	0.000000	14.340344
3415	3416	4.378695	0.143403	0.000000	14.340344
3415	3417	3.706911	0.143403	0.000000	14.340344
3417	3418	3.710208	0.143403	0.000000	14.340344
3418	3419	4.299838	0.143403	0.000000	14.340344
3418	3420	4.385414	0.143403	0.000000	14.340344
3420	3421	3.753268	0.143403	0.000000	14.340344
3421	3422	4.863813	0.143403	0.000000	14.340344
3421	3423	3.018536	0.143403	0.000000	14.340344
3423	3424	3.704351	0.143403	0.000000	14.340344
3424	3425	4.299377	0.143403	0.000000	14.340344
3424	3426	3.538076	0.143403	0.000000	14.340344
3426	3427	3.785598	0.143403	0.000000	14.340344
3427	3428	4.299841	0.143403	0.000000	14.340344
3427	3429	3.998683	0.143403	0.000000	14.340344
3429	3430	3.784259	0.143403	0.000000	14.340344
3430	3431	4.378704	0.143403	0.000000	14.340344
3430	3432	4.391337	0.143403	0.000000	14.340344
3432	3433	3.716615	0.143403	0.000000	14.340344
3433	3434	4.973288	0.143403	0.000000	14.340344
3433	3435	3.256395	0.143403	0.000000	14.340344
3435	3436	3.699887	0.143403	0.000000	14.340344
3436	3437	4.299715	0.143403	0.000000	14.340344
3436	3438	4.385639	0.143403	0.000000	14.340344
3438	3439	3.753283	0.143403	0.000000	14.340344
3439	3440	4.863825	0.143403	0.000000	14.340344
3439	3441	3.836062	0.143403	0.000000	14.340344
3441	3442	3.725000	0.143403	0.000000	14.340344
3442	3443	4.973360	0.143403	0.000000	14.340344
3442	3444	3.735507	0.143403	0.000000	14.340344
3444	3445	3.739688	0.143403	0.000000	14.340344
3445	3446	4.863727	0.143403	0.000000	14.340344
3445	3447	3.287278	0.143403	0.000000	14.340344
3447	3448	3.728534	0.143403	0.000000	14.340344
3448	3449	4.378427	0.143403	0.000000	14.340344
3448	3450	4.191401	0.143403	0.000000	14.340344
3450	3451	3.751557	0.143403	0.000000	14.340344
3451	3452	4.863839	0.143403	0.000000	14.340344
3451	3453	3.018558	0.143403	0.000000	14.340344
3453	3454	3.703926	0.143403	0.000000	14.340344
3454	3455	4.299591	0.143403	0.000000	14.340344
3454	3456	3.998782	0.143403	0.000000	14.340344
3456	3457	3.784406	0.143403	0.000000	14.340344
3457	3458	4.378979	0.143403	0.000000	14.340344
3457	3459	4.191323	0.143403	0.000000	14.340344
3459	3460	3.751488	0.143403	0.000000	14.340344
3460	3461	4.863679	0.143403	0.000000	14.340344
3460	3462	3.018309	0.143403	0.000000	14.340344
3462	3463	3.703949	0.143403	0.000000	14.340344
3463	3464	4.300003	0.143403	0.000000	14.340344
3463	3465	3.538398	0.143403	0.000000	14.340344
3465	3466	3.785680	0.143403	0.000000	14.340344
3466	3467	4.299838	0.143403	0.000000	14.340344
3466	3468	4.385549	0.143403	0.000000	14.340344
3468	3469	3.753122	0.143403	0.000000	14.340344
3469	3470	4.863842	0.143403	0.000000	14.340344
3469	3471	3.689756	0.143403	0.000000	14.340344
3471	3472	3.744842	0.143403	0.000000	14.340344
3472	3473	4.863819	0.143403	0.000000	14.340344
3472	3474	3.689725	0.143403	0.000000	14.340344
3474	3475	3.745439	0.143403	0.000000	14.340344
3475	3476	4.863531	0.143403	0.000000	14.340344
3475	3477	3.689750	0.143403	0.000000	14.340344
3477	3478	3.745030	0.143403	0.000000	14.340344
3478	3479	4.863685	0.143403	0.000000	14.340344
3478	3480	3.835915	0.143403	0.000000	14.340344
3480	3481	3.724900	0.143403	0.000000	14.340344
3481	3482	4.973191	0.143403	0.000000	14.340344
3481	3483	3.284987	0.143403	0.000000	14.340344
3483	3484	3.759549	0.143403	0.000000	14.340344
3484	3485	4.378656	0.143403	0.000000	14.340344
3484	3486	4.391617	0.143403	0.000000	14.340344
3486	3487	3.715917	0.143403	0.000000	14.340344
3487	3488	4.973363	0.143403	0.000000	14.340344
3487	3489	3.284924	0.143403	0.000000	14.340344
3489	3490	3.760188	0.143403	0.000000	14.340344
3490	3491	4.378703	0.143403	0.000000	14.340344
3490	3492	4.191366	0.143403	0.000000	14.340344
3492	3493	3.751194	0.143403	0.000000	14.340344
3493	3494	4.863425	0.143403	0.000000	14.340344
3493	3495	3.287517	0.143403	0.000000	14.340344
3495	3496	3.728993	0.143403	0.000000	14.340344
3496	3497	4.378846	0.143403	0.000000	14.340344
3496	3498	3.865803	0.143403	0.000000	14.340344
3498	3499	3.758697	0.143403	0.000000	14.340344
3499	3500	4.378691	0.143403	0.000000	14.340344
3499	3501	3.866015	0.143403	0.000000	14.340344
3501	3502	3.758355	0.143403	0.000000	14.340344
3502	3503	4.378921	0.143403	0.000000	14.340344
3502	3504	4.391594	0.143403	0.000000	14.340344
3504	3505	3.716501	0.143403	0.000000	14.340344
3505	3506	4.973537	0.143403	0.000000	14.340344
3505	3507	3.633148	0.143403	0.000000	14.340344
3507	3508	3.766141	0.143403	0.000000	14.340344
3508	3509	4.973554	0.143403	0.000000	14.340344
3508	3510	3.735690	0.143403	0.000000	14.340344
3510	3511	3.739668	0.143403	0.000000	14.340344
3511	3512	4.863745	0.143403	0.000000	14.340344
3511	3513	3.689703	0.143403	0.000000	14.340344
3513	3514	3.744923	0.143403	0.000000	14.340344
3514	3515	4.863779	0.143403	0.000000	14.340344
3514	3516	3.689628	0.143403	0.000000	14.340344
3516	3517	3.744826	0.143403	0.000000	14.340344
3517	3518	4.863577	0.143403	0.000000	14.340344
3517	3519	3.018407	0.143403	0.000000	14.340344
3519	3520	3.703853	0.143403	0.000000	14.340344
3520	3521	4.299648	0.143403	0.000000	14.340344
3520	3522	3.998902	0.143403	0.000000	14.340344
3522	3523	3.784079	0.143403	0.000000	14.340344
3523	3524	4.378648	0.143403	0.000000	14.340344
3523	3525	4.391606	0.143403	0.000000	14.340344
3525	3526	3.716300	0.143403	0.000000	14.340344
3526	3527	4.973355	0.143403	0.000000	14.340344
3526	3528	3.256489	0.143403	0.000000	14.340344
3528	3529	3.699930	0.143403	0.000000	14.340344
3529	3530	4.299708	0.143403	0.000000	14.340344
3529	3531	3.998579	0.143403	0.000000	14.340344
3531	3532	3.784555	0.143403	0.000000	14.340344
3532	3533	4.378782	0.143403	0.000000	14.340344
3532	3534	3.706967	0.143403	0.000000	14.340344
3534	3535	3.710150	0.143403	0.000000	14.340344
3535	3536	4.299957	0.143403	0.000000	14.340344
3535	3537	3.538112	0.143403	0.000000	14.340344
3537	3538	3.785912	0.143403	0.000000	14.340344
3538	3539	4.299720	0.143403	0.000000	14.340344
3538	3540	4.385454	0.143403	0.000000	14.340344
3540	3541	3.753451	0.143403	0.000000	14.340344
3541	3542	4.863891	0.143403	0.000000	14.340344
3541	3543	3.287251	0.143403	0.000000	14.340344
3543	3544	3.729096	0.143403	0.000000	14.340344
3544	3545	4.379098	0.143403	0.000000	14.340344
3544	3546	3.706809	0.143403	0.000000	14.340344
3546	3547	3.710030	0.143403	0.000000	14.340344
3547	3548	4.299706	0.143403	0.000000	14.340344
3547	3549	4.385644	0.143403	0.000000	14.340344
3549	3550	3.753649	0.143403	0.000000	14.340344
3550	3551	4.863680	0.143403	0.000000	14.340344
3550	3552	3.689642	0.143403	0.000000	14.340344
3552	3553	3.744810	0.143403	0.000000	14.340344
3553	3554	4.863768	0.143403	0.000000	14.340344
3553	3555	3.689477	0.143403	0.000000	14.340344
3555	3556	3.745059	0.143403	0.000000	14.340344
3556	3557	4.863672	0.143403	0.000000	14.340344
3556	3558	3.689601	0.143403	0.000000	14.340344
3558	3559	3.744855	0.143403	0.000000	14.340344
3559	3560	4.863456	0.143403	0.000000	14.340344
3559	3561	3.835792	0.143403	0.000000	14.340344
3561	3562	3.724788	0.143403	0.000000	14.340344
3562	3563	4.973230	0.143403	0.000000	14.340344
3562	3564	3.633300	0.143403	0.000000	14.340344
3564	3565	3.766590	0.143403	0.000000	14.340344
3565	3566	4.973332	0.143403	0.000000	14.340344
3565	3567	3.256346	0.143403	0.000000	14.340344
3567	3568	3.699807	0.143403	0.000000	14.340344
3568	3569	4.299870	0.143403	0.000000	14.340344
3568	3570	4.385950	0.143403	0.000000	14.340344
3570	3571	3.753294	0.143403	0.000000	14.340344
3571	3572	4.864000	0.143403	0.000000	14.340344
3571	3573	3.287276	0.143403	0.000000	14.340344
3573	3574	3.728794	0.143403	0.000000	14.340344
3574	3575	4.378761	0.143403	0.000000	14.340344
3574	3576	4.391811	0.143403	0.000000	14.340344
3576	3577	3.716254	0.143403	0.000000	14.340344
3577	3578	4.973242	0.143403	0.000000	14.340344
3577	3579	3.285188	0.143403	0.000000	14.340344
3579	3580	3.759749	0.143403	0.000000	14.340344
3580	3581	4.378595	0.143403	0.000000	14.340344
3580	3582	3.866148	0.143403	0.000000	14.340344
3582	3583	3.758803	0.143403	0.000000	14.340344
3583	3584	4.378805	0.143403	0.000000	14.340344
3583	3585	3.706876	0.143403	0.000000	14.340344
3585	3586	3.710479	0.143403	0.000000	14.340344
3586	3587	4.299645	0.143403	0.000000	14.340344
3586	3588	4.385485	0.143403	0.000000	14.340344
3588	3589	3.753259	0.143403	0.000000	14.340344
3589	3590	4.863394	0.143403	0.000000	14.340344
3589	3591	3.836113	0.143403	0.000000	14.340344
3591	3592	3.725119	0.143403	0.000000	14.340344
3592	3593	4.973246	0.143403	0.000000	14.340344
3592	3594	3.256295	0.143403	0.000000	14.340344
3594	3595	3.699668	0.143403	0.000000	14.340344
3595	3596	4.300127	0.143403	0.000000	14.340344
3595	3597	3.998394	0.143403	0.000000	14.340344
3597	3598	3.784485	0.143403	0.000000	14.340344
3598	3599	4.378966	0.143403	0.000000	14.340344
3598	3600	4.391166	0.143403	0.000000	14.340344
3600	3601	3.716607	0.143403	0.000000	14.340344
3601	3602	4.973122	0.143403	0.000000	14.340344
3601	3603	3.633390	0.143403	0.000000	14.340344
3603	3604	3.766539	0.143403	0.000000	14.340344
3604	3605	4.973423	0.143403	0.000000	14.340344
3604	3606	3.735686	0.143403	0.000000	14.340344
3606	3607	3.739620	0.143403	0.000000	14.340344
3607	3608	4.863895	0.143403	0.000000	14.340344
3607	3609	3.689599	0.143403	0.000000	14.340344
3609	3610	3.744981	0.143403	0.000000	14.340344
3610	3611	4.863893	0.143403	0.000000	14.340344
3610	3612	3.287286	0.143403	0.000000	14.340344
3612	3613	3.728768	0.143403	0.000000	14.340344
3613	3614	4.378657	0.143403	0.000000	14.340344
3613	3615	3.707057	0.143403	0.000000	14.340344
3615	3616	3.710615	0.143403	0.000000	14.340344
3616	3617	4.299507	0.143403	0.000000	14.340344
3616	3618	3.538172	0.143403	0.000000	14.340344
3618	3619	3.785906	0.143403	0.000000	14.340344
3619	3620	4.299853	0.143403	0.000000	14.340344
3619	3621	4.385476	0.143403	0.000000	14.340344
3621	3622	3.752934	0.143403	0.000000	14.340344
3622	3623	4.863982	0.143403	0.000000	14.340344
3622	3624	3.836023	0.143403	0.000000	14.340344
3624	3625	3.725224	0.143403	0.000000	14.340344
3625	3626	4.973519	0.143403	0.000000	14.340344
3625	3627	3.256044	0.143403	0.000000	14.340344
3627	3628	3.699945	0.143403	0.000000	14.340344
3628	3629	4.299723	0.143403	0.000000	14.340344
3628	3630	3.998478	0.143403	0.000000	14.340344
3630	3631	3.784235	0.143403	0.000000	14.340344
3631	3632	4.378997	0.143403	0.000000	14.340344
3631	3633	4.391647	0.143403	0.000000	14.340344
3633	3634	3.716373	0.143403	0.000000	14.340344
3634	3635	4.973491	0.143403	0.000000	14.340344
3634	3636	3.735508	0.143403	0.000000	14.340344
3636	3637	3.739659	0.143403	0.000000	14.340344
3637	3638	4.863622	0.143403	0.000000	14.340344
3637	3639	3.689620	0.143403	0.000000	14.340344
3639	3640	3.744818	0.143403	0.000000	14.340344
3640	3641	4.863575	0.143403	0.000000	14.340344
3640	3642	3.018069	0.143403	0.000000	14.340344
3642	3643	3.704336	0.143403	0.000000	14.340344
3643	3644	4.299612	0.143403	0.000000	14.340344
3643	3645	4.385228	0.143403	0.000000	14.340344
3645	3646	3.753346	0.143403	0.000000	14.340344
3646	3647	4.863841	0.143403	0.000000	14.340344
3646	3648	3.287194	0.143403	0.000000	14.340344
3648	3649	3.729014	0.143403	0.000000	14.340344
3649	3650	4.378717	0.143403	0.000000	14.340344
3649	3651	4.391296	0.143403	0.000000	14.340344
3651	3652	3.716257	0.143403	0.000000	14.340344
3652	3653	4.973385	0.143403	0.000000	14.340344
3652	3654	3.256103	0.143403	0.000000	14.340344
3654	3655	3.699875	0.143403	0.000000	14.340344
3655	3656	4.299776	0.143403	0.000000	14.340344
3655	3657	3.537949	0.143403	0.000000	14.340344
3657	3658	3.785869	0.143403	0.000000	14.340344
3658	3659	4.299723	0.143403	0.000000	14.340344
3658	3660	3.998741	0.143403	0.000000	14.340344
3660	3661	3.784225	0.143403	0.000000	14.340344
3661	3662	4.378749	0.143403	0.000000	14.340344
3661	3663	3.865774	0.143403	0.000000	14.340344
3663	3664	3.758402	0.143403	0.000000	14.340344
3664	3665	4.378748	0.143403	0.000000	14.340344
3664	3666	3.865991	0.143403	0.000000	14.340344
3666	3667	3.758294	0.143403	0.000000	14.340344
3667	3668	4.378713	0.143403	0.000000	14.340344
3667	3669	3.866336	0.143403	0.000000	14.340344
3669	3670	3.758411	0.143403	0.000000	14.340344
3670	3671	4.378873	0.143403	0.000000	14.340344
3670	3672	4.391551	0.143403	0.000000	14.340344
3672	3673	3.716336	0.143403	0.000000	14.340344
3673	3674	4.973171	0.143403	0.000000	14.340344
3673	3675	3.735563	0.143403	0.000000	14.340344
3675	3676	3.739837	0.143403	0.000000	14.340344
3676	3677	4.863429	0.143403	0.000000	14.340344
3676	3678	3.287707	0.143403	0.000000	14.340344
3678	3679	3.728959	0.143403	0.000000	14.340344
3679	3680	4.378798	0.143403	0.000000	14.340344
3679	3681	4.391070	0.143403	0.000000	14.340344
3681	3682	3.716359	0.143403	0.000000	14.340344
3682	3683	4.973449	0.143403	0.000000	14.340344
3682	3684	3.633613	0.143403	0.000000	14.340344
3684	3685	3.766310	0.143403	0.000000	14.340344
3685	3686	4.973690	0.143403	0.000000	14.340344
3685	3687	3.735459	0.143403	0.000000	14.340344
3687	3688	3.739775	0.143403	0.000000	14.340344
3688	3689	4.863705	0.143403	0.000000	14.340344
3688	3690	3.836120	0.143403	0.000000	14.340344
3690	3691	3.724884	0.143403	0.000000	14.340344
3691	3692	4.973246	0.143403	0.000000	14.340344
3691	3693	3.256341	0.143403	0.000000	14.340344
3693	3694	3.699869	0.143403	0.000000	14.340344
3694	3695	4.299461	0.143403	0.000000	14.340344
3694	3696	4.385910	0.143403	0.000000	14.340344
3696	3697	3.753024	0.143403	0.000000	14.340344
3697	3698	4.863843	0.143403	0.000000	14.340344
3697	3699	3.836038	0.143403	0.000000	14.340344
3699	3700	3.724759	0.143403	0.000000	14.340344
3700	3701	4.973383	0.143403	0.000000	14.340344
3700	3702	3.285060	0.143403	0.000000	14.340344
3702	3703	3.759906	0.143403	0.000000	14.340344
3703	3704	4.378606	0.143403	0.000000	14.340344
3703	3705	3.866147	0.143403	0.000000	14.340344
3705	3706	3.758406	0.143403	0.000000	14.340344
3706	3707	4.378766	0.143403	0.000000	14.340344
3706	3708	3.866179	0.143403	0.000000	14.340344
3708	3709	3.758439	0.143403	0.000000	14.340344
3709	3710	4.378822	0.143403	0.000000	14.340344
3709	3711	3.706966	0.143403	0.000000	14.340344
3711	3712	3.710072	0.143403	0.000000	14.340344
3712	3713	4.299572	0.143403	0.000000	14.340344
3712	3714	3.538004	0.143403	0.000000	14.340344
3714	3715	3.785693	0.143403	0.000000	14.340344
3715	3716	4.299944	0.143403	0.000000	14.340344
3715	3717	4.385690	0.143403	0.000000	14.340344
3717	3718	3.753440	0.143403	0.000000	14.340344
3718	3719	4.863899	0.143403	0.000000	14.340344
3718	3720	3.689701	0.143403	0.000000	14.340344
3720	3721	3.744709	0.143403	0.000000	14.340344
3721	3722	4.863861	0.143403	0.000000	14.340344
3721	3723	3.689770	0.143403	0.000000	14.340344
3723	3724	3.744838	0.143403	0.000000	14.340344
3724	3725	4.863614	0.143403	0.000000	14.340344
3724	3726	3.287360	0.143403	0.000000	14.340344
3726	3727	3.729018	0.143403	0.000000	14.340344
3727	3728	4.378733	0.143403	0.000000	14.340344
3727	3729	4.191344	0.143403	0.000000	14.340344
3729	3730	3.751561	0.143403	0.000000	14.340344
3730	3731	4.863712	0.143403	0.000000	14.340344
3730	3732	3.018432	0.143403	0.000000	14.340344
3732	3733	3.704097	0.143403	0.000000	14.340344
3733	3734	4.299507	0.143403	0.000000	14.340344
3733	3735	4.385587	0.143403	0.000000	14.340344
3735	3736	3.753124	0.143403	0.000000	14.340344
3736	3737	4.863637	0.143403	0.000000	14.340344
3736	3738	3.018548	0.143403	0.000000	14.340344
3738	3739	3.704197	0.143403	0.000000	14.340344
3739	3740	4.299840	0.143403	0.000000	14.340344
3739	3741	3.998157	0.143403	0.000000	14.340344
3741	3742	3.784650	0.143403	0.000000	14.340344
3742	3743	4.379103	0.143403	0.000000	14.340344
3742	3744	3.865867	0.143403	0.000000	14.340344
3744	3745	3.758315	0.143403	0.000000	14.340344
3745	3746	4.378848	0.143403	0.000000	14.340344
3745	3747	3.866155	0.143403	0.000000	14.340344
3747	3748	3.758336	0.143403	0.000000	14.340344
3748	3749	4.378591	0.143403	0.000000	14.340344
3748	3750	3.866171	0.143403	0.000000	14.340344
3750	3751	3.758716	0.143403	0.000000	14.340344
3751	3752	4.378836	0.143403	0.000000	14.340344
3751	3753	4.391123	0.143403	0.000000	14.340344
3753	3754	3.716400	0.143403	0.000000	14.340344
3754	3755	4.973329	0.143403	0.000000	14.340344
3754	3756	3.633730	0.143403	0.000000	14.340344
3756	3757	3.766557	0.143403	0.000000	14.340344
3757	3758	4.973104	0.143403	0.000000	14.340344
3757	3759	3.285458	0.143403	0.000000	14.340344
3759	3760	3.760081	0.143403	0.000000	14.340344
3760	3761	4.378661	0.143403	0.000000	14.340344
3760	3762	4.191380	0.143403	0.000000	14.340344
3762	3763	3.751833	0.143403	0.000000	14.340344
3763	3764	4.863358	0.143403	0.000000	14.340344
3763	3765	3.835923	0.143403	0.000000	14.340344
3765	3766	3.725030	0.143403	0.000000	14.340344
3766	3767	4.973397	0.143403	0.000000	14.340344
3766	3768	3.284636	0.143403	0.000000	14.340344
3768	3769	3.759793	0.143403	0.000000	14.340344
3769	3770	4.378883	0.143403	0.000000	14.340344
3769	3771	4.191340	0.143403	0.000000	14.340344
3771	3772	3.751745	0.143403	0.000000	14.340344
3772	3773	4.863543	0.143403	0.000000	14.340344
3772	3774	3.287261	0.143403	0.000000	14.340344
3774	3775	3.728574	0.143403	0.000000	14.340344
3775	3776	4.378889	0.143403	0.000000	14.340344
3775	3777	3.707090	0.143403	0.000000	14.340344
3777	3778	3.710548	0.143403	0.000000	14.340344
3778	3779	4.299742	0.143403	0.000000	14.340344
3778	3780	3.998519	0.143403	0.000000	14.340344
3780	3781	3.784406	0.143403	0.000000	14.340344
3781	3782	4.378601	0.143403	0.000000	14.340344
3781	3783	4.391798	0.143403	0.000000	14.340344
3783	3784	3.716088	0.143403	0.000000	14.340344
3784	3785	4.973195	0.143403	0.000000	14.340344
3784	3786	3.256573	0.143403	0.000000	14.340344
3786	3787	3.699706	0.143403	0.000000	14.340344
3787	3788	4.299811	0.143403	0.000000	14.340344
3787	3789	4.385305	0.143403	0.000000	14.340344
3789	3790	3.753422	0.143403	0.000000	14.340344
3790	3791	4.863565	0.143403	0.000000	14.340344
3790	3792	3.836057	0.143403	0.000000	14.340344
3792	3793	3.724840	0.143403	0.000000	14.340344
3793	3794	4.973544	0.143403	0.000000	14.340344
3793	3795	3.633201	0.143403	0.000000	14.340344
3795	3796	3.766398	0.143403	0.000000	14.340344
3796	3797	4.973660	0.143403	0.000000	14.340344
3796	3798	3.284828	0.143403	0.000000	14.340344
3798	3799	3.760030	0.143403	0.000000	14.340344
3799	3800	4.378933	0.143403	0.000000	14.340344
3799	3801	3.865845	0.143403	0.000000	14.340344
3801	3802	3.758788	0.143403	0.000000	14.340344
3802	3803	4.378707	0.143403	0.000000	14.340344
3802	3804	4.191151	0.143403	0.000000	14.340344
3804	3805	3.751476	0.143403	0.000000	14.340344
3805	3806	4.863857	0.143403	0.000000	14.340344
3805	3807	3.018123	0.143403	0.000000	14.340344
3807	3808	3.704011	0.143403	0.000000	14.340344
3808	3809	4.299607	0.143403	0.000000	14.340344
3808	3810	4.385591	0.143403	0.000000	14.340344
3810	3811	3.753409	0.143403	0.000000	14.340344
3811	3812	4.863557	0.143403	0.000000	14.340344
3811	3813	3.287428	0.143403	0.000000	14.340344
3813	3814	3.728964	0.143403	0.000000	14.340344
3814	3815	4.378757	0.143403	0.000000	14.340344
3814	3816	3.707178	0.143403	0.000000	14.340344
3816	3817	3.710377	0.143403	0.000000	14.340344
3817	3818	4.299829	0.143403	0.000000	14.340344
3817	3819	3.537951	0.143403	0.000000	14.340344
3819	3820	3.786129	0.143403	0.000000	14.340344
3820	3821	4.299600	0.143403	0.000000	14.340344
3820	3822	3.998714	0.143403	0.000000	14.340344
3822	3823	3.784471	0.143403	0.000000	14.340344
3823	3824	4.378766	0.143403	0.000000	14.340344
3823	3825	4.391252	0.143403	0.000000	14.340344
3825	3826	3.716160	0.143403	0.000000	14.340344
3826	3827	4.973571	0.143403	0.000000	14.340344
3826	3828	3.285010	0.143403	0.000000	14.340344
3828	3829	3.760044	0.143403	0.000000	14.340344
3829	3830	4.378795	0.143403	0.000000	14.340344
