1950	1949	1951	114.229453	105.640535
1949	1951	1952	94.460161	110.898662
1951	1952	1953	105.069570	105.640535
1951	1952	1954	119.057982	71.701721
1953	1952	1954	113.818855	49.235182
1952	1954	1955	95.109331	65.248566
1954	1955	1956	107.530201	49.235182
1954	1955	1957	116.035134	71.701721
1956	1955	1957	112.203491	85.564054
1955	1957	1958	95.307228	87.954111
1957	1958	1959	112.795983	85.564054
1957	1958	1960	120.487964	71.701721
1959	1958	1960	110.103429	66.443595
1958	1960	1961	97.926051	39.435946
1960	1961	1962	112.654999	66.443595
1960	1961	1963	121.513041	71.701721
1962	1961	1963	114.664370	91.539197
1961	1963	1964	94.975388	105.640535
1963	1964	1965	108.065681	91.539197
1963	1964	1966	117.469876	71.701721
1965	1964	1966	111.923832	88.432122
1964	1966	1967	95.238034	35.133843
1966	1967	1968	99.447166	88.432122
1966	1967	1969	111.709125	71.701721
1968	1967	1969	113.398493	49.235182
1967	1969	1970	93.993098	65.248566
1969	1970	1971	111.734113	49.235182
1969	1970	1972	124.732685	71.701721
1971	1970	1972	111.142107	105.640535
1970	1972	1973	97.638383	110.898662
1972	1973	1974	98.582854	105.640535
1972	1973	1975	117.080672	71.701721
1974	1973	1975	113.982607	28.680688
1973	1975	1976	94.883981	54.971319
1975	1976	1977	108.409413	28.680688
1975	1976	1978	122.374512	71.701721
1977	1976	1978	113.874257	109.942639
1976	1978	1979	94.782655	84.847036
1978	1979	1980	108.828282	109.942639
1978	1979	1981	112.868662	71.701721
1980	1979	1981	114.222865	105.640535
1979	1981	1982	94.458630	110.898662
1981	1982	1983	105.070771	105.640535
1981	1982	1984	120.348257	71.701721
1983	1982	1984	112.056952	66.443595
1982	1984	1985	98.897358	39.435946
1984	1985	1986	103.514622	66.443595
1984	1985	1987	122.440310	71.701721
1986	1985	1987	111.008886	85.564054
1985	1987	1988	97.473726	87.954111
1987	1988	1989	97.808894	85.564054
1987	1988	1990	113.755655	71.701721
1989	1988	1990	113.395944	49.235182
1988	1990	1991	93.997093	65.248566
1990	1991	1992	111.730074	49.235182
1990	1991	1993	120.393002	71.701721
1992	1991	1993	118.267952	80.305927
1991	1993	1994	92.666405	54.493308
1993	1994	1995	103.129195	80.305927
1993	1994	1996	119.550058	71.701721
1995	1994	1996	113.825469	49.235182
1994	1996	1997	95.106584	65.248566
1996	1997	1998	107.528766	49.235182
1996	1997	1999	116.033955	71.701721
1998	1997	1999	112.192996	85.564054
1997	1999	2000	95.308308	87.954111
1999	2000	2001	112.796824	85.564054
1999	2000	2002	122.183165	71.701721
2001	2000	2002	114.658046	91.539197
2000	2002	2003	94.980960	105.640535
2002	2003	2004	108.063811	91.539197
2002	2003	2005	117.464674	71.701721
2004	2003	2005	111.927611	88.432122
2003	2005	2006	95.232092	35.133843
2005	2006	2007	99.442393	88.432122
2005	2006	2008	117.235846	71.701721
2007	2006	2008	113.980276	28.680688
2006	2008	2009	94.890776	54.971319
2008	2009	2010	108.410904	28.680688
2008	2009	2011	114.684352	71.701721
2010	2009	2011	114.217418	105.640535
2009	2011	2012	94.472934	110.898662
2011	2012	2013	105.064078	105.640535
2011	2012	2014	121.099539	71.701721
2013	2012	2014	111.013958	85.564054
2012	2014	2015	97.472679	87.954111
2014	2015	2016	97.808486	85.564054
2014	2015	2017	119.317074	71.701721
2016	2015	2017	113.983500	28.680688
2015	2017	2018	94.882114	54.971319
2017	2018	2019	108.421579	28.680688
2017	2018	2020	114.666504	71.701721
2019	2018	2020	114.228487	105.640535
2018	2020	2021	94.455752	110.898662
2020	2021	2022	105.069108	105.640535
2020	2021	2023	120.350479	71.701721
2022	2021	2023	112.051544	66.443595
2021	2023	2024	98.908452	39.435946
2023	2024	2025	103.504182	66.443595
2023	2024	2026	120.442215	71.701721
2025	2024	2026	113.828698	49.235182
2024	2026	2027	95.103288	65.248566
2026	2027	2028	107.536649	49.235182
2026	2027	2029	122.870647	71.701721
2028	2027	2029	113.885007	109.942639
2027	2029	2030	94.778252	84.847036
2029	2030	2031	108.829583	109.942639
2029	2030	2032	120.687337	71.701721
2031	2030	2032	113.883750	109.942639
2030	2032	2033	94.776850	84.847036
2032	2033	2034	108.824959	109.942639
2032	2033	2035	120.685022	71.701721
2034	2033	2035	113.879249	109.942639
2033	2035	2036	94.783756	84.847036
2035	2036	2037	108.823278	109.942639
2035	2036	2038	113.826063	71.701721
2037	2036	2038	112.197649	85.564054
2036	2038	2039	95.311595	87.954111
2038	2039	2040	112.796369	85.564054
2038	2039	2041	122.933225	71.701721
2040	2039	2041	111.144883	105.640535
2039	2041	2042	97.645540	110.898662
2041	2042	2043	98.574227	105.640535
2041	2042	2044	111.502718	71.701721
2043	2042	2044	113.392220	49.235182
2042	2044	2045	93.997596	65.248566
2044	2045	2046	111.738224	49.235182
2044	2045	2047	124.731703	71.701721
2046	2045	2047	111.149318	105.640535
2045	2047	2048	97.643138	110.898662
2047	2048	2049	98.580816	105.640535
2047	2048	2050	117.089899	71.701721
2049	2048	2050	113.987301	28.680688
2048	2050	2051	94.882708	54.971319
2050	2051	2052	108.414528	28.680688
2050	2051	2053	119.218928	71.701721
2052	2051	2053	111.931786	88.432122
2051	2053	2054	95.231179	35.133843
2053	2054	2055	99.443235	88.432122
2053	2054	2056	119.307595	71.701721
2055	2054	2056	113.575113	109.942639
2054	2056	2057	95.150451	84.847036
2056	2057	2058	98.260806	109.942639
2056	2057	2059	121.091028	71.701721
2058	2057	2059	113.579720	109.942639
2057	2059	2060	95.151781	84.847036
2059	2060	2061	98.266634	109.942639
2059	2060	2062	113.480042	71.701721
2061	2060	2062	113.397950	49.235182
2060	2062	2063	94.003497	65.248566
2062	2063	2064	111.734313	49.235182
2062	2063	2065	122.321603	71.701721
2064	2063	2065	110.101652	66.443595
2063	2065	2066	97.924804	39.435946
2065	2066	2067	112.660500	66.443595
2065	2066	2068	121.509716	71.701721
2067	2066	2068	114.662474	91.539197
2066	2068	2069	94.973006	105.640535
2068	2069	2070	108.066220	91.539197
2068	2069	2071	120.819473	71.701721
2070	2069	2071	113.879562	109.942639
2069	2071	2072	94.778069	84.847036
2071	2072	2073	108.836113	109.942639
2071	2072	2074	120.686342	71.701721
2073	2072	2074	113.875720	109.942639
2072	2074	2075	94.777044	84.847036
2074	2075	2076	108.827800	109.942639
2074	2075	2077	112.870100	71.701721
2076	2075	2077	114.222623	105.640535
2075	2077	2078	94.460630	110.898662
2077	2078	2079	105.066372	105.640535
2077	2078	2080	121.097087	71.701721
2079	2078	2080	111.005986	85.564054
2078	2080	2081	97.477095	87.954111
2080	2081	2082	97.807233	85.564054
2080	2081	2083	113.756464	71.701721
2082	2081	2083	113.401370	49.235182
2081	2083	2084	93.995054	65.248566
2083	2084	2085	111.731637	49.235182
2083	2084	2086	120.391546	71.701721
2085	2084	2086	118.267749	80.305927
2084	2086	2087	92.661770	54.493308
2086	2087	2088	103.133965	80.305927
2086	2087	2089	121.497640	71.701721
2088	2087	2089	111.011496	85.564054
2087	2089	2090	97.473963	87.954111
2089	2090	2091	97.806591	85.564054
2089	2090	2092	114.158277	71.701721
2091	2090	2092	115.455491	91.539197
2090	2092	2093	93.068457	105.640535
2092	2093	2094	103.850544	91.539197
2092	2093	2095	122.536156	71.701721
2094	2093	2095	112.048260	66.443595
2093	2095	2096	98.911147	39.435946
2095	2096	2097	103.501040	66.443595
2095	2096	2098	120.438052	71.701721
2097	2096	2098	113.819990	49.235182
2096	2098	2099	95.107561	65.248566
2098	2099	2100	107.533162	49.235182
2098	2099	2101	119.645378	71.701721
2100	2099	2101	111.928354	88.432122
2099	2101	2102	95.236626	35.133843
2101	2102	2103	99.440642	88.432122
2101	2102	2104	112.081879	71.701721
2103	2102	2104	115.461261	91.539197
2102	2104	2105	93.066460	105.640535
2104	2105	2106	103.848865	91.539197
2104	2105	2107	121.239927	71.701721
2106	2105	2107	113.824396	49.235182
2105	2107	2108	95.116233	65.248566
2107	2108	2109	107.524678	49.235182
2107	2108	2110	122.884420	71.701721
2109	2108	2110	113.873348	109.942639
2108	2110	2111	94.791361	84.847036
2110	2111	2112	108.824470	109.942639
2110	2111	2113	120.694614	71.701721
2112	2111	2113	113.878825	109.942639
2111	2113	2114	94.783399	84.847036
2113	2114	2115	108.830459	109.942639
2113	2114	2116	120.692815	71.701721
2115	2114	2116	113.880932	109.942639
2114	2116	2117	94.779615	84.847036
2116	2117	2118	108.828592	109.942639
2116	2117	2119	113.820368	71.701721
2118	2117	2119	112.197705	85.564054
2117	2119	2120	95.310048	87.954111
2119	2120	2121	112.793694	85.564054
2119	2120	2122	120.486531	71.701721
2121	2120	2122	110.109195	66.443595
2120	2122	2123	97.928135	39.435946
2122	2123	2124	112.655078	66.443595
2122	2123	2125	118.023130	71.701721
2124	2123	2125	118.272348	80.305927
2123	2125	2126	92.661361	54.493308
2125	2126	2127	103.145279	80.305927
2125	2126	2128	119.549311	71.701721
2127	2126	2128	113.819629	49.235182
2126	2128	2129	95.107223	65.248566
2128	2129	2130	107.535903	49.235182
2128	2129	2131	119.633096	71.701721
2130	2129	2131	111.934364	88.432122
2129	2131	2132	95.230388	35.133843
2131	2132	2133	99.445556	88.432122
2131	2132	2134	111.717460	71.701721
2133	2132	2134	113.400450	49.235182
2132	2134	2135	93.991497	65.248566
2134	2135	2136	111.739992	49.235182
2134	2135	2137	124.722048	71.701721
2136	2135	2137	111.147623	105.640535
2135	2137	2138	97.640577	110.898662
2137	2138	2139	98.574147	105.640535
2137	2138	2140	119.173408	71.701721
2139	2138	2140	113.573541	109.942639
2138	2140	2141	95.153234	84.847036
2140	2141	2142	98.267612	109.942639
2140	2141	2143	113.871066	71.701721
2142	2141	2143	115.456579	91.539197
2141	2143	2144	93.071988	105.640535
2143	2144	2145	103.855214	91.539197
2143	2144	2146	121.232236	71.701721
2145	2144	2146	113.821300	49.235182
2144	2146	2147	95.107436	65.248566
2146	2147	2148	107.529214	49.235182
2146	2147	2149	116.034756	71.701721
2148	2147	2149	112.207032	85.564054
2147	2149	2150	95.306031	87.954111
2149	2150	2151	112.799308	85.564054
2149	2150	2152	118.653916	71.701721
2151	2150	2152	118.273376	80.305927
2150	2152	2153	92.657794	54.493308
2152	2153	2154	103.138343	80.305927
2152	2153	2155	121.501542	71.701721
2154	2153	2155	111.009094	85.564054
2153	2155	2156	97.475073	87.954111
2155	2156	2157	97.806482	85.564054
2155	2156	2158	113.758257	71.701721
2157	2156	2158	113.389187	49.235182
2156	2158	2159	94.003594	65.248566
2158	2159	2160	111.727233	49.235182
2158	2159	2161	122.318149	71.701721
2160	2159	2161	110.097178	66.443595
2159	2161	2162	97.931066	39.435946
2161	2162	2163	112.654843	66.443595
2161	2162	2164	121.516603	71.701721
2163	2162	2164	114.661617	91.539197
2162	2164	2165	94.975894	105.640535
2164	2165	2166	108.060472	91.539197
2164	2165	2167	117.454561	71.701721
2166	2165	2167	111.928417	88.432122
2165	2167	2168	95.228997	35.133843
2167	2168	2169	99.437270	88.432122
2167	2168	2170	119.311629	71.701721
2169	2168	2170	113.573270	109.942639
2168	2170	2171	95.155337	84.847036
2170	2171	2172	98.264936	109.942639
2170	2171	2173	113.861243	71.701721
2172	2171	2173	115.454426	91.539197
2171	2173	2174	93.067355	105.640535
2173	2174	2175	103.853956	91.539197
2173	2174	2176	122.531871	71.701721
2175	2174	2176	112.057122	66.443595
2174	2176	2177	98.907647	39.435946
2176	2177	2178	103.510077	66.443595
2176	2177	2179	120.448799	71.701721
2178	2177	2179	113.819726	49.235182
2177	2179	2180	95.110767	65.248566
2179	2180	2181	107.533752	49.235182
2179	2180	2182	116.037733	71.701721
2181	2180	2182	112.202586	85.564054
2180	2182	2183	95.307862	87.954111
2182	2183	2184	112.801223	85.564054
2182	2183	2185	118.658573	71.701721
2184	2183	2185	118.266575	80.305927
2183	2185	2186	92.667423	54.493308
2185	2186	2187	103.132118	80.305927
2185	2186	2188	121.503181	71.701721
2187	2186	2188	111.005665	85.564054
2186	2188	2189	97.474507	87.954111
2188	2189	2190	97.808910	85.564054
2188	2189	2191	113.752937	71.701721
2190	2189	2191	113.393444	49.235182
2189	2191	2192	93.996739	65.248566
2191	2192	2193	111.730616	49.235182
2191	2192	2194	123.938835	71.701721
2193	2192	2194	114.663784	91.539197
2192	2194	2195	94.973656	105.640535
2194	2195	2196	108.064886	91.539197
2194	2195	2197	120.823553	71.701721
2196	2195	2197	113.877180	109.942639
2195	2197	2198	94.786730	84.847036
2197	2198	2199	108.830019	109.942639
2197	2198	2200	112.875691	71.701721
2199	2198	2200	114.228167	105.640535
2198	2200	2201	94.461890	110.898662
2200	2201	2202	105.064708	105.640535
2200	2201	2203	119.058930	71.701721
2202	2201	2203	113.823827	49.235182
2201	2203	2204	95.105680	65.248566
2203	2204	2205	107.531494	49.235182
2203	2204	2206	119.637982	71.701721
2205	2204	2206	111.929795	88.432122
2204	2206	2207	95.226960	35.133843
2206	2207	2208	99.449518	88.432122
2206	2207	2209	111.710514	71.701721
2208	2207	2209	113.390545	49.235182
2207	2209	2210	94.005913	65.248566
2209	2210	2211	111.724608	49.235182
2209	2210	2212	120.402238	71.701721
2211	2210	2212	118.264073	80.305927
2210	2212	2213	92.667156	54.493308
2212	2213	2214	103.135450	80.305927
2212	2213	2215	120.784816	71.701721
2214	2213	2215	112.053363	66.443595
2213	2215	2216	98.905460	39.435946
2215	2216	2217	103.512788	66.443595
2215	2216	2218	122.446618	71.701721
2217	2216	2218	111.008642	85.564054
2216	2218	2219	97.471570	87.954111
2218	2219	2220	97.810358	85.564054
2218	2219	2221	121.395661	71.701721
2220	2219	2221	113.572134	109.942639
2219	2221	2222	95.152086	84.847036
2221	2222	2223	98.264406	109.942639
2221	2222	2224	121.087485	71.701721
2223	2222	2224	113.579652	109.942639
2222	2224	2225	95.145258	84.847036
2224	2225	2226	98.272935	109.942639
2224	2225	2227	121.090384	71.701721
2226	2225	2227	113.573633	109.942639
2225	2227	2228	95.149586	84.847036
2227	2228	2229	98.265412	109.942639
2227	2228	2230	113.473129	71.701721
2229	2228	2230	113.391509	49.235182
2228	2230	2231	93.998222	65.248566
2230	2231	2232	111.732193	49.235182
2230	2231	2233	123.931745	71.701721
2232	2231	2233	114.664634	91.539197
2231	2233	2234	94.978149	105.640535
2233	2234	2235	108.054989	91.539197
2233	2234	2236	117.464062	71.701721
2235	2234	2236	111.937269	88.432122
2234	2236	2237	95.222967	35.133843
2236	2237	2238	99.446494	88.432122
2236	2237	2239	111.710712	71.701721
2238	2237	2239	113.389407	49.235182
2237	2239	2240	93.998254	65.248566
2239	2240	2241	111.731663	49.235182
2239	2240	2242	122.319910	71.701721
2241	2240	2242	110.097055	66.443595
2240	2242	2243	97.931927	39.435946
2242	2243	2244	112.655527	66.443595
2242	2243	2245	121.508688	71.701721
2244	2243	2245	114.665034	91.539197
2243	2245	2246	94.973968	105.640535
2245	2246	2247	108.063828	91.539197
2245	2246	2248	113.817051	71.701721
2247	2246	2248	112.201680	85.564054
2246	2248	2249	95.305366	87.954111
2248	2249	2250	112.795627	85.564054
2248	2249	2251	118.654255	71.701721
2250	2249	2251	118.270938	80.305927
2249	2251	2252	92.666257	54.493308
2251	2252	2253	103.130410	80.305927
2251	2252	2254	119.551133	71.701721
2253	2252	2254	113.822967	49.235182
2252	2254	2255	95.105930	65.248566
2254	2255	2256	107.533264	49.235182
2254	2255	2257	116.031963	71.701721
2256	2255	2257	112.199328	85.564054
2255	2257	2258	95.305037	87.954111
2257	2258	2259	112.796839	85.564054
2257	2258	2260	122.924115	71.701721
2259	2258	2260	111.143016	105.640535
2258	2260	2261	97.638910	110.898662
2260	2261	2262	98.574478	105.640535
2260	2261	2263	119.172038	71.701721
2262	2261	2263	113.575923	109.942639
2261	2263	2264	95.145800	84.847036
2263	2264	2265	98.273275	109.942639
2263	2264	2266	121.087666	71.701721
2265	2264	2266	113.571996	109.942639
2264	2266	2267	95.150603	84.847036
2266	2267	2268	98.264553	109.942639
2266	2267	2269	113.861268	71.701721
2268	2267	2269	115.452347	91.539197
2267	2269	2270	93.072071	105.640535
2269	2270	2271	103.851559	91.539197
2269	2270	2272	122.534282	71.701721
2271	2270	2272	112.053765	66.443595
2270	2272	2273	98.906148	39.435946
2272	2273	2274	103.509338	66.443595
2272	2273	2275	120.441492	71.701721
2274	2273	2275	113.821645	49.235182
2273	2275	2276	95.109649	65.248566
2275	2276	2277	107.532707	49.235182
2275	2276	2278	122.877059	71.701721
2277	2276	2278	113.878954	109.942639
2276	2278	2279	94.783136	84.847036
2278	2279	2280	108.828193	109.942639
2278	2279	2281	120.692843	71.701721
2280	2279	2281	113.884276	109.942639
2279	2281	2282	94.782005	84.847036
2281	2282	2283	108.832706	109.942639
2281	2282	2284	117.428392	71.701721
2283	2282	2284	111.928464	88.432122
2282	2284	2285	95.224809	35.133843
2284	2285	2286	99.444849	88.432122
2284	2285	2287	117.225659	71.701721
2286	2285	2287	113.985559	28.680688
2285	2287	2288	94.882457	54.971319
2287	2288	2289	108.417148	28.680688
2287	2288	2290	114.675690	71.701721
2289	2288	2290	114.226438	105.640535
2288	2290	2291	94.465534	110.898662
2290	2291	2292	105.070435	105.640535
2290	2291	2293	119.064287	71.701721
2292	2291	2293	113.821211	49.235182
2291	2293	2294	95.105039	65.248566
2293	2294	2295	107.535870	49.235182
2293	2294	2296	115.078847	71.701721
2295	2294	2296	114.225299	105.640535
2294	2296	2297	94.471155	110.898662
2296	2297	2298	105.058401	105.640535
2296	2297	2299	121.112474	71.701721
2298	2297	2299	111.013674	85.564054
2297	2299	2300	97.473149	87.954111
2299	2300	2301	97.808491	85.564054
2299	2300	2302	121.399200	71.701721
2301	2300	2302	113.571740	109.942639
2300	2302	2303	95.154188	84.847036
2302	2303	2304	98.271522	109.942639
2302	2303	2305	121.087721	71.701721
2304	2303	2305	113.579872	109.942639
2303	2305	2306	95.146350	84.847036
2305	2306	2307	98.267978	109.942639
2305	2306	2308	121.089917	71.701721
2307	2306	2308	113.574491	109.942639
2306	2308	2309	95.148485	84.847036
2308	2309	2310	98.265280	109.942639
2308	2309	2311	113.469802	71.701721
2310	2309	2311	113.398787	49.235182
2309	2311	2312	93.992992	65.248566
2311	2312	2313	111.732018	49.235182
2311	2312	2314	122.316673	71.701721
2313	2312	2314	110.096372	66.443595
2312	2314	2315	97.930959	39.435946
2314	2315	2316	112.655634	66.443595
2314	2315	2317	122.162865	71.701721
2316	2315	2317	111.139091	105.640535
2315	2317	2318	97.648524	110.898662
2317	2318	2319	98.572934	105.640535
2317	2318	2320	117.090026	71.701721
2319	2318	2320	113.987622	28.680688
2318	2320	2321	94.888237	54.971319
2320	2321	2322	108.415927	28.680688
2320	2321	2323	115.648544	71.701721
2322	2321	2323	112.202990	85.564054
2321	2323	2324	95.303750	87.954111
2323	2324	2325	112.792366	85.564054
2323	2324	2326	122.928957	71.701721
2325	2324	2326	111.144050	105.640535
2324	2326	2327	97.644932	110.898662
2326	2327	2328	98.575063	105.640535
2326	2327	2329	117.093745	71.701721
2328	2327	2329	113.981585	28.680688
2327	2329	2330	94.887788	54.971319
2329	2330	2331	108.416101	28.680688
2329	2330	2332	119.217612	71.701721
2331	2330	2332	111.931852	88.432122
2330	2332	2333	95.228409	35.133843
2332	2333	2334	99.444082	88.432122
2332	2333	2335	112.081558	71.701721
2334	2333	2335	115.455739	91.539197
2333	2335	2336	93.068418	105.640535
2335	2336	2337	103.851808	91.539197
2335	2336	2338	123.286151	71.701721
2337	2336	2338	111.007715	85.564054
2336	2338	2339	97.476908	87.954111
2338	2339	2340	97.809349	85.564054
2338	2339	2341	113.761472	71.701721
2340	2339	2341	113.394214	49.235182
2339	2341	2342	94.006817	65.248566
2341	2342	2343	111.724888	49.235182
2341	2342	2344	120.402965	71.701721
2343	2342	2344	118.263560	80.305927
2342	2344	2345	92.671284	54.493308
2344	2345	2346	103.137956	80.305927
2344	2345	2347	119.551385	71.701721
2346	2345	2347	113.824128	49.235182
2345	2347	2348	95.106022	65.248566
2347	2348	2349	107.533900	49.235182
2347	2348	2350	116.028886	71.701721
2349	2348	2350	112.203252	85.564054
2348	2350	2351	95.300779	87.954111
2350	2351	2352	112.796860	85.564054
2350	2351	2353	120.484830	71.701721
2352	2351	2353	110.105846	66.443595
2351	2353	2354	97.931860	39.435946
2353	2354	2355	112.652450	66.443595
2353	2354	2356	122.164191	71.701721
2355	2354	2356	111.147433	105.640535
2354	2356	2357	97.643301	110.898662
2356	2357	2358	98.579816	105.640535
2356	2357	2359	111.507055	71.701721
2358	2357	2359	113.392726	49.235182
2357	2359	2360	94.003653	65.248566
2359	2360	2361	111.736826	49.235182
2359	2360	2362	123.942410	71.701721
2361	2360	2362	114.655925	91.539197
2360	2362	2363	94.975914	105.640535
2362	2363	2364	108.066757	91.539197
2362	2363	2365	117.459969	71.701721
2364	2363	2365	111.933722	88.432122
2363	2365	2366	95.225975	35.133843
2365	2366	2367	99.445699	88.432122
2365	2366	2368	119.307742	71.701721
2367	2366	2368	113.571207	109.942639
2366	2368	2369	95.156549	84.847036
2368	2369	2370	98.269088	109.942639
2368	2369	2371	113.860850	71.701721
2370	2369	2371	115.455681	91.539197
2369	2371	2372	93.069456	105.640535
2371	2372	2373	103.850494	91.539197
2371	2372	2374	123.285778	71.701721
2373	2372	2374	111.007242	85.564054
2372	2374	2375	97.478294	87.954111
2374	2375	2376	97.808170	85.564054
2374	2375	2377	114.160912	71.701721
2376	2375	2377	115.457142	91.539197
2375	2377	2378	93.072421	105.640535
2377	2378	2379	103.848905	91.539197
2377	2378	2380	122.533196	71.701721
2379	2378	2380	112.058608	66.443595
2378	2380	2381	98.903845	39.435946
2380	2381	2382	103.508383	66.443595
2380	2381	2383	120.443860	71.701721
2382	2381	2383	113.820344	49.235182
2381	2383	2384	95.108059	65.248566
2383	2384	2385	107.538350	49.235182
2383	2384	2386	119.640756	71.701721
2385	2384	2386	111.927531	88.432122
2384	2386	2387	95.234907	35.133843
2386	2387	2388	99.442398	88.432122
2386	2387	2389	111.716621	71.701721
2388	2387	2389	113.390690	49.235182
2387	2389	2390	93.999375	65.248566
2389	2390	2391	111.730417	49.235182
2389	2390	2392	122.314981	71.701721
2391	2390	2392	110.100936	66.443595
2390	2392	2393	97.929463	39.435946
2392	2393	2394	112.652420	66.443595
2392	2393	2395	118.016567	71.701721
2394	2393	2395	118.275965	80.305927
2393	2395	2396	92.659447	54.493308
2395	2396	2397	103.131526	80.305927
2395	2396	2398	113.679058	71.701721
2397	2396	2398	116.083311	66.443595
2396	2398	2399	92.238429	114.244742
2398	2399	2400	110.593548	66.443595
2398	2399	2401	122.935857	71.701721
2400	2399	2401	110.099225	66.443595
2399	2401	2402	97.930526	39.435946
2401	2402	2403	112.654795	66.443595
2401	2402	2404	118.014592	71.701721
2403	2402	2404	118.270237	80.305927
2402	2404	2405	92.654628	54.493308
2404	2405	2406	103.139019	80.305927
2404	2405	2407	120.779694	71.701721
2406	2405	2407	112.053870	66.443595
2405	2407	2408	98.902500	39.435946
2407	2408	2409	103.509026	66.443595
2407	2408	2410	120.439625	71.701721
2409	2408	2410	113.821040	49.235182
2408	2410	2411	95.108685	65.248566
2410	2411	2412	107.529059	49.235182
2410	2411	2413	116.035200	71.701721
2412	2411	2413	112.198928	85.564054
2411	2413	2414	95.309771	87.954111
2413	2414	2415	112.792446	85.564054
2413	2414	2416	122.925640	71.701721
2415	2414	2416	111.149763	105.640535
2414	2416	2417	97.637616	110.898662
2416	2417	2418	98.578275	105.640535
2416	2417	2419	117.090779	71.701721
2418	2417	2419	113.983687	28.680688
2417	2419	2420	94.886415	54.971319
2419	2420	2421	108.414877	28.680688
2419	2420	2422	114.674062	71.701721
2421	2420	2422	114.220476	105.640535
2420	2422	2423	94.463515	110.898662
2422	2423	2424	105.066222	105.640535
2422	2423	2425	121.096620	71.701721
2424	2423	2425	111.006775	85.564054
2423	2425	2426	97.475078	87.954111
2425	2426	2427	97.805932	85.564054
2425	2426	2428	121.395325	71.701721
2427	2426	2428	113.582310	109.942639
2426	2428	2429	95.144792	84.847036
2428	2429	2430	98.269399	109.942639
2428	2429	2431	119.008496	71.701721
2430	2429	2431	113.983069	28.680688
2429	2431	2432	94.880418	54.971319
2431	2432	2433	108.415764	28.680688
2431	2432	2434	114.669677	71.701721
2433	2432	2434	114.229129	105.640535
2432	2434	2435	94.463251	110.898662
2434	2435	2436	105.068655	105.640535
2434	2435	2437	119.065510	71.701721
2436	2435	2437	113.826238	49.235182
2435	2437	2438	95.107479	65.248566
2437	2438	2439	107.534960	49.235182
2437	2438	2440	119.638171	71.701721
2439	2438	2440	111.925268	88.432122
2438	2440	2441	95.233660	35.133843
2440	2441	2442	99.447426	88.432122
2440	2441	2443	111.713678	71.701721
2442	2441	2443	113.396419	49.235182
2441	2443	2444	93.994416	65.248566
2443	2444	2445	111.729536	49.235182
2443	2444	2446	120.389876	71.701721
2445	2444	2446	118.269190	80.305927
2444	2446	2447	92.659941	54.493308
2446	2447	2448	103.137602	80.305927
2446	2447	2449	119.546260	71.701721
2448	2447	2449	113.823620	49.235182
2447	2449	2450	95.106545	65.248566
2449	2450	2451	107.532350	49.235182
2449	2450	2452	115.079572	71.701721
2451	2450	2452	114.226007	105.640535
2450	2452	2453	94.461085	110.898662
2452	2453	2454	105.063010	105.640535
2452	2453	2455	119.057476	71.701721
2454	2453	2455	113.821796	49.235182
2453	2455	2456	95.106501	65.248566
2455	2456	2457	107.532891	49.235182
2455	2456	2458	116.036593	71.701721
2457	2456	2458	112.200924	85.564054
2456	2458	2459	95.305004	87.954111
2458	2459	2460	112.797176	85.564054
2458	2459	2461	120.483719	71.701721
2460	2459	2461	110.103127	66.443595
2459	2461	2462	97.924160	39.435946
2461	2462	2463	112.651771	66.443595
2461	2462	2464	121.507915	71.701721
2463	2462	2464	114.666200	91.539197
2462	2464	2465	94.969550	105.640535
2464	2465	2466	108.062302	91.539197
2464	2465	2467	117.457454	71.701721
2466	2465	2467	111.931781	88.432122
2465	2467	2468	95.234481	35.133843
2467	2468	2469	99.439965	88.432122
2467	2468	2470	111.716325	71.701721
2469	2468	2470	113.393334	49.235182
2468	2470	2471	94.000742	65.248566
2470	2471	2472	111.729372	49.235182
2470	2471	2473	124.730768	71.701721
2472	2471	2473	111.144707	105.640535
2471	2473	2474	97.638909	110.898662
2473	2474	2475	98.576456	105.640535
2473	2474	2476	117.087339	71.701721
2475	2474	2476	113.988621	28.680688
2474	2476	2477	94.881310	54.971319
2476	2477	2478	108.421569	28.680688
2476	2477	2479	122.373956	71.701721
2478	2477	2479	113.876091	109.942639
2477	2479	2480	94.782873	84.847036
2479	2480	2481	108.832845	109.942639
2479	2480	2482	112.869414	71.701721
2481	2480	2482	114.227503	105.640535
2480	2482	2483	94.463653	110.898662
2482	2483	2484	105.063212	105.640535
2482	2483	2485	120.359663	71.701721
2484	2483	2485	112.052416	66.443595
2483	2485	2486	98.906089	39.435946
2485	2486	2487	103.505704	66.443595
2485	2486	2488	122.443502	71.701721
2487	2486	2488	111.006047	85.564054
2486	2488	2489	97.475655	87.954111
2488	2489	2490	97.809294	85.564054
2488	2489	2491	113.756515	71.701721
2490	2489	2491	113.397441	49.235182
2489	2491	2492	94.003309	65.248566
2491	2492	2493	111.726467	49.235182
2491	2492	2494	120.402376	71.701721
2493	2492	2494	118.267310	80.305927
2492	2494	2495	92.664576	54.493308
2494	2495	2496	103.137989	80.305927
2494	2495	2497	119.546526	71.701721
2496	2495	2497	113.817863	49.235182
2495	2497	2498	95.106973	65.248566
2497	2498	2499	107.533712	49.235182
2497	2498	2500	116.031176	71.701721
2499	2498	2500	112.199121	85.564054
2498	2500	2501	95.305122	87.954111
2500	2501	2502	112.797480	85.564054
2500	2501	2503	122.182063	71.701721
2502	2501	2503	114.659777	91.539197
2501	2503	2504	94.982040	105.640535
2503	2504	2505	108.058700	91.539197
2503	2504	2506	117.467545	71.701721
2505	2504	2506	111.936144	88.432122
2504	2506	2507	95.229725	35.133843
2506	2507	2508	99.443603	88.432122
2506	2507	2509	117.236543	71.701721
2508	2507	2509	113.977643	28.680688
2507	2509	2510	94.886910	54.971319
2509	2510	2511	108.412362	28.680688
2509	2510	2512	114.668441	71.701721
2511	2510	2512	114.220572	105.640535
2510	2512	2513	94.461165	110.898662
2512	2513	2514	105.061078	105.640535
2512	2513	2515	121.099810	71.701721
2514	2513	2515	111.003503	85.564054
2513	2515	2516	97.473369	87.954111
2515	2516	2517	97.809990	85.564054
2515	2516	2518	119.308636	71.701721
2517	2516	2518	113.985334	28.680688
2516	2518	2519	94.881202	54.971319
2518	2519	2520	108.414598	28.680688
2518	2519	2521	114.668677	71.701721
2520	2519	2521	114.222341	105.640535
2519	2521	2522	94.458392	110.898662
2521	2522	2523	105.065449	105.640535
2521	2522	2524	120.348956	71.701721
2523	2522	2524	112.056286	66.443595
2522	2524	2525	98.906515	39.435946
2524	2525	2526	103.512602	66.443595
2524	2525	2527	120.445116	71.701721
2526	2525	2527	113.823511	49.235182
2525	2527	2528	95.110918	65.248566
2527	2528	2529	107.527624	49.235182
2527	2528	2530	122.875500	71.701721
2529	2528	2530	113.880234	109.942639
2528	2530	2531	94.779451	84.847036
2530	2531	2532	108.827002	109.942639
2530	2531	2533	120.689347	71.701721
2532	2531	2533	113.870557	109.942639
2531	2533	2534	94.782315	84.847036
2533	2534	2535	108.824093	109.942639
2533	2534	2536	120.684785	71.701721
2535	2534	2536	113.880067	109.942639
2534	2536	2537	94.785307	84.847036
2536	2537	2538	108.827657	109.942639
2536	2537	2539	113.827732	71.701721
2538	2537	2539	112.201869	85.564054
2537	2539	2540	95.307182	87.954111
2539	2540	2541	112.797429	85.564054
2539	2540	2542	122.932640	71.701721
2541	2540	2542	111.142933	105.640535
2540	2542	2543	97.645681	110.898662
2542	2543	2544	98.575173	105.640535
2542	2543	2545	111.498391	71.701721
2544	2543	2545	113.398726	49.235182
2543	2545	2546	93.997267	65.248566
2545	2546	2547	111.730279	49.235182
2545	2546	2548	124.736043	71.701721
2547	2546	2548	111.145885	105.640535
2546	2548	2549	97.639897	110.898662
2548	2549	2550	98.583129	105.640535
2548	2549	2551	117.085624	71.701721
2550	2549	2551	113.985548	28.680688
2549	2551	2552	94.883108	54.971319
2551	2552	2553	108.412312	28.680688
2551	2552	2554	119.216664	71.701721
2553	2552	2554	111.931276	88.432122
2552	2554	2555	95.232851	35.133843
2554	2555	2556	99.445644	88.432122
2554	2555	2557	119.315050	71.701721
2556	2555	2557	113.578055	109.942639
2555	2557	2558	95.156143	84.847036
2557	2558	2559	98.264114	109.942639
2557	2558	2560	121.094763	71.701721
2559	2558	2560	113.576461	109.942639
2558	2560	2561	95.148237	84.847036
2560	2561	2562	98.268516	109.942639
2560	2561	2563	113.468108	71.701721
2562	2561	2563	113.398147	49.235182
2561	2563	2564	93.996554	65.248566
2563	2564	2565	111.733855	49.235182
2563	2564	2566	122.317787	71.701721
2565	2564	2566	110.104492	66.443595
2564	2566	2567	97.924821	39.435946
2566	2567	2568	112.653434	66.443595
2566	2567	2569	121.507276	71.701721
2568	2567	2569	114.666465	91.539197
2567	2569	2570	94.965968	105.640535
2569	2570	2571	108.065405	91.539197
2569	2570	2572	120.814664	71.701721
2571	2570	2572	113.874028	109.942639
2570	2572	2573	94.781247	84.847036
2572	2573	2574	108.828390	109.942639
2572	2573	2575	120.688243	71.701721
2574	2573	2575	113.874405	109.942639
2573	2575	2576	94.787790	84.847036
2575	2576	2577	108.818127	109.942639
2575	2576	2578	112.871838	71.701721
2577	2576	2578	114.223698	105.640535
2576	2578	2579	94.459735	110.898662
2578	2579	2580	105.070170	105.640535
2578	2579	2581	121.098776	71.701721
2580	2579	2581	111.012817	85.564054
2579	2581	2582	97.470724	87.954111
2581	2582	2583	97.811184	85.564054
2581	2582	2584	113.754331	71.701721
2583	2582	2584	113.394523	49.235182
2582	2584	2585	93.992658	65.248566
2584	2585	2586	111.737038	49.235182
2584	2585	2587	120.388582	71.701721
2586	2585	2587	118.268937	80.305927
2585	2587	2588	92.663677	54.493308
2587	2588	2589	103.134913	80.305927
2587	2588	2590	121.503977	71.701721
2589	2588	2590	111.012090	85.564054
2588	2590	2591	97.474717	87.954111
2590	2591	2592	97.810733	85.564054
2590	2591	2593	114.152712	71.701721
2592	2591	2593	115.454949	91.539197
2591	2593	2594	93.059134	105.640535
2593	2594	2595	103.849432	91.539197
2593	2594	2596	122.528274	71.701721
2595	2594	2596	112.052181	66.443595
2594	2596	2597	98.911050	39.435946
2596	2597	2598	103.508480	66.443595
2596	2597	2599	120.444187	71.701721
2598	2597	2599	113.823439	49.235182
2597	2599	2600	95.107839	65.248566
2599	2600	2601	107.527328	49.235182
2599	2600	2602	119.636577	71.701721
2601	2600	2602	111.929469	88.432122
2600	2602	2603	95.230066	35.133843
2602	2603	2604	99.441674	88.432122
2602	2603	2605	112.088080	71.701721
2604	2603	2605	115.454503	91.539197
2603	2605	2606	93.072783	105.640535
2605	2606	2607	103.853009	91.539197
2605	2606	2608	121.237743	71.701721
2607	2606	2608	113.818552	49.235182
2606	2608	2609	95.109821	65.248566
2608	2609	2610	107.535866	49.235182
2608	2609	2611	122.877001	71.701721
2610	2609	2611	113.874832	109.942639
2609	2611	2612	94.785625	84.847036
2611	2612	2613	108.821516	109.942639
2611	2612	2614	120.692875	71.701721
2613	2612	2614	113.877247	109.942639
2612	2614	2615	94.778618	84.847036
2614	2615	2616	108.835451	109.942639
2614	2615	2617	120.680541	71.701721
2616	2615	2617	113.877838	109.942639
2615	2617	2618	94.782902	84.847036
2617	2618	2619	108.826097	109.942639
2617	2618	2620	113.831457	71.701721
2619	2618	2620	112.194408	85.564054
2618	2620	2621	95.315151	87.954111
2620	2621	2622	112.799562	85.564054
2620	2621	2623	120.491493	71.701721
2622	2621	2623	110.099158	66.443595
2621	2623	2624	97.929879	39.435946
2623	2624	2625	112.651861	66.443595
2623	2624	2626	118.013089	71.701721
2625	2624	2626	118.271257	80.305927
2624	2626	2627	92.660787	54.493308
2626	2627	2628	103.137062	80.305927
2626	2627	2629	119.546521	71.701721
2628	2627	2629	113.826055	49.235182
2627	2629	2630	95.111952	65.248566
2629	2630	2631	107.526724	49.235182
2629	2630	2632	119.643455	71.701721
2631	2630	2632	111.927110	88.432122
2630	2632	2633	95.231771	35.133843
2632	2633	2634	99.441721	88.432122
2632	2633	2635	111.712702	71.701721
2634	2633	2635	113.399243	49.235182
2633	2635	2636	94.004046	65.248566
2635	2636	2637	111.724578	49.235182
2635	2636	2638	124.740599	71.701721
2637	2636	2638	111.145495	105.640535
2636	2638	2639	97.644351	110.898662
2638	2639	2640	98.582519	105.640535
2638	2639	2641	119.179066	71.701721
2640	2639	2641	113.579530	109.942639
2639	2641	2642	95.146399	84.847036
2641	2642	2643	98.273002	109.942639
2641	2642	2644	113.856956	71.701721
2643	2642	2644	115.448769	91.539197
2642	2644	2645	93.068313	105.640535
2644	2645	2646	103.851145	91.539197
2644	2645	2647	121.234903	71.701721
2646	2645	2647	113.819786	49.235182
2645	2647	2648	95.105614	65.248566
2647	2648	2649	107.534916	49.235182
2647	2648	2650	116.026129	71.701721
2649	2648	2650	112.199060	85.564054
2648	2650	2651	95.301869	87.954111
2650	2651	2652	112.792326	85.564054
2650	2651	2653	118.656596	71.701721
2652	2651	2653	118.266299	80.305927
2651	2653	2654	92.669351	54.493308
2653	2654	2655	103.135859	80.305927
2653	2654	2656	121.510120	71.701721
2655	2654	2656	111.008270	85.564054
2654	2656	2657	97.478272	87.954111
2656	2657	2658	97.808210	85.564054
2656	2657	2659	113.757454	71.701721
2658	2657	2659	113.395509	49.235182
2657	2659	2660	94.003665	65.248566
2659	2660	2661	111.728373	49.235182
2659	2660	2662	122.320290	71.701721
2661	2660	2662	110.102764	66.443595
2660	2662	2663	97.926037	39.435946
2662	2663	2664	112.652428	66.443595
2662	2663	2665	121.507658	71.701721
2664	2663	2665	114.667438	91.539197
2663	2665	2666	94.975925	105.640535
2665	2666	2667	108.056758	91.539197
2665	2666	2668	117.466452	71.701721
2667	2666	2668	111.928074	88.432122
2666	2668	2669	95.234034	35.133843
2668	2669	2670	99.436429	88.432122
2668	2669	2671	119.306806	71.701721
2670	2669	2671	113.576448	109.942639
2669	2671	2672	95.149425	84.847036
2671	2672	2673	98.268780	109.942639
2671	2672	2674	113.860643	71.701721
2673	2672	2674	115.457568	91.539197
2672	2674	2675	93.070421	105.640535
2674	2675	2676	103.849243	91.539197
2674	2675	2677	122.528063	71.701721
2676	2675	2677	112.063895	66.443595
2675	2677	2678	98.897884	39.435946
2677	2678	2679	103.504452	66.443595
2677	2678	2680	120.443400	71.701721
2679	2678	2680	113.826491	49.235182
2678	2680	2681	95.105563	65.248566
2680	2681	2682	107.532950	49.235182
2680	2681	2683	116.030522	71.701721
2682	2681	2683	112.203229	85.564054
2681	2683	2684	95.306637	87.954111
2683	2684	2685	112.797068	85.564054
2683	2684	2686	118.657910	71.701721
2685	2684	2686	118.270638	80.305927
2684	2686	2687	92.664533	54.493308
2686	2687	2688	103.130034	80.305927
2686	2687	2689	121.502371	71.701721
2688	2687	2689	111.011219	85.564054
2687	2689	2690	97.468811	87.954111
2689	2690	2691	97.807080	85.564054
2689	2690	2692	113.747368	71.701721
2691	2690	2692	113.393574	49.235182
2690	2692	2693	93.994907	65.248566
2692	2693	2694	111.732133	49.235182
2692	2693	2695	123.928032	71.701721
2694	2693	2695	114.672040	91.539197
2693	2695	2696	94.964177	105.640535
2695	2696	2697	108.059592	91.539197
2695	2696	2698	120.814313	71.701721
2697	2696	2698	113.880684	109.942639
2696	2698	2699	94.784905	84.847036
2698	2699	2700	108.826674	109.942639
2698	2699	2701	112.882755	71.701721
2700	2699	2701	114.224016	105.640535
2699	2701	2702	94.464517	110.898662
2701	2702	2703	105.068093	105.640535
2701	2702	2704	119.056135	71.701721
2703	2702	2704	113.824618	49.235182
2702	2704	2705	95.110025	65.248566
2704	2705	2706	107.525409	49.235182
2704	2705	2707	119.638010	71.701721
2706	2705	2707	111.932937	88.432122
2705	2707	2708	95.229157	35.133843
2707	2708	2709	99.438382	88.432122
2707	2708	2710	111.712499	71.701721
2709	2708	2710	113.399093	49.235182
2708	2710	2711	94.000058	65.248566
2710	2711	2712	111.727981	49.235182
2710	2711	2713	120.396059	71.701721
2712	2711	2713	118.271624	80.305927
2711	2713	2714	92.666223	54.493308
2713	2714	2715	103.130410	80.305927
2713	2714	2716	120.788671	71.701721
2715	2714	2716	112.058830	66.443595
2714	2716	2717	98.902690	39.435946
2716	2717	2718	103.505629	66.443595
2716	2717	2719	122.444390	71.701721
2718	2717	2719	111.010365	85.564054
2717	2719	2720	97.476298	87.954111
2719	2720	2721	97.805759	85.564054
2719	2720	2722	121.401853	71.701721
2721	2720	2722	113.569841	109.942639
2720	2722	2723	95.155578	84.847036
2722	2723	2724	98.273632	109.942639
2722	2723	2725	121.095253	71.701721
2724	2723	2725	113.575594	109.942639
2723	2725	2726	95.149077	84.847036
2725	2726	2727	98.269070	109.942639
2725	2726	2728	121.086899	71.701721
2727	2726	2728	113.575259	109.942639
2726	2728	2729	95.146967	84.847036
2728	2729	2730	98.271871	109.942639
2728	2729	2731	113.472878	71.701721
2730	2729	2731	113.396335	49.235182
2729	2731	2732	94.002015	65.248566
2731	2732	2733	111.728576	49.235182
2731	2732	2734	123.940848	71.701721
2733	2732	2734	114.664289	91.539197
2732	2734	2735	94.978616	105.640535
2734	2735	2736	108.061700	91.539197
2734	2735	2737	117.466929	71.701721
2736	2735	2737	111.935871	88.432122
2735	2737	2738	95.228490	35.133843
2737	2738	2739	99.445707	88.432122
2737	2738	2740	111.715789	71.701721
2739	2738	2740	113.393895	49.235182
2738	2740	2741	94.003178	65.248566
2740	2741	2742	111.734637	49.235182
2740	2741	2743	122.320174	71.701721
2742	2741	2743	110.103590	66.443595
2741	2743	2744	97.926557	39.435946
2743	2744	2745	112.659334	66.443595
2743	2744	2746	121.509284	71.701721
2745	2744	2746	114.666861	91.539197
2744	2746	2747	94.971134	105.640535
2746	2747	2748	108.062248	91.539197
2746	2747	2749	113.813955	71.701721
2748	2747	2749	112.198472	85.564054
2747	2749	2750	95.307518	87.954111
2749	2750	2751	112.797936	85.564054
2749	2750	2752	118.660833	71.701721
2751	2750	2752	118.261462	80.305927
2750	2752	2753	92.673191	54.493308
2752	2753	2754	103.135944	80.305927
2752	2753	2755	119.551980	71.701721
2754	2753	2755	113.825900	49.235182
2753	2755	2756	95.110024	65.248566
2755	2756	2757	107.530245	49.235182
2755	2756	2758	116.042278	71.701721
2757	2756	2758	112.200774	85.564054
2756	2758	2759	95.315709	87.954111
2758	2759	2760	112.800614	85.564054
2758	2759	2761	122.934822	71.701721
2760	2759	2761	111.145417	105.640535
2759	2761	2762	97.639116	110.898662
2761	2762	2763	98.573506	105.640535
2761	2762	2764	119.170689	71.701721
2763	2762	2764	113.573321	109.942639
2762	2764	2765	95.151699	84.847036
2764	2765	2766	98.268834	109.942639
2764	2765	2767	121.095413	71.701721
2766	2765	2767	113.568673	109.942639
2765	2767	2768	95.152107	84.847036
2767	2768	2769	98.269614	109.942639
2767	2768	2770	113.856191	71.701721
2769	2768	2770	115.454968	91.539197
2768	2770	2771	93.068144	105.640535
2770	2771	2772	103.849331	91.539197
2770	2771	2773	122.539850	71.701721
2772	2771	2773	112.057794	66.443595
2771	2773	2774	98.907231	39.435946
2773	2774	2775	103.517505	66.443595
2773	2774	2776	120.439148	71.701721
2775	2774	2776	113.817689	49.235182
2774	2776	2777	95.108222	65.248566
2776	2777	2778	107.530662	49.235182
2776	2777	2779	122.876365	71.701721
2778	2777	2779	113.879812	109.942639
2777	2779	2780	94.778238	84.847036
2779	2780	2781	108.837217	109.942639
2779	2780	2782	120.682181	71.701721
2781	2780	2782	113.875555	109.942639
2780	2782	2783	94.778338	84.847036
2782	2783	2784	108.823312	109.942639
2782	2783	2785	117.430198	71.701721
2784	2783	2785	111.931891	88.432122
2783	2785	2786	95.231673	35.133843
2785	2786	2787	99.446233	88.432122
2785	2786	2788	117.231116	71.701721
2787	2786	2788	113.985565	28.680688
2786	2788	2789	94.888783	54.971319
2788	2789	2790	108.408404	28.680688
2788	2789	2791	114.679194	71.701721
2790	2789	2791	114.217862	105.640535
2789	2791	2792	94.462000	110.898662
2791	2792	2793	105.072321	105.640535
2791	2792	2794	119.052517	71.701721
2793	2792	2794	113.823836	49.235182
2792	2794	2795	95.102902	65.248566
2794	2795	2796	107.529842	49.235182
2794	2795	2797	115.082044	71.701721
2796	2795	2797	114.223100	105.640535
2795	2797	2798	94.464527	110.898662
2797	2798	2799	105.066022	105.640535
2797	2798	2800	121.104511	71.701721
2799	2798	2800	111.001632	85.564054
2798	2800	2801	97.480497	87.954111
2800	2801	2802	97.806835	85.564054
2800	2801	2803	121.403498	71.701721
2802	2801	2803	113.578750	109.942639
2801	2803	2804	95.151235	84.847036
2803	2804	2805	98.270816	109.942639
2803	2804	2806	121.089124	71.701721
2805	2804	2806	113.574678	109.942639
2804	2806	2807	95.153937	84.847036
2806	2807	2808	98.265548	109.942639
2806	2807	2809	121.098382	71.701721
2808	2807	2809	113.575961	109.942639
2807	2809	2810	95.152825	84.847036
2809	2810	2811	98.266349	109.942639
2809	2810	2812	113.474622	71.701721
2811	2810	2812	113.395532	49.235182
2810	2812	2813	93.992290	65.248566
2812	2813	2814	111.740926	49.235182
2812	2813	2815	122.310756	71.701721
2814	2813	2815	110.104692	66.443595
2813	2815	2816	97.923215	39.435946
2815	2816	2817	112.653816	66.443595
2815	2816	2818	122.155280	71.701721
2817	2816	2818	111.147509	105.640535
2816	2818	2819	97.641148	110.898662
2818	2819	2820	98.579040	105.640535
2818	2819	2821	117.085256	71.701721
2820	2819	2821	113.982643	28.680688
2819	2821	2822	94.883868	54.971319
2821	2822	2823	108.412835	28.680688
2821	2822	2824	115.652167	71.701721
2823	2822	2824	112.197785	85.564054
2822	2824	2825	95.309434	87.954111
2824	2825	2826	112.795895	85.564054
2824	2825	2827	122.927864	71.701721
2826	2825	2827	111.146107	105.640535
2825	2827	2828	97.639718	110.898662
2827	2828	2829	98.577247	105.640535
2827	2828	2830	117.087848	71.701721
2829	2828	2830	113.977293	28.680688
2828	2830	2831	94.885595	54.971319
2830	2831	2832	108.418039	28.680688
2830	2831	2833	119.215299	71.701721
2832	2831	2833	111.931548	88.432122
2831	2833	2834	95.232514	35.133843
2833	2834	2835	99.439875	88.432122
2833	2834	2836	112.083980	71.701721
2835	2834	2836	115.458739	91.539197
2834	2836	2837	93.063530	105.640535
2836	2837	2838	103.856460	91.539197
2836	2837	2839	123.283200	71.701721
2838	2837	2839	111.002927	85.564054
2837	2839	2840	97.476789	87.954111
2839	2840	2841	97.804827	85.564054
2839	2840	2842	113.753484	71.701721
2841	2840	2842	113.396050	49.235182
2840	2842	2843	93.999929	65.248566
2842	2843	2844	111.732625	49.235182
2842	2843	2845	120.403631	71.701721
2844	2843	2845	118.263390	80.305927
2843	2845	2846	92.673093	54.493308
2845	2846	2847	103.135179	80.305927
2845	2846	2848	119.556105	71.701721
2847	2846	2848	113.817636	49.235182
2846	2848	2849	95.113726	65.248566
2848	2849	2850	107.533179	49.235182
2848	2849	2851	116.039638	71.701721
2850	2849	2851	112.200930	85.564054
2849	2851	2852	95.310391	87.954111
2851	2852	2853	112.797312	85.564054
2851	2852	2854	120.489635	71.701721
2853	2852	2854	110.103544	66.443595
2852	2854	2855	97.930554	39.435946
2854	2855	2856	112.649165	66.443595
2854	2855	2857	122.160534	71.701721
2856	2855	2857	111.144573	105.640535
2855	2857	2858	97.646078	110.898662
2857	2858	2859	98.578534	105.640535
2857	2858	2860	111.503518	71.701721
2859	2858	2860	113.398777	49.235182
2858	2860	2861	93.998423	65.248566
2860	2861	2862	111.730976	49.235182
2860	2861	2863	123.935104	71.701721
2862	2861	2863	114.665995	91.539197
2861	2863	2864	94.972680	105.640535
2863	2864	2865	108.055847	91.539197
2863	2864	2866	117.454632	71.701721
2865	2864	2866	111.941851	88.432122
2864	2866	2867	95.223336	35.133843
2866	2867	2868	99.442503	88.432122
2866	2867	2869	119.307527	71.701721
2868	2867	2869	113.573111	109.942639
2867	2869	2870	95.149275	84.847036
2869	2870	2871	98.267519	109.942639
2869	2870	2872	113.860749	71.701721
2871	2870	2872	115.459835	91.539197
2870	2872	2873	93.070743	105.640535
2872	2873	2874	103.853696	91.539197
2872	2873	2875	123.289458	71.701721
2874	2873	2875	111.005029	85.564054
2873	2875	2876	97.483211	87.954111
2875	2876	2877	97.805786	85.564054
2875	2876	2878	114.162276	71.701721
2877	2876	2878	115.461526	91.539197
2876	2878	2879	93.065536	105.640535
2878	2879	2880	103.854310	91.539197
2878	2879	2881	122.526667	71.701721
2880	2879	2881	112.064092	66.443595
2879	2881	2882	98.897342	39.435946
2881	2882	2883	103.506175	66.443595
2881	2882	2884	120.438177	71.701721
2883	2882	2884	113.817749	49.235182
2882	2884	2885	95.111043	65.248566
2884	2885	2886	107.532696	49.235182
2884	2885	2887	116.041600	71.701721
2886	2885	2887	112.202843	85.564054
2885	2887	2888	95.305554	87.954111
2887	2888	2889	112.803868	85.564054
2891	2890	2892	111.003740	85.564054
2890	2892	2893	97.480449	87.954111
2892	2893	2894	97.807581	85.564054
2892	2893	2895	113.751539	71.701721
2894	2893	2895	113.403029	49.235182
2893	2895	2896	93.986858	65.248566
2895	2896	2897	111.734679	49.235182
2895	2896	2898	122.308016	71.701721
2897	2896	2898	110.100086	66.443595
2896	2898	2899	97.919789	39.435946
2898	2899	2900	112.653681	66.443595
2898	2899	2901	121.504112	71.701721
2900	2899	2901	114.665851	91.539197
2899	2901	2902	94.970866	105.640535
2901	2902	2903	108.067871	91.539197
2901	2902	2904	113.816718	71.701721
2903	2902	2904	112.203180	85.564054
2902	2904	2905	95.304008	87.954111
2904	2905	2906	112.792641	85.564054
2904	2905	2907	122.176363	71.701721
2906	2905	2907	114.663135	91.539197
2905	2907	2908	94.969719	105.640535
2907	2908	2909	108.064935	91.539197
2907	2908	2910	120.787858	71.701721
2909	2908	2910	113.835585	109.942639
2908	2910	2911	94.827938	84.847036
2910	2911	2912	108.824202	109.942639
2910	2911	2913	117.451364	71.701721
2912	2911	2913	111.926754	88.432122
2911	2913	2914	95.239317	35.133843
2913	2914	2915	99.439192	88.432122
2913	2914	2916	112.088070	71.701721
2915	2914	2916	115.459841	91.539197
2914	2916	2917	93.063906	105.640535
2916	2917	2918	103.853648	91.539197
2916	2917	2919	121.229088	71.701721
2918	2917	2919	113.821520	49.235182
2917	2919	2920	95.109510	65.248566
2919	2920	2921	107.531364	49.235182
2919	2920	2922	115.085787	71.701721
2921	2920	2922	114.226747	105.640535
2920	2922	2923	94.460251	110.898662
2922	2923	2924	105.061886	105.640535
2922	2923	2925	120.354141	71.701721
2924	2923	2925	112.055947	66.443595
2923	2925	2926	98.907004	39.435946
2925	2926	2927	103.517472	66.443595
2925	2926	2928	122.448923	71.701721
2927	2926	2928	111.009420	85.564054
2926	2928	2929	97.474834	87.954111
2928	2929	2930	97.805802	85.564054
2928	2929	2931	113.754160	71.701721
2930	2929	2931	113.396752	49.235182
2929	2931	2932	93.993606	65.248566
2931	2932	2933	111.735009	49.235182
2931	2932	2934	120.385770	71.701721
2933	2932	2934	118.271046	80.305927
2932	2934	2935	92.664053	54.493308
2934	2935	2936	103.131897	80.305927
2934	2935	2937	119.554699	71.701721
2936	2935	2937	113.817047	49.235182
2935	2937	2938	95.111140	65.248566
2937	2938	2939	107.527550	49.235182
2937	2938	2940	116.031193	71.701721
2939	2938	2940	112.196421	85.564054
2938	2940	2941	95.313263	87.954111
2940	2941	2942	112.793300	85.564054
2940	2941	2943	122.191815	71.701721
2942	2941	2943	114.659123	91.539197
2941	2943	2944	94.984855	105.640535
2943	2944	2945	108.058472	91.539197
2943	2944	2946	117.470348	71.701721
2945	2944	2946	111.933918	88.432122
2944	2946	2947	95.231379	35.133843
2946	2947	2948	99.442456	88.432122
2946	2947	2949	117.230238	71.701721
2948	2947	2949	113.985399	28.680688
2947	2949	2950	94.882665	54.971319
2949	2950	2951	108.416441	28.680688
2949	2950	2952	114.672016	71.701721
2951	2950	2952	114.225296	105.640535
2950	2952	2953	94.456338	110.898662
2952	2953	2954	105.068485	105.640535
2952	2953	2955	121.092739	71.701721
2954	2953	2955	111.015746	85.564054
2953	2955	2956	97.467074	87.954111
2955	2956	2957	97.809112	85.564054
2955	2956	2958	119.310380	71.701721
2957	2956	2958	113.980659	28.680688
2956	2958	2959	94.885285	54.971319
2958	2959	2960	108.414367	28.680688
2958	2959	2961	114.675355	71.701721
2960	2959	2961	114.223089	105.640535
2959	2961	2962	94.460063	110.898662
2961	2962	2963	105.068352	105.640535
2961	2962	2964	120.353676	71.701721
2963	2962	2964	112.049151	66.443595
2962	2964	2965	98.915628	39.435946
2964	2965	2966	103.506646	66.443595
2964	2965	2967	120.448618	71.701721
2966	2965	2967	113.819416	49.235182
2965	2967	2968	95.108341	65.248566
2967	2968	2969	107.536513	49.235182
2967	2968	2970	122.852986	71.701721
2969	2968	2970	113.823847	109.942639
2968	2970	2971	94.833383	84.847036
2970	2971	2972	108.821887	109.942639
2970	2971	2973	120.679113	71.701721
2972	2971	2973	113.829841	109.942639
2971	2973	2974	94.831223	84.847036
2973	2974	2975	108.822405	109.942639
2973	2974	2976	120.676978	71.701721
2975	2974	2976	113.828743	109.942639
2974	2976	2977	94.828052	84.847036
2976	2977	2978	108.822054	109.942639
2976	2977	2979	113.835963	71.701721
2978	2977	2979	112.200312	85.564054
2977	2979	2980	95.304098	87.954111
2979	2980	2981	112.797912	85.564054
2979	2980	2982	122.927908	71.701721
2981	2980	2982	111.142882	105.640535
2980	2982	2983	97.638856	110.898662
2982	2983	2984	98.579367	105.640535
2982	2983	2985	111.498019	71.701721
2984	2983	2985	113.395667	49.235182
2983	2985	2986	93.995914	65.248566
2985	2986	2987	111.733097	49.235182
2985	2986	2988	124.732215	71.701721
2987	2986	2988	111.144075	105.640535
2986	2988	2989	97.645728	110.898662
2988	2989	2990	98.579178	105.640535
2988	2989	2991	117.089085	71.701721
2990	2989	2991	113.983861	28.680688
2989	2991	2992	94.886608	54.971319
2991	2992	2993	108.411391	28.680688
2991	2992	2994	119.222180	71.701721
2993	2992	2994	111.933771	88.432122
2992	2994	2995	95.234150	35.133843
2994	2995	2996	99.447308	88.432122
2994	2995	2997	119.339236	71.701721
2996	2995	2997	113.625828	109.942639
2995	2997	2998	95.104765	84.847036
2997	2998	2999	98.272000	109.942639
2997	2998	3000	121.104199	71.701721
2999	2998	3000	113.633468	109.942639
2998	3000	3001	95.101471	84.847036
3000	3001	3002	98.274689	109.942639
3000	3001	3003	113.454468	71.701721
3002	3001	3003	113.393452	49.235182
3001	3003	3004	93.995805	65.248566
3003	3004	3005	111.732254	49.235182
3003	3004	3006	122.313994	71.701721
3005	3004	3006	110.102666	66.443595
3004	3006	3007	97.927063	39.435946
3006	3007	3008	112.650708	66.443595
3006	3007	3009	121.515823	71.701721
3008	3007	3009	114.661579	91.539197
3007	3009	3010	94.974306	105.640535
3009	3010	3011	108.063609	91.539197
3009	3010	3012	120.789570	71.701721
3011	3010	3012	113.836504	109.942639
3010	3012	3013	94.822973	84.847036
3012	3013	3014	108.828221	109.942639
3012	3013	3015	120.674770	71.701721
3014	3013	3015	113.828372	109.942639
3013	3015	3016	94.830468	84.847036
3015	3016	3017	108.821717	109.942639
3015	3016	3018	112.888494	71.701721
3017	3016	3018	114.229293	105.640535
3016	3018	3019	94.455002	110.898662
3018	3019	3020	105.072143	105.640535
3018	3019	3021	121.096693	71.701721
3020	3019	3021	111.003850	85.564054
3019	3021	3022	97.474695	87.954111
3021	3022	3023	97.812351	85.564054
3021	3022	3024	113.755344	71.701721
3023	3022	3024	113.393018	49.235182
3022	3024	3025	93.996426	65.248566
3024	3025	3026	111.725626	49.235182
3024	3025	3027	120.391870	71.701721
3026	3025	3027	118.267680	80.305927
3025	3027	3028	92.660229	54.493308
3027	3028	3029	103.137186	80.305927
3027	3028	3030	121.498513	71.701721
3029	3028	3030	111.003157	85.564054
3028	3030	3031	97.473897	87.954111
3030	3031	3032	97.804084	85.564054
3030	3031	3033	114.150195	71.701721
3032	3031	3033	115.453965	91.539197
3031	3033	3034	93.061099	105.640535
3033	3034	3035	103.860758	91.539197
3033	3034	3036	122.528045	71.701721
3035	3034	3036	112.056439	66.443595
3034	3036	3037	98.908896	39.435946
3036	3037	3038	103.503127	66.443595
3036	3037	3039	120.446109	71.701721
3038	3037	3039	113.829106	49.235182
3037	3039	3040	95.107470	65.248566
3039	3040	3041	107.532928	49.235182
3039	3040	3042	119.642981	71.701721
3041	3040	3042	111.931070	88.432122
3040	3042	3043	95.235757	35.133843
3042	3043	3044	99.437679	88.432122
3042	3043	3045	112.083339	71.701721
3044	3043	3045	115.459163	91.539197
3043	3045	3046	93.064120	105.640535
3045	3046	3047	103.851732	91.539197
3045	3046	3048	121.233397	71.701721
3047	3046	3048	113.816565	49.235182
3046	3048	3049	95.111576	65.248566
3048	3049	3050	107.529017	49.235182
3048	3049	3051	122.853751	71.701721
3050	3049	3051	113.828810	109.942639
3049	3051	3052	94.834579	84.847036
3051	3052	3053	108.819845	109.942639
3051	3052	3054	120.686109	71.701721
3053	3052	3054	113.829404	109.942639
3052	3054	3055	94.834342	84.847036
3054	3055	3056	108.825394	109.942639
3054	3055	3057	120.681147	71.701721
3056	3055	3057	113.833890	109.942639
3055	3057	3058	94.828725	84.847036
3057	3058	3059	108.818382	109.942639
3057	3058	3060	113.835423	71.701721
3059	3058	3060	112.203203	85.564054
3058	3060	3061	95.304068	87.954111
3060	3061	3062	112.797908	85.564054
3060	3061	3063	120.493434	71.701721
3062	3061	3063	110.093853	66.443595
3061	3063	3064	97.936772	39.435946
3063	3064	3065	112.655946	66.443595
3063	3064	3066	118.025873	71.701721
3065	3064	3066	118.258981	80.305927
3064	3066	3067	92.672148	54.493308
3066	3067	3068	103.135817	80.305927
3066	3067	3069	119.548706	71.701721
3068	3067	3069	113.823395	49.235182
3067	3069	3070	95.106640	65.248566
3069	3070	3071	107.534192	49.235182
3069	3070	3072	119.638603	71.701721
3071	3070	3072	111.932206	88.432122
3070	3072	3073	95.228706	35.133843
3072	3073	3074	99.444924	88.432122
3072	3073	3075	111.713168	71.701721
3074	3073	3075	113.394877	49.235182
3073	3075	3076	94.004934	65.248566
3075	3076	3077	111.726266	49.235182
3075	3076	3078	124.729620	71.701721
3077	3076	3078	111.151024	105.640535
3076	3078	3079	97.635286	110.898662
3078	3079	3080	98.575977	105.640535
3078	3079	3081	119.195780	71.701721
3080	3079	3081	113.627605	109.942639
3079	3081	3082	95.096819	84.847036
3081	3082	3083	98.275215	109.942639
3081	3082	3084	113.839489	71.701721
3083	3082	3084	115.458717	91.539197
3082	3084	3085	93.065787	105.640535
3084	3085	3086	103.853182	91.539197
3084	3085	3087	121.235647	71.701721
3086	3085	3087	113.818069	49.235182
3085	3087	3088	95.110238	65.248566
3087	3088	3089	107.532297	49.235182
3087	3088	3090	116.030771	71.701721
3089	3088	3090	112.201084	85.564054
3088	3090	3091	95.303085	87.954111
3090	3091	3092	112.798005	85.564054
3090	3091	3093	118.651837	71.701721
3092	3091	3093	118.272687	80.305927
3091	3093	3094	92.658019	54.493308
3093	3094	3095	103.135398	80.305927
3093	3094	3096	121.498801	71.701721
3095	3094	3096	111.010747	85.564054
3094	3096	3097	97.472546	87.954111
3096	3097	3098	97.805484	85.564054
3096	3097	3099	113.757061	71.701721
3098	3097	3099	113.394645	49.235182
3097	3099	3100	93.994994	65.248566
3099	3100	3101	111.738886	49.235182
3099	3100	3102	122.316111	71.701721
3101	3100	3102	110.094910	66.443595
3100	3102	3103	97.928031	39.435946
3102	3103	3104	112.655350	66.443595
3102	3103	3105	121.505070	71.701721
3104	3103	3105	114.665027	91.539197
3103	3105	3106	94.965065	105.640535
3105	3106	3107	108.069262	91.539197
3105	3106	3108	120.787361	71.701721
3107	3106	3108	113.829450	109.942639
3106	3108	3109	94.825723	84.847036
3108	3109	3110	108.829303	109.942639
3108	3109	3111	117.437096	71.701721
3110	3109	3111	111.936966	88.432122
3109	3111	3112	95.226289	35.133843
3111	3112	3113	99.439551	88.432122
3111	3112	3114	112.085569	71.701721
3113	3112	3114	115.452845	91.539197
3112	3114	3115	93.067737	105.640535
3114	3115	3116	103.850850	91.539197
3114	3115	3117	122.530693	71.701721
3116	3115	3117	112.063222	66.443595
3115	3117	3118	98.902803	39.435946
3117	3118	3119	103.512812	66.443595
3117	3118	3120	120.443974	71.701721
3119	3118	3120	113.820057	49.235182
3118	3120	3121	95.112389	65.248566
3120	3121	3122	107.527982	49.235182
3120	3121	3123	116.032663	71.701721
3122	3121	3123	112.202034	85.564054
3121	3123	3124	95.302770	87.954111
3123	3124	3125	112.797428	85.564054
3123	3124	3126	118.654949	71.701721
3125	3124	3126	118.270903	80.305927
3124	3126	3127	92.660869	54.493308
3126	3127	3128	103.141830	80.305927
3126	3127	3129	121.503098	71.701721
3128	3127	3129	111.009774	85.564054
3127	3129	3130	97.477677	87.954111
3129	3130	3131	97.804764	85.564054
3129	3130	3132	113.760542	71.701721
3131	3130	3132	113.394204	49.235182
3130	3132	3133	93.998107	65.248566
3132	3133	3134	111.727617	49.235182
3132	3133	3135	123.929939	71.701721
3134	3133	3135	114.670978	91.539197
3133	3135	3136	94.973050	105.640535
3135	3136	3137	108.058881	91.539197
3135	3136	3138	120.792568	71.701721
3137	3136	3138	113.840168	109.942639
3136	3138	3139	94.827975	84.847036
3138	3139	3140	108.818443	109.942639
3138	3139	3141	112.889921	71.701721
3140	3139	3141	114.231070	105.640535
3139	3141	3142	94.459717	110.898662
3141	3142	3143	105.069194	105.640535
3141	3142	3144	119.059017	71.701721
3143	3142	3144	113.824928	49.235182
3142	3144	3145	95.108270	65.248566
3144	3145	3146	107.531674	49.235182
3144	3145	3147	119.641167	71.701721
3146	3145	3147	111.933261	88.432122
3145	3147	3148	95.232187	35.133843
3147	3148	3149	99.446056	88.432122
3147	3148	3150	111.719931	71.701721
3149	3148	3150	113.398503	49.235182
3148	3150	3151	94.002859	65.248566
3150	3151	3152	111.729751	49.235182
3150	3151	3153	120.393151	71.701721
3152	3151	3153	118.272386	80.305927
3151	3153	3154	92.665254	54.493308
3153	3154	3155	103.137460	80.305927
3153	3154	3156	120.794497	71.701721
3155	3154	3156	112.051885	66.443595
3154	3156	3157	98.906106	39.435946
3156	3157	3158	103.513063	66.443595
3156	3157	3159	122.444234	71.701721
3158	3157	3159	111.007172	85.564054
3157	3159	3160	97.477699	87.954111
3159	3160	3161	97.805917	85.564054
3159	3160	3162	121.422492	71.701721
3161	3160	3162	113.637896	109.942639
3160	3162	3163	95.097958	84.847036
3162	3163	3164	98.274639	109.942639
3162	3163	3165	121.095091	71.701721
3164	3163	3165	113.628586	109.942639
3163	3165	3166	95.092066	84.847036
3165	3166	3167	98.272593	109.942639
3165	3166	3168	121.085233	71.701721
3167	3166	3168	113.638367	109.942639
3166	3168	3169	95.090656	84.847036
3168	3169	3170	98.276750	109.942639
3168	3169	3171	113.457095	71.701721
3170	3169	3171	113.397962	49.235182
3169	3171	3172	93.997670	65.248566
3171	3172	3173	111.732892	49.235182
3171	3172	3174	123.933733	71.701721
3173	3172	3174	114.666488	91.539197
3172	3174	3175	94.972019	105.640535
3174	3175	3176	108.061718	91.539197
3174	3175	3177	117.461151	71.701721
3176	3175	3177	111.927148	88.432122
3175	3177	3178	95.236086	35.133843
3177	3178	3179	99.434993	88.432122
3177	3178	3180	111.716768	71.701721
3179	3178	3180	113.395452	49.235182
3178	3180	3181	94.002119	65.248566
3180	3181	3182	111.731034	49.235182
3180	3181	3183	122.322784	71.701721
3182	3181	3183	110.101591	66.443595
3181	3183	3184	97.929733	39.435946
3183	3184	3185	112.656184	66.443595
3183	3184	3186	121.510930	71.701721
3185	3184	3186	114.663127	91.539197
3184	3186	3187	94.973849	105.640535
3186	3187	3188	108.065791	91.539197
3186	3187	3189	113.818340	71.701721
3188	3187	3189	112.196446	85.564054
3187	3189	3190	95.311774	87.954111
3189	3190	3191	112.794807	85.564054
3189	3190	3192	118.665517	71.701721
3191	3190	3192	118.261934	80.305927
3190	3192	3193	92.675096	54.493308
3192	3193	3194	103.132089	80.305927
3192	3193	3195	119.551572	71.701721
3194	3193	3195	113.819515	49.235182
3193	3195	3196	95.108356	65.248566
3195	3196	3197	107.534929	49.235182
3195	3196	3198	116.032363	71.701721
3197	3196	3198	112.200578	85.564054
3196	3198	3199	95.302958	87.954111
3198	3199	3200	112.798771	85.564054
3198	3199	3201	122.924115	71.701721
3200	3199	3201	111.148986	105.640535
3199	3201	3202	97.642184	110.898662
3201	3202	3203	98.578788	105.640535
3201	3202	3204	119.204517	71.701721
3203	3202	3204	113.638568	109.942639
3202	3204	3205	95.097599	84.847036
3204	3205	3206	98.277263	109.942639
3204	3205	3207	121.098386	71.701721
3206	3205	3207	113.635981	109.942639
3205	3207	3208	95.093210	84.847036
3207	3208	3209	98.281858	109.942639
3207	3208	3210	113.836729	71.701721
3209	3208	3210	115.453842	91.539197
3208	3210	3211	93.066350	105.640535
3210	3211	3212	103.850930	91.539197
3210	3211	3213	122.532213	71.701721
3212	3211	3213	112.052141	66.443595
3211	3213	3214	98.907678	39.435946
3213	3214	3215	103.506383	66.443595
3213	3214	3216	120.443067	71.701721
3215	3214	3216	113.820211	49.235182
3214	3216	3217	95.111935	65.248566
3216	3217	3218	107.529223	49.235182
3216	3217	3219	122.858629	71.701721
3218	3217	3219	113.823631	109.942639
3217	3219	3220	94.833688	84.847036
3219	3220	3221	108.823642	109.942639
3219	3220	3222	120.680749	71.701721
3221	3220	3222	113.829106	109.942639
3220	3222	3223	94.834457	84.847036
3222	3223	3224	108.824515	109.942639
3222	3223	3225	117.447000	71.701721
3224	3223	3225	111.930580	88.432122
3223	3225	3226	95.235496	35.133843
3225	3226	3227	99.444481	88.432122
3225	3226	3228	117.239369	71.701721
3227	3226	3228	113.988653	28.680688
3226	3228	3229	94.883959	54.971319
3228	3229	3230	108.412897	28.680688
3228	3229	3231	114.665184	71.701721
3230	3229	3231	114.234688	105.640535
3229	3231	3232	94.452272	110.898662
3231	3232	3233	105.071239	105.640535
3231	3232	3234	119.061972	71.701721
3233	3232	3234	113.821365	49.235182
3232	3234	3235	95.113290	65.248566
3234	3235	3236	107.528545	49.235182
3234	3235	3237	115.086810	71.701721
3236	3235	3237	114.224039	105.640535
3235	3237	3238	94.462673	110.898662
3237	3238	3239	105.069021	105.640535
3237	3238	3240	121.103087	71.701721
3239	3238	3240	111.003490	85.564054
3238	3240	3241	97.477313	87.954111
3240	3241	3242	97.802761	85.564054
3240	3241	3243	121.416554	71.701721
3242	3241	3243	113.633844	109.942639
3241	3243	3244	95.093819	84.847036
3243	3244	3245	98.273757	109.942639
3243	3244	3246	121.093618	71.701721
3245	3244	3246	113.635325	109.942639
3244	3246	3247	95.092350	84.847036
3246	3247	3248	98.285569	109.942639
3246	3247	3249	121.097602	71.701721
3248	3247	3249	113.625120	109.942639
3247	3249	3250	95.101105	84.847036
3249	3250	3251	98.270949	109.942639
3249	3250	3252	113.453781	71.701721
3251	3250	3252	113.398015	49.235182
3250	3252	3253	94.000685	65.248566
3252	3253	3254	111.729504	49.235182
3252	3253	3255	122.322743	71.701721
3254	3253	3255	110.102162	66.443595
3253	3255	3256	97.930472	39.435946
3255	3256	3257	112.653325	66.443595
3255	3256	3258	122.157240	71.701721
3257	3256	3258	111.149506	105.640535
3256	3258	3259	97.635836	110.898662
3258	3259	3260	98.579909	105.640535
3258	3259	3261	117.085719	71.701721
3260	3259	3261	113.978911	28.680688
3259	3261	3262	94.886239	54.971319
3261	3262	3263	108.412225	28.680688
3261	3262	3264	115.648451	71.701721
3263	3262	3264	112.199178	85.564054
3262	3264	3265	95.313396	87.954111
3264	3265	3266	112.792036	85.564054
3264	3265	3267	122.936952	71.701721
3266	3265	3267	111.147515	105.640535
3265	3267	3268	97.640991	110.898662
3267	3268	3269	98.581348	105.640535
3267	3268	3270	117.088632	71.701721
3269	3268	3270	113.982826	28.680688
3268	3270	3271	94.891915	54.971319
3270	3271	3272	108.409949	28.680688
3270	3271	3273	119.222628	71.701721
3272	3271	3273	111.933176	88.432122
3271	3273	3274	95.230566	35.133843
3273	3274	3275	99.444821	88.432122
3273	3274	3276	112.084210	71.701721
3275	3274	3276	115.457408	91.539197
3274	3276	3277	93.066516	105.640535
3276	3277	3278	103.850397	91.539197
3276	3277	3279	123.279987	71.701721
3278	3277	3279	111.012588	85.564054
3277	3279	3280	97.473158	87.954111
3279	3280	3281	97.811100	85.564054
3279	3280	3282	113.753001	71.701721
3281	3280	3282	113.400231	49.235182
3280	3282	3283	93.996145	65.248566
3282	3283	3284	111.728090	49.235182
3282	3283	3285	120.397421	71.701721
3284	3283	3285	118.270806	80.305927
3283	3285	3286	92.665717	54.493308
3285	3286	3287	103.134868	80.305927
3285	3286	3288	119.552363	71.701721
3287	3286	3288	113.815937	49.235182
3286	3288	3289	95.113974	65.248566
3288	3289	3290	107.529400	49.235182
3288	3289	3291	116.036629	71.701721
3290	3289	3291	112.204238	85.564054
3289	3291	3292	95.305362	87.954111
3291	3292	3293	112.797421	85.564054
3291	3292	3294	120.487269	71.701721
3293	3292	3294	110.092996	66.443595
3292	3294	3295	97.935394	39.435946
3294	3295	3296	112.648590	66.443595
3294	3295	3297	122.162560	71.701721
3296	3295	3297	111.139454	105.640535
3295	3297	3298	97.642237	110.898662
3297	3298	3299	98.578912	105.640535
3297	3298	3300	119.194171	71.701721
3299	3298	3300	113.629951	109.942639
3298	3300	3301	95.095485	84.847036
3300	3301	3302	98.271501	109.942639
3300	3301	3303	118.991643	71.701721
3302	3301	3303	113.986608	28.680688
3301	3303	3304	94.882590	54.971319
3303	3304	3305	108.416684	28.680688
3303	3304	3306	114.672567	71.701721
3305	3304	3306	114.223388	105.640535
3304	3306	3307	94.466324	110.898662
3306	3307	3308	105.059492	105.640535
3306	3307	3309	119.060316	71.701721
3308	3307	3309	113.826985	49.235182
3307	3309	3310	95.106412	65.248566
3309	3310	3311	107.533568	49.235182
3309	3310	3312	119.639001	71.701721
3311	3310	3312	111.937226	88.432122
3310	3312	3313	95.227474	35.133843
3312	3313	3314	99.442113	88.432122
3312	3313	3315	112.082685	71.701721
3314	3313	3315	115.455130	91.539197
3313	3315	3316	93.070041	105.640535
3315	3316	3317	103.854228	91.539197
3315	3316	3318	122.536832	71.701721
3317	3316	3318	112.056804	66.443595
3316	3318	3319	98.906816	39.435946
3318	3319	3320	103.505406	66.443595
3318	3319	3321	122.441950	71.701721
3320	3319	3321	111.013928	85.564054
3319	3321	3322	97.467544	87.954111
3321	3322	3323	97.809942	85.564054
3321	3322	3324	113.752130	71.701721
3323	3322	3324	113.391838	49.235182
3322	3324	3325	94.000631	65.248566
3324	3325	3326	111.725376	49.235182
3324	3325	3327	124.725182	71.701721
3326	3325	3327	111.151856	105.640535
3325	3327	3328	97.634898	110.898662
3327	3328	3329	98.578398	105.640535
3327	3328	3330	111.499846	71.701721
3329	3328	3330	113.399677	49.235182
3328	3330	3331	93.997741	65.248566
3330	3331	3332	111.728226	49.235182
3330	3331	3333	120.393420	71.701721
3332	3331	3333	118.270505	80.305927
3331	3333	3334	92.663483	54.493308
3333	3334	3335	103.134693	80.305927
3333	3334	3336	119.546540	71.701721
3335	3334	3336	113.819014	49.235182
3334	3336	3337	95.107826	65.248566
3336	3337	3338	107.528647	49.235182
3336	3337	3339	119.638966	71.701721
3338	3337	3339	111.936299	88.432122
3337	3339	3340	95.231260	35.133843
3339	3340	3341	99.444645	88.432122
3339	3340	3342	111.716261	71.701721
3341	3340	3342	113.395208	49.235182
3340	3342	3343	93.998452	65.248566
3342	3343	3344	111.728873	49.235182
3342	3343	3345	124.730375	71.701721
3344	3343	3345	111.139860	105.640535
3343	3345	3346	97.639799	110.898662
3345	3346	3347	98.579570	105.640535
3345	3346	3348	117.084960	71.701721
3347	3346	3348	113.983633	28.680688
3346	3348	3349	94.883489	54.971319
3348	3349	3350	108.420201	28.680688
3348	3349	3351	122.348181	71.701721
3350	3349	3351	113.829697	109.942639
3349	3351	3352	94.830331	84.847036
3351	3352	3353	108.822194	109.942639
3351	3352	3354	113.835523	71.701721
3353	3352	3354	112.199863	85.564054
3352	3354	3355	95.307607	87.954111
3354	3355	3356	112.801203	85.564054
3354	3355	3357	122.936263	71.701721
3356	3355	3357	111.142960	105.640535
3355	3357	3358	97.648557	110.898662
3357	3358	3359	98.576334	105.640535
3357	3358	3360	117.090335	71.701721
3359	3358	3360	113.984277	28.680688
3358	3360	3361	94.881700	54.971319
3360	3361	3362	108.413258	28.680688
3360	3361	3363	114.660704	71.701721
3362	3361	3363	114.228692	105.640535
3361	3363	3364	94.457969	110.898662
3363	3364	3365	105.066562	105.640535
3363	3364	3366	121.102517	71.701721
3365	3364	3366	111.014151	85.564054
3364	3366	3367	97.473045	87.954111
3366	3367	3368	97.812069	85.564054
3366	3367	3369	113.755844	71.701721
3368	3367	3369	113.398898	49.235182
3367	3369	3370	94.001892	65.248566
3369	3370	3371	111.725255	49.235182
3369	3370	3372	122.324987	71.701721
3371	3370	3372	110.102468	66.443595
3370	3372	3373	97.936593	39.435946
3372	3373	3374	112.645492	66.443595
3372	3373	3375	118.023660	71.701721
3374	3373	3375	118.273322	80.305927
3373	3375	3376	92.663997	54.493308
3375	3376	3377	103.132571	80.305927
3375	3376	3378	120.777679	71.701721
3377	3376	3378	112.054486	66.443595
3376	3378	3379	98.901568	39.435946
3378	3379	3380	103.504716	66.443595
3378	3379	3381	114.599608	71.701721
3380	3379	3381	116.083061	66.443595
3379	3381	3382	92.237644	114.244742
3381	3382	3383	110.599168	66.443595
3381	3382	3384	121.194023	71.701721
3383	3382	3384	118.272022	80.305927
3382	3384	3385	92.666090	54.493308
3384	3385	3386	103.130504	80.305927
3384	3385	3387	120.797905	71.701721
3386	3385	3387	112.061030	66.443595
3385	3387	3388	98.910727	39.435946
3387	3388	3389	103.511414	66.443595
3387	3388	3390	120.448283	71.701721
3389	3388	3390	113.822194	49.235182
3388	3390	3391	95.112955	65.248566
3390	3391	3392	107.532350	49.235182
3390	3391	3393	119.641416	71.701721
3392	3391	3393	111.932214	88.432122
3391	3393	3394	95.222111	35.133843
3393	3394	3395	99.442156	88.432122
3393	3394	3396	111.705331	71.701721
3395	3394	3396	113.394812	49.235182
3394	3396	3397	93.997391	65.248566
3396	3397	3398	111.734147	49.235182
3396	3397	3399	122.315646	71.701721
3398	3397	3399	110.108035	66.443595
3397	3399	3400	97.925806	39.435946
3399	3400	3401	112.656876	66.443595
3399	3400	3402	121.514776	71.701721
3401	3400	3402	114.659860	91.539197
3400	3402	3403	94.978232	105.640535
3402	3403	3404	108.064288	91.539197
3402	3403	3405	113.818997	71.701721
3404	3403	3405	112.205449	85.564054
3403	3405	3406	95.304399	87.954111
3405	3406	3407	112.802346	85.564054
3405	3406	3408	122.176889	71.701721
3407	3406	3408	114.665471	91.539197
3406	3408	3409	94.972483	105.640535
3408	3409	3410	108.062424	91.539197
3408	3409	3411	120.794948	71.701721
3410	3409	3411	113.829425	109.942639
3409	3411	3412	94.828026	84.847036
3411	3412	3413	108.826861	109.942639
3411	3412	3414	117.441089	71.701721
3413	3412	3414	111.930887	88.432122
3412	3414	3415	95.226081	35.133843
3414	3415	3416	99.445688	88.432122
3414	3415	3417	112.083531	71.701721
3416	3415	3417	115.453531	91.539197
3415	3417	3418	93.076755	105.640535
3417	3418	3419	103.848338	91.539197
3417	3418	3420	121.242070	71.701721
3419	3418	3420	113.823060	49.235182
3418	3420	3421	95.111120	65.248566
3420	3421	3422	107.528069	49.235182
3420	3421	3423	115.080701	71.701721
3422	3421	3423	114.226565	105.640535
3421	3423	3424	94.456804	110.898662
3423	3424	3425	105.066668	105.640535
3423	3424	3426	120.349869	71.701721
3425	3424	3426	112.063728	66.443595
3424	3426	3427	98.905621	39.435946
3426	3427	3428	103.507916	66.443595
3426	3427	3429	122.452145	71.701721
3428	3427	3429	111.014083	85.564054
3427	3429	3430	97.475100	87.954111
3429	3430	3431	97.817428	85.564054
3429	3430	3432	113.753973	71.701721
3431	3430	3432	113.400923	49.235182
3430	3432	3433	93.995730	65.248566
3432	3433	3434	111.727505	49.235182
3432	3433	3435	120.389824	71.701721
3434	3433	3435	118.273013	80.305927
3433	3435	3436	92.657452	54.493308
3435	3436	3437	103.139769	80.305927
3435	3436	3438	119.541887	71.701721
3437	3436	3438	113.823920	49.235182
3436	3438	3439	95.107909	65.248566
3438	3439	3440	107.527261	49.235182
3438	3439	3441	116.037630	71.701721
3440	3439	3441	112.201840	85.564054
3439	3441	3442	95.306544	87.954111
3441	3442	3443	112.797389	85.564054
3441	3442	3444	122.181219	71.701721
3443	3442	3444	114.665179	91.539197
3442	3444	3445	94.977105	105.640535
3444	3445	3446	108.063583	91.539197
3444	3445	3447	117.474218	71.701721
3446	3445	3447	111.925812	88.432122
3445	3447	3448	95.235921	35.133843
3447	3448	3449	99.447344	88.432122
3447	3448	3450	117.230441	71.701721
3449	3448	3450	113.986203	28.680688
3448	3450	3451	94.886081	54.971319
3450	3451	3452	108.413247	28.680688
3450	3451	3453	114.680196	71.701721
3452	3451	3453	114.223238	105.640535
3451	3453	3454	94.464334	110.898662
3453	3454	3455	105.067422	105.640535
3453	3454	3456	121.102838	71.701721
3455	3454	3456	111.005321	85.564054
3454	3456	3457	97.475470	87.954111
3456	3457	3458	97.809146	85.564054
3456	3457	3459	119.313263	71.701721
3458	3457	3459	113.982742	28.680688
3457	3459	3460	94.888388	54.971319
3459	3460	3461	108.408314	28.680688
3459	3460	3462	114.670643	71.701721
3461	3460	3462	114.223355	105.640535
3460	3462	3463	94.461681	110.898662
3462	3463	3464	105.064576	105.640535
3462	3463	3465	120.354687	71.701721
3464	3463	3465	112.049168	66.443595
3463	3465	3466	98.909498	39.435946
3465	3466	3467	103.504840	66.443595
3465	3466	3468	120.445021	71.701721
3467	3466	3468	113.823436	49.235182
3466	3468	3469	95.109733	65.248566
3468	3469	3470	107.533652	49.235182
3468	3469	3471	122.853765	71.701721
3470	3469	3471	113.826011	109.942639
3469	3471	3472	94.834565	84.847036
3471	3472	3473	108.824004	109.942639
3471	3472	3474	120.681812	71.701721
3473	3472	3474	113.827683	109.942639
3472	3474	3475	94.830135	84.847036
3474	3475	3476	108.821953	109.942639
3474	3475	3477	120.675676	71.701721
3476	3475	3477	113.836287	109.942639
3475	3477	3478	94.824192	84.847036
3477	3478	3479	108.826631	109.942639
3477	3478	3480	113.838524	71.701721
3479	3478	3480	112.199205	85.564054
3478	3480	3481	95.310342	87.954111
3480	3481	3482	112.796164	85.564054
3480	3481	3483	122.931099	71.701721
3482	3481	3483	111.148540	105.640535
3481	3483	3484	97.639747	110.898662
3483	3484	3485	98.580429	105.640535
3483	3484	3486	111.501765	71.701721
3485	3484	3486	113.392236	49.235182
3484	3486	3487	93.999987	65.248566
3486	3487	3488	111.734594	49.235182
3486	3487	3489	124.727907	71.701721
3488	3487	3489	111.145492	105.640535
3487	3489	3490	97.645110	110.898662
3489	3490	3491	98.572626	105.640535
3489	3490	3492	117.095030	71.701721
3491	3490	3492	113.978513	28.680688
3490	3492	3493	94.884674	54.971319
3492	3493	3494	108.419410	28.680688
3492	3493	3495	119.211479	71.701721
3494	3493	3495	111.933178	88.432122
3493	3495	3496	95.227423	35.133843
3495	3496	3497	99.437545	88.432122
3495	3496	3498	119.329494	71.701721
3497	3496	3498	113.636269	109.942639
3496	3498	3499	95.100829	84.847036
3498	3499	3500	98.272877	109.942639
3498	3499	3501	121.099793	71.701721
3500	3499	3501	113.638099	109.942639
3499	3501	3502	95.089306	84.847036
3501	3502	3503	98.279720	109.942639
3501	3502	3504	113.451676	71.701721
3503	3502	3504	113.396400	49.235182
3502	3504	3505	93.999198	65.248566
3504	3505	3506	111.730036	49.235182
3504	3505	3507	122.319905	71.701721
3506	3505	3507	110.098980	66.443595
3505	3507	3508	97.932110	39.435946
3507	3508	3509	112.653784	66.443595
3507	3508	3510	121.516021	71.701721
3509	3508	3510	114.659027	91.539197
3508	3510	3511	94.978600	105.640535
3510	3511	3512	108.059854	91.539197
3510	3511	3513	120.792616	71.701721
3512	3511	3513	113.830289	109.942639
3511	3513	3514	94.831532	84.847036
3513	3514	3515	108.816956	109.942639
3513	3514	3516	120.686693	71.701721
3515	3514	3516	113.824851	109.942639
3514	3516	3517	94.838170	84.847036
3516	3517	3518	108.820927	109.942639
3516	3517	3519	112.893438	71.701721
3518	3517	3519	114.228448	105.640535
3517	3519	3520	94.462460	110.898662
3519	3520	3521	105.068713	105.640535
3519	3520	3522	121.102887	71.701721
3521	3520	3522	111.003764	85.564054
3520	3522	3523	97.473569	87.954111
3522	3523	3524	97.809632	85.564054
3522	3523	3525	113.751957	71.701721
3524	3523	3525	113.393439	49.235182
3523	3525	3526	93.997552	65.248566
3525	3526	3527	111.731337	49.235182
3525	3526	3528	120.391673	71.701721
3527	3526	3528	118.268829	80.305927
3526	3528	3529	92.661093	54.493308
3528	3529	3530	103.137764	80.305927
3528	3529	3531	121.501801	71.701721
3530	3529	3531	111.011624	85.564054
3529	3531	3532	97.472603	87.954111
3531	3532	3533	97.812524	85.564054
3531	3532	3534	114.156283	71.701721
3533	3532	3534	115.458848	91.539197
3532	3534	3535	93.069936	105.640535
3534	3535	3536	103.849593	91.539197
3534	3535	3537	122.535177	71.701721
3536	3535	3537	112.055471	66.443595
3535	3537	3538	98.904002	39.435946
3537	3538	3539	103.507728	66.443595
3537	3538	3540	120.438195	71.701721
3539	3538	3540	113.822556	49.235182
3538	3540	3541	95.108143	65.248566
3540	3541	3542	107.530706	49.235182
3540	3541	3543	119.639293	71.701721
3542	3541	3543	111.928381	88.432122
3541	3543	3544	95.234168	35.133843
3543	3544	3545	99.439265	88.432122
3543	3544	3546	112.088165	71.701721
3545	3544	3546	115.448635	91.539197
3544	3546	3547	93.074343	105.640535
3546	3547	3548	103.848917	91.539197
3546	3547	3549	121.237350	71.701721
3548	3547	3549	113.825038	49.235182
3547	3549	3550	95.104324	65.248566
3549	3550	3551	107.531871	49.235182
3549	3550	3552	122.849173	71.701721
3551	3550	3552	113.831133	109.942639
3550	3552	3553	94.833854	84.847036
3552	3553	3554	108.819382	109.942639
3552	3553	3555	120.682117	71.701721
3554	3553	3555	113.829802	109.942639
3553	3555	3556	94.835804	84.847036
3555	3556	3557	108.818589	109.942639
3555	3556	3558	120.688252	71.701721
3557	3556	3558	113.828301	109.942639
3556	3558	3559	94.833916	84.847036
3558	3559	3560	108.822399	109.942639
3558	3559	3561	113.838152	71.701721
3560	3559	3561	112.203039	85.564054
3559	3561	3562	95.309939	87.954111
3561	3562	3563	112.791278	85.564054
3561	3562	3564	120.490518	71.701721
3563	3562	3564	110.101926	66.443595
3562	3564	3565	97.928369	39.435946
3564	3565	3566	112.652400	66.443595
3564	3565	3567	118.012324	71.701721
3566	3565	3567	118.275724	80.305927
3565	3567	3568	92.657518	54.493308
3567	3568	3569	103.137037	80.305927
3567	3568	3570	119.551916	71.701721
3569	3568	3570	113.816283	49.235182
3568	3570	3571	95.111479	65.248566
3570	3571	3572	107.531961	49.235182
3570	3571	3573	119.641856	71.701721
3572	3571	3573	111.930696	88.432122
3571	3573	3574	95.231155	35.133843
3573	3574	3575	99.447807	88.432122
3573	3574	3576	111.710972	71.701721
3575	3574	3576	113.390564	49.235182
3574	3576	3577	93.992222	65.248566
3576	3577	3578	111.734368	49.235182
3576	3577	3579	124.717808	71.701721
3578	3577	3579	111.149167	105.640535
3577	3579	3580	97.634500	110.898662
3579	3580	3581	98.578463	105.640535
3579	3580	3582	119.193233	71.701721
3581	3580	3582	113.638041	109.942639
3580	3582	3583	95.092370	84.847036
3582	3583	3584	98.274925	109.942639
3582	3583	3585	113.841123	71.701721
3584	3583	3585	115.458121	91.539197
3583	3585	3586	93.069097	105.640535
3585	3586	3587	103.848808	91.539197
3585	3586	3588	121.234250	71.701721
3587	3586	3588	113.826469	49.235182
3586	3588	3589	95.103488	65.248566
3588	3589	3590	107.538450	49.235182
3588	3589	3591	116.034466	71.701721
3590	3589	3591	112.199125	85.564054
3589	3591	3592	95.308080	87.954111
3591	3592	3593	112.792917	85.564054
3591	3592	3594	118.654565	71.701721
3593	3592	3594	118.272262	80.305927
3592	3594	3595	92.663471	54.493308
3594	3595	3596	103.132302	80.305927
3594	3595	3597	121.506994	71.701721
3596	3595	3597	111.004553	85.564054
3595	3597	3598	97.483116	87.954111
3597	3598	3599	97.803777	85.564054
3597	3598	3600	113.760353	71.701721
3599	3598	3600	113.395676	49.235182
3598	3600	3601	93.998538	65.248566
3600	3601	3602	111.732571	49.235182
3600	3601	3603	122.314995	71.701721
3602	3601	3603	110.107936	66.443595
3601	3603	3604	97.920970	39.435946
3603	3604	3605	112.657868	66.443595
3603	3604	3606	121.503705	71.701721
3605	3604	3606	114.660498	91.539197
3604	3606	3607	94.973166	105.640535
3606	3607	3608	108.057537	91.539197
3606	3607	3609	120.799162	71.701721
3608	3607	3609	113.829265	109.942639
3607	3609	3610	94.834216	84.847036
3609	3610	3611	108.822795	109.942639
3609	3610	3612	117.446055	71.701721
3611	3610	3612	111.926220	88.432122
3610	3612	3613	95.233272	35.133843
3612	3613	3614	99.442566	88.432122
3612	3613	3615	112.083483	71.701721
3614	3613	3615	115.457550	91.539197
3613	3615	3616	93.066948	105.640535
3615	3616	3617	103.849656	91.539197
3615	3616	3618	122.526290	71.701721
3617	3616	3618	112.061598	66.443595
3616	3618	3619	98.898128	39.435946
3618	3619	3620	103.506693	66.443595
3618	3619	3621	120.447689	71.701721
3620	3619	3621	113.818642	49.235182
3619	3621	3622	95.117818	65.248566
3621	3622	3623	107.529552	49.235182
3621	3622	3624	116.037458	71.701721
3623	3622	3624	112.199729	85.564054
3622	3624	3625	95.306740	87.954111
3624	3625	3626	112.791163	85.564054
3624	3625	3627	118.653542	71.701721
3626	3625	3627	118.276021	80.305927
3625	3627	3628	92.666121	54.493308
3627	3628	3629	103.129507	80.305927
3627	3628	3630	121.507574	71.701721
3629	3628	3630	111.014042	85.564054
3628	3630	3631	97.475967	87.954111
3630	3631	3632	97.805319	85.564054
3630	3631	3633	113.758450	71.701721
3632	3631	3633	113.390402	49.235182
3631	3633	3634	93.998226	65.248566
3633	3634	3635	111.731119	49.235182
3633	3634	3636	123.928725	71.701721
3635	3634	3636	114.667931	91.539197
3634	3636	3637	94.971064	105.640535
3636	3637	3638	108.066015	91.539197
3636	3637	3639	120.799941	71.701721
3638	3637	3639	113.828053	109.942639
3637	3639	3640	94.838503	84.847036
3639	3640	3641	108.822578	109.942639
3639	3640	3642	112.890569	71.701721
3641	3640	3642	114.229553	105.640535
3640	3642	3643	94.462994	110.898662
3642	3643	3644	105.067775	105.640535
3642	3643	3645	119.067265	71.701721
3644	3643	3645	113.820270	49.235182
3643	3645	3646	95.118605	65.248566
3645	3646	3647	107.521125	49.235182
3645	3646	3648	119.646392	71.701721
3647	3646	3648	111.932789	88.432122
3646	3648	3649	95.228477	35.133843
3648	3649	3650	99.442783	88.432122
3648	3649	3651	111.707971	71.701721
3650	3649	3651	113.399340	49.235182
3649	3651	3652	93.998868	65.248566
3651	3652	3653	111.732041	49.235182
3651	3652	3654	120.397296	71.701721
3653	3652	3654	118.270316	80.305927
3652	3654	3655	92.666725	54.493308
3654	3655	3656	103.131438	80.305927
3654	3655	3657	120.789006	71.701721
3656	3655	3657	112.056286	66.443595
3655	3657	3658	98.905558	39.435946
3657	3658	3659	103.511410	66.443595
3657	3658	3660	122.449384	71.701721
3659	3658	3660	111.008671	85.564054
3658	3660	3661	97.475961	87.954111
3660	3661	3662	97.814758	85.564054
3660	3661	3663	121.421759	71.701721
3662	3661	3663	113.633535	109.942639
3661	3663	3664	95.100170	84.847036
3663	3664	3665	98.273879	109.942639
3663	3664	3666	121.100634	71.701721
3665	3664	3666	113.634135	109.942639
3664	3666	3667	95.099288	84.847036
3666	3667	3668	98.273465	109.942639
3666	3667	3669	121.095981	71.701721
3668	3667	3669	113.634753	109.942639
3667	3669	3670	95.092361	84.847036
3669	3670	3671	98.277709	109.942639
3669	3670	3672	113.451733	71.701721
3671	3670	3672	113.392847	49.235182
3670	3672	3673	93.998762	65.248566
3672	3673	3674	111.732799	49.235182
3672	3673	3675	123.931232	71.701721
3674	3673	3675	114.669779	91.539197
3673	3675	3676	94.965172	105.640535
3675	3676	3677	108.065815	91.539197
3675	3676	3678	117.454862	71.701721
3677	3676	3678	111.928829	88.432122
3676	3678	3679	95.230429	35.133843
3678	3679	3680	99.440416	88.432122
3678	3679	3681	111.713340	71.701721
3680	3679	3681	113.402174	49.235182
3679	3681	3682	93.995930	65.248566
3681	3682	3683	111.731893	49.235182
3681	3682	3684	122.318183	71.701721
3683	3682	3684	110.098552	66.443595
3682	3684	3685	97.932054	39.435946
3684	3685	3686	112.652901	66.443595
3684	3685	3687	121.517075	71.701721
3686	3685	3687	114.662900	91.539197
3685	3687	3688	94.978243	105.640535
3687	3688	3689	108.060543	91.539197
3687	3688	3690	113.816031	71.701721
3689	3688	3690	112.200476	85.564054
3688	3690	3691	95.305027	87.954111
3690	3691	3692	112.797415	85.564054
3690	3691	3693	118.647658	71.701721
3692	3691	3693	118.280886	80.305927
3691	3693	3694	92.653769	54.493308
3693	3694	3695	103.145139	80.305927
3693	3694	3696	119.549097	71.701721
3695	3694	3696	113.822430	49.235182
3694	3696	3697	95.108487	65.248566
3696	3697	3698	107.534136	49.235182
3696	3697	3699	116.036931	71.701721
3698	3697	3699	112.198272	85.564054
3697	3699	3700	95.307684	87.954111
3699	3700	3701	112.800505	85.564054
3699	3700	3702	122.927331	71.701721
3701	3700	3702	111.142832	105.640535
3700	3702	3703	97.644856	110.898662
3702	3703	3704	98.580332	105.640535
3702	3703	3705	119.201731	71.701721
3704	3703	3705	113.638939	109.942639
3703	3705	3706	95.089906	84.847036
3705	3706	3707	98.275535	109.942639
3705	3706	3708	121.089886	71.701721
3707	3706	3708	113.633208	109.942639
3706	3708	3709	95.097703	84.847036
3708	3709	3710	98.274889	109.942639
3708	3709	3711	113.846323	71.701721
3710	3709	3711	115.451787	91.539197
3709	3711	3712	93.072579	105.640535
3711	3712	3713	103.853639	91.539197
3711	3712	3714	122.529905	71.701721
3713	3712	3714	112.060751	66.443595
3712	3714	3715	98.908926	39.435946
3714	3715	3716	103.507232	66.443595
3714	3715	3717	120.451503	71.701721
3716	3715	3717	113.821998	49.235182
3715	3717	3718	95.107140	65.248566
3717	3718	3719	107.534594	49.235182
3717	3718	3720	122.848843	71.701721
3719	3718	3720	113.828637	109.942639
3718	3720	3721	94.831940	84.847036
3720	3721	3722	108.824062	109.942639
3720	3721	3723	120.684664	71.701721
3722	3721	3723	113.824781	109.942639
3721	3723	3724	94.833223	84.847036
3723	3724	3725	108.828564	109.942639
3723	3724	3726	117.447317	71.701721
3725	3724	3726	111.930430	88.432122
3724	3726	3727	95.232414	35.133843
3726	3727	3728	99.440172	88.432122
3726	3727	3729	117.234929	71.701721
3728	3727	3729	113.978634	28.680688
3727	3729	3730	94.891702	54.971319
3729	3730	3731	108.407407	28.680688
3729	3730	3732	114.675713	71.701721
3731	3730	3732	114.229107	105.640535
3730	3732	3733	94.457583	110.898662
3732	3733	3734	105.066544	105.640535
3732	3733	3735	119.058417	71.701721
3734	3733	3735	113.821537	49.235182
3733	3735	3736	95.111783	65.248566
3735	3736	3737	107.530716	49.235182
3735	3736	3738	115.082732	71.701721
3737	3736	3738	114.227076	105.640535
3736	3738	3739	94.460301	110.898662
3738	3739	3740	105.061836	105.640535
3738	3739	3741	121.102133	71.701721
3740	3739	3741	111.016280	85.564054
3739	3741	3742	97.480440	87.954111
3741	3742	3743	97.804081	85.564054
3741	3742	3744	121.429456	71.701721
3743	3742	3744	113.636156	109.942639
3742	3744	3745	95.098633	84.847036
3744	3745	3746	98.277483	109.942639
3744	3745	3747	121.097462	71.701721
3746	3745	3747	113.634156	109.942639
3745	3747	3748	95.094394	84.847036
3747	3748	3749	98.274472	109.942639
3747	3748	3750	121.086830	71.701721
3749	3748	3750	113.632687	109.942639
3748	3750	3751	95.094821	84.847036
3750	3751	3752	98.274128	109.942639
3750	3751	3753	113.457199	71.701721
3752	3751	3753	113.401528	49.235182
3751	3753	3754	93.994254	65.248566
3753	3754	3755	111.734899	49.235182
3753	3754	3756	122.308172	71.701721
3755	3754	3756	110.105484	66.443595
3754	3756	3757	97.914152	39.435946
3756	3757	3758	112.660804	66.443595
3756	3757	3759	122.141060	71.701721
3758	3757	3759	111.144861	105.640535
3757	3759	3760	97.635104	110.898662
3759	3760	3761	98.577925	105.640535
3759	3760	3762	117.087395	71.701721
3761	3760	3762	113.987688	28.680688
3760	3762	3763	94.880565	54.971319
3762	3763	3764	108.416737	28.680688
3762	3763	3765	115.645488	71.701721
3764	3763	3765	112.200526	85.564054
3763	3765	3766	95.308094	87.954111
3765	3766	3767	112.788458	85.564054
3765	3766	3768	122.933411	71.701721
3767	3766	3768	111.148444	105.640535
3766	3768	3769	97.648327	110.898662
3768	3769	3770	98.572150	105.640535
3768	3769	3771	117.091044	71.701721
3770	3769	3771	113.988921	28.680688
3769	3771	3772	94.883687	54.971319
3771	3772	3773	108.414673	28.680688
3771	3772	3774	119.220546	71.701721
3773	3772	3774	111.931507	88.432122
3772	3774	3775	95.232509	35.133843
3774	3775	3776	99.446745	88.432122
3774	3775	3777	112.082866	71.701721
3776	3775	3777	115.451310	91.539197
3775	3777	3778	93.066421	105.640535
3777	3778	3779	103.846668	91.539197
3777	3778	3780	123.281717	71.701721
3779	3778	3780	111.012411	85.564054
3778	3780	3781	97.472835	87.954111
3780	3781	3782	97.810344	85.564054
3780	3781	3783	113.756763	71.701721
3782	3781	3783	113.397535	49.235182
3781	3783	3784	93.989538	65.248566
3783	3784	3785	111.741588	49.235182
3783	3784	3786	120.388816	71.701721
3785	3784	3786	118.262930	80.305927
3784	3786	3787	92.669770	54.493308
3786	3787	3788	103.132538	80.305927
3786	3787	3789	119.547831	71.701721
3788	3787	3789	113.818393	49.235182
3787	3789	3790	95.111886	65.248566
3789	3790	3791	107.530148	49.235182
3789	3790	3792	116.035984	71.701721
3791	3790	3792	112.206264	85.564054
3790	3792	3793	95.301885	87.954111
3792	3793	3794	112.795174	85.564054
3792	3793	3795	120.489466	71.701721
3794	3793	3795	110.095918	66.443595
3793	3795	3796	97.939130	39.435946
3795	3796	3797	112.645462	66.443595
3795	3796	3798	122.161722	71.701721
3797	3796	3798	111.146508	105.640535
3796	3798	3799	97.643912	110.898662
3798	3799	3800	98.576590	105.640535
3798	3799	3801	119.202144	71.701721
3800	3799	3801	113.636496	109.942639
3799	3801	3802	95.096445	84.847036
3801	3802	3803	98.271592	109.942639
3801	3802	3804	118.991108	71.701721
3803	3802	3804	113.985316	28.680688
3802	3804	3805	94.886727	54.971319
3804	3805	3806	108.408075	28.680688
3804	3805	3807	114.674701	71.701721
3806	3805	3807	114.221982	105.640535
3805	3807	3808	94.468135	110.898662
3807	3808	3809	105.065055	105.640535
3807	3808	3810	119.064881	71.701721
3809	3808	3810	113.824202	49.235182
3808	3810	3811	95.105903	65.248566
3810	3811	3812	107.529368	49.235182
3810	3811	3813	119.629665	71.701721
3812	3811	3813	111.932257	88.432122
3811	3813	3814	95.225243	35.133843
3813	3814	3815	99.442902	88.432122
3813	3814	3816	112.081989	71.701721
3815	3814	3816	115.452707	91.539197
3814	3816	3817	93.067673	105.640535
3816	3817	3818	103.849037	91.539197
3816	3817	3819	122.530019	71.701721
3818	3817	3819	112.055705	66.443595
3817	3819	3820	98.905958	39.435946
3819	3820	3821	103.506027	66.443595
3819	3820	3822	122.448826	71.701721
3821	3820	3822	111.008827	85.564054
3820	3822	3823	97.473686	87.954111
3822	3823	3824	97.803661	85.564054
3822	3823	3825	113.751929	71.701721
3824	3823	3825	113.397127	49.235182
3823	3825	3826	94.000170	65.248566
3825	3826	3827	111.726645	49.235182
3825	3826	3828	124.731601	71.701721
3827	3826	3828	111.145668	105.640535
3826	3828	3829	97.640800	110.898662
3828	3829	3830	98.575007	105.640535
