;ai	aj	ak	func	 th0(deg)        Ka
1	2	3	1	 1.116862921e+02 4.000000000e+01
2	3	4	1	 9.596840533e+01 4.000000000e+01
3	4	5	1	 9.101256068e+01 4.000000000e+01
4	5	6	1	 1.046733097e+02 4.000000000e+01
5	6	7	1	 1.106606709e+02 4.000000000e+01
6	7	8	1	 1.254198180e+02 4.000000000e+01
7	8	9	1	 1.260693930e+02 4.000000000e+01
8	9	10	1	 1.216026012e+02 4.000000000e+01
9	10	11	1	 1.086006804e+02 4.000000000e+01
10	11	12	1	 8.476350661e+01 4.000000000e+01
11	12	13	1	 9.084874170e+01 4.000000000e+01
12	13	14	1	 8.786479242e+01 4.000000000e+01
13	14	15	1	 8.960106904e+01 4.000000000e+01
14	15	16	1	 9.215480806e+01 4.000000000e+01
15	16	17	1	 8.870413082e+01 4.000000000e+01
16	17	18	1	 9.004647356e+01 4.000000000e+01
17	18	19	1	 8.141143629e+01 4.000000000e+01
18	19	20	1	 9.799713336e+01 4.000000000e+01
19	20	21	1	 9.285100979e+01 4.000000000e+01
20	21	22	1	 9.692351158e+01 4.000000000e+01
21	22	23	1	 8.592017951e+01 4.000000000e+01
22	23	24	1	 9.842045964e+01 4.000000000e+01
23	24	25	1	 1.371919468e+02 4.000000000e+01
24	25	26	1	 1.000939314e+02 4.000000000e+01
25	26	27	1	 1.223534116e+02 4.000000000e+01
26	27	28	1	 1.203482903e+02 4.000000000e+01
27	28	29	1	 1.209661734e+02 4.000000000e+01
28	29	30	1	 9.450195768e+01 4.000000000e+01
29	30	31	1	 9.639510489e+01 4.000000000e+01
30	31	32	1	 9.326324559e+01 4.000000000e+01
31	32	33	1	 9.815023626e+01 4.000000000e+01
32	33	34	1	 8.557524877e+01 4.000000000e+01
33	34	35	1	 9.521465708e+01 4.000000000e+01
34	35	36	1	 8.366133104e+01 4.000000000e+01
35	36	37	1	 8.939916731e+01 4.000000000e+01
36	37	38	1	 9.788957897e+01 4.000000000e+01
37	38	39	1	 9.603071778e+01 4.000000000e+01
38	39	40	1	 9.261545437e+01 4.000000000e+01
39	40	41	1	 9.960970505e+01 4.000000000e+01
40	41	42	1	 1.130238484e+02 4.000000000e+01
41	42	43	1	 1.201207994e+02 4.000000000e+01
42	43	44	1	 9.724645529e+01 4.000000000e+01
43	44	45	1	 8.801927089e+01 4.000000000e+01
44	45	46	1	 8.738584330e+01 4.000000000e+01
45	46	47	1	 9.750887578e+01 4.000000000e+01
46	47	48	1	 8.850779509e+01 4.000000000e+01
47	48	49	1	 9.761174640e+01 4.000000000e+01
48	49	50	1	 8.215625349e+01 4.000000000e+01
49	50	51	1	 9.435310010e+01 4.000000000e+01
50	51	52	1	 8.574865374e+01 4.000000000e+01
51	52	53	1	 9.878238421e+01 4.000000000e+01
52	53	54	1	 9.420619140e+01 4.000000000e+01
53	54	55	1	 9.452524947e+01 4.000000000e+01
54	55	56	1	 9.102916362e+01 4.000000000e+01
55	56	57	1	 9.850672285e+01 4.000000000e+01
56	57	58	1	 9.678683977e+01 4.000000000e+01
57	58	59	1	 9.373060037e+01 4.000000000e+01
58	59	60	1	 8.767267273e+01 4.000000000e+01
59	60	61	1	 9.121907420e+01 4.000000000e+01
60	61	62	1	 9.473891923e+01 4.000000000e+01
61	62	63	1	 8.103881058e+01 4.000000000e+01

