;ai	aj	func	 r0(nm)	         Kb
1	2	1	 3.809085323e-01 2.000000000e+04
2	3	1	 3.859340229e-01 2.000000000e+04
3	4	1	 3.883109836e-01 2.000000000e+04
4	5	1	 3.785064729e-01 2.000000000e+04
5	6	1	 3.787557524e-01 2.000000000e+04
6	7	1	 3.788873579e-01 2.000000000e+04
7	8	1	 3.779364761e-01 2.000000000e+04
8	9	1	 3.798074644e-01 2.000000000e+04
9	10	1	 3.857969155e-01 2.000000000e+04
10	11	1	 3.806405391e-01 2.000000000e+04
11	12	1	 3.855506582e-01 2.000000000e+04
12	13	1	 3.894130070e-01 2.000000000e+04
13	14	1	 3.921712126e-01 2.000000000e+04
14	15	1	 3.842584157e-01 2.000000000e+04
15	16	1	 3.815870543e-01 2.000000000e+04
16	17	1	 3.906907985e-01 2.000000000e+04
17	18	1	 3.861522239e-01 2.000000000e+04
18	19	1	 3.769675318e-01 2.000000000e+04
19	20	1	 3.812065188e-01 2.000000000e+04
20	21	1	 3.867574951e-01 2.000000000e+04
21	22	1	 3.823464921e-01 2.000000000e+04
22	23	1	 3.881190539e-01 2.000000000e+04
23	24	1	 3.811491309e-01 2.000000000e+04
24	25	1	 3.828298447e-01 2.000000000e+04
25	26	1	 3.894795245e-01 2.000000000e+04
26	27	1	 3.881987378e-01 2.000000000e+04
27	28	1	 3.885969248e-01 2.000000000e+04
28	29	1	 3.817794389e-01 2.000000000e+04
29	30	1	 3.887276424e-01 2.000000000e+04
30	31	1	 3.881634321e-01 2.000000000e+04
31	32	1	 3.781919618e-01 2.000000000e+04
32	33	1	 3.874509130e-01 2.000000000e+04
33	34	1	 3.895193577e-01 2.000000000e+04
34	35	1	 3.860689835e-01 2.000000000e+04
35	36	1	 3.798529979e-01 2.000000000e+04
36	37	1	 3.827192966e-01 2.000000000e+04
37	38	1	 3.909149396e-01 2.000000000e+04
38	39	1	 3.833834243e-01 2.000000000e+04
39	40	1	 3.836968986e-01 2.000000000e+04
40	41	1	 3.810497868e-01 2.000000000e+04
41	42	1	 3.885971050e-01 2.000000000e+04
42	43	1	 3.884128087e-01 2.000000000e+04
43	44	1	 3.817558644e-01 2.000000000e+04
44	45	1	 3.889398540e-01 2.000000000e+04
45	46	1	 3.966385886e-01 2.000000000e+04
46	47	1	 3.961968576e-01 2.000000000e+04
47	48	1	 3.894608324e-01 2.000000000e+04
48	49	1	 3.897789758e-01 2.000000000e+04
49	50	1	 3.915282621e-01 2.000000000e+04
50	51	1	 3.882571442e-01 2.000000000e+04
51	52	1	 3.884244843e-01 2.000000000e+04
52	53	1	 3.892718074e-01 2.000000000e+04
53	54	1	 3.870102583e-01 2.000000000e+04
54	55	1	 3.905621974e-01 2.000000000e+04
55	56	1	 3.895130293e-01 2.000000000e+04
56	57	1	 3.867800796e-01 2.000000000e+04
57	58	1	 3.765174498e-01 2.000000000e+04
58	59	1	 3.785934231e-01 2.000000000e+04
59	60	1	 3.879704886e-01 2.000000000e+04
60	61	1	 3.816470752e-01 2.000000000e+04
61	62	1	 3.817170156e-01 2.000000000e+04
62	63	1	 3.864671396e-01 2.000000000e+04

