;ai	aj	ak	al	func	 phi0(deg)       Kd              mult
1	2	3	4	1	 5.229629881e+01 1.000000000e+00 1
1	2	3	4	1	 1.568888964e+02 5.000000000e-01 3
2	3	4	5	1	 7.413840822e+01 1.000000000e+00 1
2	3	4	5	1	 2.224152246e+02 5.000000000e-01 3
3	4	5	6	1	 1.920107144e+01 1.000000000e+00 1
3	4	5	6	1	 5.760321433e+01 5.000000000e-01 3
4	5	6	7	1	 8.019347724e+01 1.000000000e+00 1
4	5	6	7	1	 2.405804317e+02 5.000000000e-01 3
5	6	7	8	1	 2.674619904e+01 1.000000000e+00 1
5	6	7	8	1	 8.023859712e+01 5.000000000e-01 3
6	7	8	9	1	 9.554871000e+00 1.000000000e+00 1
6	7	8	9	1	 2.866461300e+01 5.000000000e-01 3
7	8	9	10	1	 4.803578817e+01 1.000000000e+00 1
7	8	9	10	1	 1.441073645e+02 5.000000000e-01 3
8	9	10	11	1	 8.676783096e+01 1.000000000e+00 1
8	9	10	11	1	 2.603034929e+02 5.000000000e-01 3
9	10	11	12	1	 6.776459210e+01 1.000000000e+00 1
9	10	11	12	1	 2.032937763e+02 5.000000000e-01 3
10	11	12	13	1	 2.344431173e+02 1.000000000e+00 1
10	11	12	13	1	 7.033293519e+02 5.000000000e-01 3
11	12	13	14	1	 2.279132820e+02 1.000000000e+00 1
11	12	13	14	1	 6.837398459e+02 5.000000000e-01 3
12	13	14	15	1	 2.283815646e+02 1.000000000e+00 1
12	13	14	15	1	 6.851446937e+02 5.000000000e-01 3
13	14	15	16	1	 2.395515410e+02 1.000000000e+00 1
13	14	15	16	1	 7.186546230e+02 5.000000000e-01 3
14	15	16	17	1	 2.258371423e+02 1.000000000e+00 1
14	15	16	17	1	 6.775114269e+02 5.000000000e-01 3
15	16	17	18	1	 2.295695337e+02 1.000000000e+00 1
15	16	17	18	1	 6.887086011e+02 5.000000000e-01 3
16	17	18	19	1	 2.285546791e+02 1.000000000e+00 1
16	17	18	19	1	 6.856640374e+02 5.000000000e-01 3
17	18	19	20	1	 2.371691112e+02 1.000000000e+00 1
17	18	19	20	1	 7.115073336e+02 5.000000000e-01 3
18	19	20	21	1	 2.215643751e+02 1.000000000e+00 1
18	19	20	21	1	 6.646931252e+02 5.000000000e-01 3
19	20	21	22	1	 2.241100642e+02 1.000000000e+00 1
19	20	21	22	1	 6.723301926e+02 5.000000000e-01 3
20	21	22	23	1	 2.320751319e+02 1.000000000e+00 1
20	21	22	23	1	 6.962253956e+02 5.000000000e-01 3
21	22	23	24	1	 2.166446861e+02 1.000000000e+00 1
21	22	23	24	1	 6.499340583e+02 5.000000000e-01 3
22	23	24	25	1	 1.965832626e+02 1.000000000e+00 1
22	23	24	25	1	 5.897497879e+02 5.000000000e-01 3
23	24	25	26	1	 2.313805373e+01 1.000000000e+00 1
23	24	25	26	1	 6.941416119e+01 5.000000000e-01 3
24	25	26	27	1	 2.229253550e+02 1.000000000e+00 1
24	25	26	27	1	 6.687760649e+02 5.000000000e-01 3
25	26	27	28	1	 2.137045239e+01 1.000000000e+00 1
25	26	27	28	1	 6.411135718e+01 5.000000000e-01 3
26	27	28	29	1	 4.414861242e+01 1.000000000e+00 1
26	27	28	29	1	 1.324458373e+02 5.000000000e-01 3
27	28	29	30	1	 8.038940132e+01 1.000000000e+00 1
27	28	29	30	1	 2.411682040e+02 5.000000000e-01 3
28	29	30	31	1	 2.213220833e+02 1.000000000e+00 1
28	29	30	31	1	 6.639662500e+02 5.000000000e-01 3
29	30	31	32	1	 2.277311520e+02 1.000000000e+00 1
29	30	31	32	1	 6.831934560e+02 5.000000000e-01 3
30	31	32	33	1	 2.254663277e+02 1.000000000e+00 1
30	31	32	33	1	 6.763989830e+02 5.000000000e-01 3
31	32	33	34	1	 2.344621367e+02 1.000000000e+00 1
31	32	33	34	1	 7.033864102e+02 5.000000000e-01 3
32	33	34	35	1	 2.398671083e+02 1.000000000e+00 1
32	33	34	35	1	 7.196013249e+02 5.000000000e-01 3
33	34	35	36	1	 2.255026411e+02 1.000000000e+00 1
33	34	35	36	1	 6.765079233e+02 5.000000000e-01 3
34	35	36	37	1	 2.337542386e+02 1.000000000e+00 1
34	35	36	37	1	 7.012627157e+02 5.000000000e-01 3
35	36	37	38	1	 2.233152190e+02 1.000000000e+00 1
35	36	37	38	1	 6.699456570e+02 5.000000000e-01 3
36	37	38	39	1	 2.354253937e+02 1.000000000e+00 1
36	37	38	39	1	 7.062761811e+02 5.000000000e-01 3
37	38	39	40	1	 2.083554758e+02 1.000000000e+00 1
37	38	39	40	1	 6.250664275e+02 5.000000000e-01 3
38	39	40	41	1	 6.085516958e+01 1.000000000e+00 1
38	39	40	41	1	 1.825655087e+02 5.000000000e-01 3
39	40	41	42	1	 3.127387669e+02 1.000000000e+00 1
39	40	41	42	1	 9.382163008e+02 5.000000000e-01 3
40	41	42	43	1	 7.553441604e+01 1.000000000e+00 1
40	41	42	43	1	 2.266032481e+02 5.000000000e-01 3
41	42	43	44	1	 7.505569144e+01 1.000000000e+00 1
41	42	43	44	1	 2.251670743e+02 5.000000000e-01 3
42	43	44	45	1	 2.307476391e+02 1.000000000e+00 1
42	43	44	45	1	 6.922429172e+02 5.000000000e-01 3
43	44	45	46	1	 2.393438308e+02 1.000000000e+00 1
43	44	45	46	1	 7.180314925e+02 5.000000000e-01 3
44	45	46	47	1	 2.201900826e+02 1.000000000e+00 1
44	45	46	47	1	 6.605702478e+02 5.000000000e-01 3
45	46	47	48	1	 2.329761192e+02 1.000000000e+00 1
45	46	47	48	1	 6.989283575e+02 5.000000000e-01 3
46	47	48	49	1	 2.314177847e+02 1.000000000e+00 1
46	47	48	49	1	 6.942533542e+02 5.000000000e-01 3
47	48	49	50	1	 2.308201743e+02 1.000000000e+00 1
47	48	49	50	1	 6.924605228e+02 5.000000000e-01 3
48	49	50	51	1	 2.349593553e+02 1.000000000e+00 1
48	49	50	51	1	 7.048780659e+02 5.000000000e-01 3
49	50	51	52	1	 2.289334779e+02 1.000000000e+00 1
49	50	51	52	1	 6.868004336e+02 5.000000000e-01 3
50	51	52	53	1	 2.374498874e+02 1.000000000e+00 1
50	51	52	53	1	 7.123496621e+02 5.000000000e-01 3
51	52	53	54	1	 2.283953826e+02 1.000000000e+00 1
51	52	53	54	1	 6.851861478e+02 5.000000000e-01 3
52	53	54	55	1	 2.363892829e+02 1.000000000e+00 1
52	53	54	55	1	 7.091678488e+02 5.000000000e-01 3
53	54	55	56	1	 2.204210415e+02 1.000000000e+00 1
53	54	55	56	1	 6.612631245e+02 5.000000000e-01 3
54	55	56	57	1	 2.276958233e+02 1.000000000e+00 1
54	55	56	57	1	 6.830874698e+02 5.000000000e-01 3
55	56	57	58	1	 2.283972568e+02 1.000000000e+00 1
55	56	57	58	1	 6.851917704e+02 5.000000000e-01 3
56	57	58	59	1	 2.187147208e+02 1.000000000e+00 1
56	57	58	59	1	 6.561441625e+02 5.000000000e-01 3
57	58	59	60	1	 2.338956511e+02 1.000000000e+00 1
57	58	59	60	1	 7.016869534e+02 5.000000000e-01 3
58	59	60	61	1	 2.457198189e+02 1.000000000e+00 1
58	59	60	61	1	 7.371594566e+02 5.000000000e-01 3
59	60	61	62	1	 2.218290211e+02 1.000000000e+00 1
59	60	61	62	1	 6.654870634e+02 5.000000000e-01 3
60	61	62	63	1	 2.412619075e+02 1.000000000e+00 1
60	61	62	63	1	 7.237857224e+02 5.000000000e-01 3


