;ai	aj	type	 A               B
2	6	6	 1.000000000e+00 1.086793697e+00 5.000000000e-02 1.677721600e-05
7	45	6	 1.000000000e+00 9.416518783e-01 5.000000000e-02 1.677721600e-05
8	13	6	 1.000000000e+00 9.358178616e-01 5.000000000e-02 1.677721600e-05
8	41	6	 1.000000000e+00 1.040227922e+00 5.000000000e-02 1.677721600e-05
9	13	6	 1.000000000e+00 5.627783223e-01 5.000000000e-02 1.677721600e-05
9	41	6	 1.000000000e+00 7.979109098e-01 5.000000000e-02 1.677721600e-05
9	14	6	 1.000000000e+00 5.910566640e-01 5.000000000e-02 1.677721600e-05
9	17	6	 1.000000000e+00 9.639967272e-01 5.000000000e-02 1.677721600e-05
9	45	6	 1.000000000e+00 9.206197098e-01 5.000000000e-02 1.677721600e-05
9	49	6	 1.000000000e+00 1.002712222e+00 5.000000000e-02 1.677721600e-05
10	14	6	 1.000000000e+00 6.267988354e-01 5.000000000e-02 1.677721600e-05
10	15	6	 1.000000000e+00 8.482405378e-01 5.000000000e-02 1.677721600e-05
11	15	6	 1.000000000e+00 5.993575644e-01 5.000000000e-02 1.677721600e-05
12	16	6	 1.000000000e+00 6.604713014e-01 5.000000000e-02 1.677721600e-05
12	39	6	 1.000000000e+00 8.138737617e-01 5.000000000e-02 1.677721600e-05
13	39	6	 1.000000000e+00 5.624357297e-01 5.000000000e-02 1.677721600e-05
13	41	6	 1.000000000e+00 7.906676040e-01 5.000000000e-02 1.677721600e-05
13	17	6	 1.000000000e+00 6.568036921e-01 5.000000000e-02 1.677721600e-05
13	35	6	 1.000000000e+00 8.829041228e-01 5.000000000e-02 1.677721600e-05
13	40	6	 1.000000000e+00 8.304304667e-01 5.000000000e-02 1.677721600e-05
14	49	6	 1.000000000e+00 8.846689437e-01 5.000000000e-02 1.677721600e-05
14	18	6	 1.000000000e+00 5.973178467e-01 5.000000000e-02 1.677721600e-05
15	19	6	 1.000000000e+00 5.915071428e-01 5.000000000e-02 1.677721600e-05
16	20	6	 1.000000000e+00 6.364317795e-01 5.000000000e-02 1.677721600e-05
16	35	6	 1.000000000e+00 7.305503268e-01 5.000000000e-02 1.677721600e-05
16	50	6	 1.000000000e+00 1.162637901e+00 5.000000000e-02 1.677721600e-05
16	38	6	 1.000000000e+00 9.129168801e-01 5.000000000e-02 1.677721600e-05
16	39	6	 1.000000000e+00 8.007951673e-01 5.000000000e-02 1.677721600e-05
17	39	6	 1.000000000e+00 9.521429620e-01 5.000000000e-02 1.677721600e-05
17	35	6	 1.000000000e+00 7.486542727e-01 5.000000000e-02 1.677721600e-05
17	50	6	 1.000000000e+00 7.790071309e-01 5.000000000e-02 1.677721600e-05
17	21	6	 1.000000000e+00 6.274822946e-01 5.000000000e-02 1.677721600e-05
17	22	6	 1.000000000e+00 8.359794914e-01 5.000000000e-02 1.677721600e-05
17	49	6	 1.000000000e+00 7.505601708e-01 5.000000000e-02 1.677721600e-05
17	41	6	 1.000000000e+00 1.051350755e+00 5.000000000e-02 1.677721600e-05
17	45	6	 1.000000000e+00 1.028406943e+00 5.000000000e-02 1.677721600e-05
17	46	6	 1.000000000e+00 7.161419761e-01 5.000000000e-02 1.677721600e-05
18	49	6	 1.000000000e+00 9.067132457e-01 5.000000000e-02 1.677721600e-05
18	22	6	 1.000000000e+00 5.685309930e-01 5.000000000e-02 1.677721600e-05
19	23	6	 1.000000000e+00 6.180177101e-01 5.000000000e-02 1.677721600e-05
19	24	6	 1.000000000e+00 8.347292435e-01 5.000000000e-02 1.677721600e-05
20	35	6	 1.000000000e+00 8.175797270e-01 5.000000000e-02 1.677721600e-05
20	24	6	 1.000000000e+00 5.675871211e-01 5.000000000e-02 1.677721600e-05
20	27	6	 1.000000000e+00 7.943156866e-01 5.000000000e-02 1.677721600e-05
20	50	6	 1.000000000e+00 8.669176201e-01 5.000000000e-02 1.677721600e-05
20	31	6	 1.000000000e+00 9.327445149e-01 5.000000000e-02 1.677721600e-05
21	50	6	 1.000000000e+00 6.722963632e-01 5.000000000e-02 1.677721600e-05
21	53	6	 1.000000000e+00 7.482053929e-01 5.000000000e-02 1.677721600e-05
21	49	6	 1.000000000e+00 9.121129645e-01 5.000000000e-02 1.677721600e-05
21	57	6	 1.000000000e+00 1.066998749e+00 5.000000000e-02 1.677721600e-05
21	25	6	 1.000000000e+00 5.331601354e-01 5.000000000e-02 1.677721600e-05
21	54	6	 1.000000000e+00 8.647736640e-01 5.000000000e-02 1.677721600e-05
22	53	6	 1.000000000e+00 9.297237170e-01 5.000000000e-02 1.677721600e-05
22	57	6	 1.000000000e+00 1.059881413e+00 5.000000000e-02 1.677721600e-05
24	50	6	 1.000000000e+00 9.725130436e-01 5.000000000e-02 1.677721600e-05
24	28	6	 1.000000000e+00 1.043145867e+00 5.000000000e-02 1.677721600e-05
24	31	6	 1.000000000e+00 1.080264611e+00 5.000000000e-02 1.677721600e-05
25	50	6	 1.000000000e+00 7.663635495e-01 5.000000000e-02 1.677721600e-05
25	54	6	 1.000000000e+00 7.200445125e-01 5.000000000e-02 1.677721600e-05
25	58	6	 1.000000000e+00 1.159237461e+00 5.000000000e-02 1.677721600e-05
26	54	6	 1.000000000e+00 9.147525676e-01 5.000000000e-02 1.677721600e-05
26	31	6	 1.000000000e+00 9.824618262e-01 5.000000000e-02 1.677721600e-05
27	50	6	 1.000000000e+00 8.023213882e-01 5.000000000e-02 1.677721600e-05
27	54	6	 1.000000000e+00 1.187115243e+00 5.000000000e-02 1.677721600e-05
27	31	6	 1.000000000e+00 6.093810466e-01 5.000000000e-02 1.677721600e-05
27	32	6	 1.000000000e+00 5.442125871e-01 5.000000000e-02 1.677721600e-05
27	46	6	 1.000000000e+00 9.431071784e-01 5.000000000e-02 1.677721600e-05
27	35	6	 1.000000000e+00 9.970469197e-01 5.000000000e-02 1.677721600e-05
28	32	6	 1.000000000e+00 5.907261040e-01 5.000000000e-02 1.677721600e-05
29	33	6	 1.000000000e+00 6.190847276e-01 5.000000000e-02 1.677721600e-05
30	34	6	 1.000000000e+00 6.446221917e-01 5.000000000e-02 1.677721600e-05
31	35	6	 1.000000000e+00 6.992792718e-01 5.000000000e-02 1.677721600e-05
32	46	6	 1.000000000e+00 6.797481372e-01 5.000000000e-02 1.677721600e-05
32	36	6	 1.000000000e+00 6.404437056e-01 5.000000000e-02 1.677721600e-05
32	43	6	 1.000000000e+00 6.707512877e-01 5.000000000e-02 1.677721600e-05
32	47	6	 1.000000000e+00 6.913776826e-01 5.000000000e-02 1.677721600e-05
32	44	6	 1.000000000e+00 9.065072035e-01 5.000000000e-02 1.677721600e-05
33	43	6	 1.000000000e+00 4.885569977e-01 5.000000000e-02 1.677721600e-05
33	37	6	 1.000000000e+00 6.103636375e-01 5.000000000e-02 1.677721600e-05
34	38	6	 1.000000000e+00 6.131711099e-01 5.000000000e-02 1.677721600e-05
35	39	6	 1.000000000e+00 6.423470557e-01 5.000000000e-02 1.677721600e-05
35	40	6	 1.000000000e+00 7.974775295e-01 5.000000000e-02 1.677721600e-05
35	41	6	 1.000000000e+00 8.035850235e-01 5.000000000e-02 1.677721600e-05
35	46	6	 1.000000000e+00 7.341979229e-01 5.000000000e-02 1.677721600e-05
35	50	6	 1.000000000e+00 1.158843186e+00 5.000000000e-02 1.677721600e-05
36	46	6	 1.000000000e+00 5.938606992e-01 5.000000000e-02 1.677721600e-05
36	41	6	 1.000000000e+00 4.852968061e-01 5.000000000e-02 1.677721600e-05
36	40	6	 1.000000000e+00 5.609918092e-01 5.000000000e-02 1.677721600e-05
36	42	6	 1.000000000e+00 5.215337381e-01 5.000000000e-02 1.677721600e-05
36	43	6	 1.000000000e+00 5.100753180e-01 5.000000000e-02 1.677721600e-05
39	46	6	 1.000000000e+00 1.003868223e+00 5.000000000e-02 1.677721600e-05
40	45	6	 1.000000000e+00 9.910249694e-01 5.000000000e-02 1.677721600e-05
41	45	6	 1.000000000e+00 6.187395979e-01 5.000000000e-02 1.677721600e-05
41	46	6	 1.000000000e+00 7.060087960e-01 5.000000000e-02 1.677721600e-05
42	46	6	 1.000000000e+00 6.852978112e-01 5.000000000e-02 1.677721600e-05
43	47	6	 1.000000000e+00 6.315983930e-01 5.000000000e-02 1.677721600e-05
43	48	6	 1.000000000e+00 8.695271876e-01 5.000000000e-02 1.677721600e-05
44	48	6	 1.000000000e+00 6.064037022e-01 5.000000000e-02 1.677721600e-05
45	49	6	 1.000000000e+00 6.759163928e-01 5.000000000e-02 1.677721600e-05
46	50	6	 1.000000000e+00 6.474916061e-01 5.000000000e-02 1.677721600e-05
47	51	6	 1.000000000e+00 6.533871747e-01 5.000000000e-02 1.677721600e-05
48	52	6	 1.000000000e+00 6.377783784e-01 5.000000000e-02 1.677721600e-05
49	53	6	 1.000000000e+00 6.671286907e-01 5.000000000e-02 1.677721600e-05
49	56	6	 1.000000000e+00 1.074780954e+00 5.000000000e-02 1.677721600e-05
50	54	6	 1.000000000e+00 6.829835503e-01 5.000000000e-02 1.677721600e-05
51	55	6	 1.000000000e+00 6.892537631e-01 5.000000000e-02 1.677721600e-05
51	56	6	 1.000000000e+00 8.997802565e-01 5.000000000e-02 1.677721600e-05
52	56	6	 1.000000000e+00 6.296419379e-01 5.000000000e-02 1.677721600e-05
53	57	6	 1.000000000e+00 5.817768129e-01 5.000000000e-02 1.677721600e-05
53	58	6	 1.000000000e+00 8.480651921e-01 5.000000000e-02 1.677721600e-05
54	58	6	 1.000000000e+00 6.398199356e-01 5.000000000e-02 1.677721600e-05
54	59	6	 1.000000000e+00 8.356718794e-01 5.000000000e-02 1.677721600e-05
55	59	6	 1.000000000e+00 5.882584636e-01 5.000000000e-02 1.677721600e-05
56	60	6	 1.000000000e+00 5.997601521e-01 5.000000000e-02 1.677721600e-05
57	61	6	 1.000000000e+00 7.109970042e-01 5.000000000e-02 1.677721600e-05
58	62	6	 1.000000000e+00 6.612863298e-01 5.000000000e-02 1.677721600e-05
59	63	6	 1.000000000e+00 6.394115263e-01 5.000000000e-02 1.677721600e-05

