Bonds

1	3	1	2
2	2	1	3
3	1	3	4
4	6	4	5
5	2	4	6
6	1	6	7
7	3	7	8
8	2	7	9
9	1	9	10
10	5	10	11
11	2	10	12
12	1	12	13
13	5	13	14
14	2	13	15
15	1	15	16
16	3	16	17
17	2	16	18
18	1	18	19
19	4	19	20
20	2	19	21
21	1	21	22
22	5	22	23
23	2	22	24
24	1	24	25
25	4	25	26
26	2	25	27
27	1	27	28
28	3	28	29
29	2	28	30
30	1	30	31
31	3	31	32
32	2	31	33
33	1	33	34
34	6	34	35
35	2	34	36
36	1	36	37
37	6	37	38
38	2	37	39
39	1	39	40
40	4	40	41
41	2	40	42
42	1	42	43
43	5	43	44
44	2	43	45
45	1	45	46
46	6	46	47
47	2	46	48
48	1	48	49
49	3	49	50
50	2	49	51
51	1	51	52
52	5	52	53
53	2	52	54
54	1	54	55
55	3	55	56
56	2	55	57
57	1	57	58
58	4	58	59
59	2	58	60
60	1	60	61
61	3	61	62
62	2	61	63
63	1	63	64
64	6	64	65
65	2	64	66
66	1	66	67
67	4	67	68
68	2	67	69
69	1	69	70
70	3	70	71
71	2	70	72
72	1	72	73
73	6	73	74
74	2	73	75
75	1	75	76
76	6	76	77
77	2	76	78
78	1	78	79
79	3	79	80
80	2	79	81
81	1	81	82
82	3	82	83
83	2	82	84
84	1	84	85
85	3	85	86
86	2	85	87
87	1	87	88
88	3	88	89
89	2	88	90
90	1	90	91
91	5	91	92
92	2	91	93
93	1	93	94
94	4	94	95
95	2	94	96
96	1	96	97
97	5	97	98
98	2	97	99
99	1	99	100
100	4	100	101
101	2	100	102
102	1	102	103
103	3	103	104
104	2	103	105
105	1	105	106
106	4	106	107
107	2	106	108
108	1	108	109
109	4	109	110
110	2	109	111
111	1	111	112
112	4	112	113
113	2	112	114
114	1	114	115
115	5	115	116
116	2	115	117
117	1	117	118
118	5	118	119
119	2	118	120
120	1	120	121
121	3	121	122
122	2	121	123
123	1	123	124
124	3	124	125
125	2	124	126
126	1	126	127
127	3	127	128
128	2	127	129
129	1	129	130
130	6	130	131
131	2	130	132
132	1	132	133
133	4	133	134
134	2	133	135
135	1	135	136
136	5	136	137
137	2	136	138
138	1	138	139
139	6	139	140
140	2	139	141
141	1	141	142
142	4	142	143
143	2	142	144
144	1	144	145
145	6	145	146
146	2	145	147
147	1	147	148
148	6	148	149
149	2	148	150
150	1	150	151
151	3	151	152
152	2	151	153
153	1	153	154
154	4	154	155
155	2	154	156
156	1	156	157
157	6	157	158
158	2	157	159
159	1	159	160
160	3	160	161
161	2	160	162
162	1	162	163
163	3	163	164
164	2	163	165
165	1	165	166
166	3	166	167
167	2	166	168
168	1	168	169
169	3	169	170
170	2	169	171
171	1	171	172
172	5	172	173
173	2	172	174
174	1	174	175
175	5	175	176
176	2	175	177
177	1	177	178
178	6	178	179
179	2	178	180
180	1	180	181
181	3	181	182
182	2	181	183
183	1	183	184
184	4	184	185
185	2	184	186
186	1	186	187
187	5	187	188
188	2	187	189
189	1	189	190
190	4	190	191
191	2	190	192
192	1	192	193
193	4	193	194
194	2	193	195
195	1	195	196
196	6	196	197
197	2	196	198
198	1	198	199
199	3	199	200
200	2	199	201
201	1	201	202
202	5	202	203
203	2	202	204
204	1	204	205
205	6	205	206
206	2	205	207
207	1	207	208
208	4	208	209
209	2	208	210
210	1	210	211
211	5	211	212
212	2	211	213
213	1	213	214
214	5	214	215
215	2	214	216
216	1	216	217
217	3	217	218
218	2	217	219
219	1	219	220
220	4	220	221
221	2	220	222
222	1	222	223
223	4	223	224
224	2	223	225
225	1	225	226
226	6	226	227
227	2	226	228
228	1	228	229
229	6	229	230
230	2	229	231
231	1	231	232
232	3	232	233
233	2	232	234
234	1	234	235
235	5	235	236
236	2	235	237
237	1	237	238
238	6	238	239
239	2	238	240
240	1	240	241
241	4	241	242
242	2	241	243
243	1	243	244
244	5	244	245
245	2	244	246
246	1	246	247
247	3	247	248
248	2	247	249
249	1	249	250
250	3	250	251
251	2	250	252
252	1	252	253
253	6	253	254
254	2	253	255
255	1	255	256
256	3	256	257
257	2	256	258
258	1	258	259
259	4	259	260
260	2	259	261
261	1	261	262
262	5	262	263
263	2	262	264
264	1	264	265
265	6	265	266
266	2	265	267
267	1	267	268
268	6	268	269
269	2	268	270
270	1	270	271
271	4	271	272
272	2	271	273
273	1	273	274
274	4	274	275
275	2	274	276
276	1	276	277
277	4	277	278
278	2	277	279
279	1	279	280
280	4	280	281
281	2	280	282
282	1	282	283
283	5	283	284
284	2	283	285
285	1	285	286
286	3	286	287
287	2	286	288
288	1	288	289
289	4	289	290
290	2	289	291
291	1	291	292
292	5	292	293
293	2	292	294
294	1	294	295
295	5	295	296
296	2	295	297
297	1	297	298
298	3	298	299
299	2	298	300
300	1	300	301
301	5	301	302
302	2	301	303
303	1	303	304
304	6	304	305
305	2	304	306
306	1	306	307
307	3	307	308
308	2	307	309
309	1	309	310
310	5	310	311
311	2	310	312
312	1	312	313
313	4	313	314
314	2	313	315
315	1	315	316
316	4	316	317
317	2	316	318
318	1	318	319
319	4	319	320
320	2	319	321
321	1	321	322
322	6	322	323
323	2	322	324
324	1	324	325
325	6	325	326
326	2	325	327
327	1	327	328
328	3	328	329
329	2	328	330
330	1	330	331
331	3	331	332
332	2	331	333
333	1	333	334
334	3	334	335
335	2	334	336
336	1	336	337
337	4	337	338
338	2	337	339
339	1	339	340
340	3	340	341
341	2	340	342
342	1	342	343
343	6	343	344
344	2	343	345
345	1	345	346
346	3	346	347
347	2	346	348
348	1	348	349
349	6	349	350
350	2	349	351
351	1	351	352
352	4	352	353
353	2	352	354
354	1	354	355
355	4	355	356
356	2	355	357
357	1	357	358
358	4	358	359
359	2	358	360
360	1	360	361
361	4	361	362
362	2	361	363
363	1	363	364
364	5	364	365
365	2	364	366
366	1	366	367
367	5	367	368
368	2	367	369
369	1	369	370
370	4	370	371
371	2	370	372
372	1	372	373
373	3	373	374
374	2	373	375
375	1	375	376
376	5	376	377
377	2	376	378
378	1	378	379
379	4	379	380
380	2	379	381
381	1	381	382
382	3	382	383
383	2	382	384
384	1	384	385
385	4	385	386
386	2	385	387
387	1	387	388
388	6	388	389
389	2	388	390
390	1	390	391
391	4	391	392
392	2	391	393
393	1	393	394
394	5	394	395
395	2	394	396
396	1	396	397
397	6	397	398
398	2	397	399
399	1	399	400
400	3	400	401
401	2	400	402
402	1	402	403
403	5	403	404
404	2	403	405
405	1	405	406
406	5	406	407
407	2	406	408
408	1	408	409
409	4	409	410
410	2	409	411
411	1	411	412
412	5	412	413
413	2	412	414
414	1	414	415
415	3	415	416
416	2	415	417
417	1	417	418
418	4	418	419
419	2	418	420
420	1	420	421
421	4	421	422
422	2	421	423
423	1	423	424
424	6	424	425
425	2	424	426
426	1	426	427
427	4	427	428
428	2	427	429
429	1	429	430
430	6	430	431
431	2	430	432
432	1	432	433
433	6	433	434
434	2	433	435
435	1	435	436
436	3	436	437
437	2	436	438
438	1	438	439
439	4	439	440
440	2	439	441
441	1	441	442
442	5	442	443
443	2	442	444
444	1	444	445
445	5	445	446
446	2	445	447
447	1	447	448
448	6	448	449
449	2	448	450
450	1	450	451
451	5	451	452
452	2	451	453
453	1	453	454
454	5	454	455
455	2	454	456
456	1	456	457
457	6	457	458
458	2	457	459
459	1	459	460
460	6	460	461
461	2	460	462
462	1	462	463
463	3	463	464
464	2	463	465
465	1	465	466
466	5	466	467
467	2	466	468
468	1	468	469
469	4	469	470
470	2	469	471
471	1	471	472
472	3	472	473
473	2	472	474
474	1	474	475
475	6	475	476
476	2	475	477
477	1	477	478
478	4	478	479
479	2	478	480
480	1	480	481
481	4	481	482
482	2	481	483
483	1	483	484
484	3	484	485
485	2	484	486
486	1	486	487
487	6	487	488
488	2	487	489
489	1	489	490
490	3	490	491
491	2	490	492
492	1	492	493
493	4	493	494
494	2	493	495
495	1	495	496
496	5	496	497
497	2	496	498
498	1	498	499
499	6	499	500
500	2	499	501
501	1	501	502
502	3	502	503
503	2	502	504
504	1	504	505
505	6	505	506
506	2	505	507
507	1	507	508
508	3	508	509
509	2	508	510
510	1	510	511
511	5	511	512
512	2	511	513
513	1	513	514
514	5	514	515
515	2	514	516
516	1	516	517
517	3	517	518
518	2	517	519
519	1	519	520
520	4	520	521
521	2	520	522
522	1	522	523
523	5	523	524
524	2	523	525
525	1	525	526
526	4	526	527
527	2	526	528
528	1	528	529
529	3	529	530
530	2	529	531
531	1	531	532
532	3	532	533
533	2	532	534
534	1	534	535
535	6	535	536
536	2	535	537
537	1	537	538
538	6	538	539
539	2	538	540
540	1	540	541
541	4	541	542
542	2	541	543
543	1	543	544
544	5	544	545
545	2	544	546
546	1	546	547
547	6	547	548
548	2	547	549
549	1	549	550
550	3	550	551
551	2	550	552
552	1	552	553
553	5	553	554
554	2	553	555
555	1	555	556
556	3	556	557
557	2	556	558
558	1	558	559
559	4	559	560
560	2	559	561
561	1	561	562
562	3	562	563
563	2	562	564
564	1	564	565
565	6	565	566
566	2	565	567
567	1	567	568
568	4	568	569
569	2	568	570
570	1	570	571
571	3	571	572
572	2	571	573
573	1	573	574
574	6	574	575
575	2	574	576
576	1	576	577
577	6	577	578
578	2	577	579
579	1	579	580
580	3	580	581
581	2	580	582
582	1	582	583
583	3	583	584
584	2	583	585
585	1	585	586
586	3	586	587
587	2	586	588
588	1	588	589
589	3	589	590
590	2	589	591
591	1	591	592
592	5	592	593
593	2	592	594
594	1	594	595
595	4	595	596
596	2	595	597
597	1	597	598
598	5	598	599
599	2	598	600
600	1	600	601
601	4	601	602
602	2	601	603
603	1	603	604
604	3	604	605
605	2	604	606
606	1	606	607
607	4	607	608
608	2	607	609
609	1	609	610
610	4	610	611
611	2	610	612
612	1	612	613
613	4	613	614
614	2	613	615
615	1	615	616
616	5	616	617
617	2	616	618
618	1	618	619
619	5	619	620
620	2	619	621
621	1	621	622
622	3	622	623
623	2	622	624
624	1	624	625
625	3	625	626
626	2	625	627
627	1	627	628
628	3	628	629
629	2	628	630
630	1	630	631
631	6	631	632
632	2	631	633
633	1	633	634
634	4	634	635
635	2	634	636
636	1	636	637
637	5	637	638
638	2	637	639
639	1	639	640
640	6	640	641
641	2	640	642
642	1	642	643
643	4	643	644
644	2	643	645
645	1	645	646
646	6	646	647
647	2	646	648
648	1	648	649
649	6	649	650
650	2	649	651
651	1	651	652
652	3	652	653
653	2	652	654
654	1	654	655
655	4	655	656
656	2	655	657
657	1	657	658
658	6	658	659
659	2	658	660
660	1	660	661
661	3	661	662
662	2	661	663
663	1	663	664
664	3	664	665
665	2	664	666
666	1	666	667
667	3	667	668
668	2	667	669
669	1	669	670
670	3	670	671
671	2	670	672
672	1	672	673
673	5	673	674
674	2	673	675
675	1	675	676
676	5	676	677
677	2	676	678
678	1	678	679
679	6	679	680
680	2	679	681
681	1	681	682
682	3	682	683
683	2	682	684
684	1	684	685
685	4	685	686
686	2	685	687
687	1	687	688
688	5	688	689
689	2	688	690
690	1	690	691
691	4	691	692
692	2	691	693
693	1	693	694
694	4	694	695
695	2	694	696
696	1	696	697
697	6	697	698
698	2	697	699
699	1	699	700
700	3	700	701
701	2	700	702
702	1	702	703
703	5	703	704
704	2	703	705
705	1	705	706
706	6	706	707
707	2	706	708
708	1	708	709
709	4	709	710
710	2	709	711
711	1	711	712
712	5	712	713
713	2	712	714
714	1	714	715
715	5	715	716
716	2	715	717
717	1	717	718
718	3	718	719
719	2	718	720
720	1	720	721
721	4	721	722
722	2	721	723
723	1	723	724
724	4	724	725
725	2	724	726
726	1	726	727
727	6	727	728
728	2	727	729
729	1	729	730
730	6	730	731
731	2	730	732
732	1	732	733
733	3	733	734
734	2	733	735
735	1	735	736
736	5	736	737
737	2	736	738
738	1	738	739
739	6	739	740
740	2	739	741
741	1	741	742
742	4	742	743
743	2	742	744
744	1	744	745
745	5	745	746
746	2	745	747
747	1	747	748
748	3	748	749
749	2	748	750
750	1	750	751
751	3	751	752
752	2	751	753
753	1	753	754
754	6	754	755
755	2	754	756
756	1	756	757
757	3	757	758
758	2	757	759
759	1	759	760
760	4	760	761
761	2	760	762
762	1	762	763
763	5	763	764
764	2	763	765
765	1	765	766
766	6	766	767
767	2	766	768
768	1	768	769
769	6	769	770
770	2	769	771
771	1	771	772
772	4	772	773
773	2	772	774
774	1	774	775
775	4	775	776
776	2	775	777
777	1	777	778
778	4	778	779
779	2	778	780
780	1	780	781
781	4	781	782
782	2	781	783
783	1	783	784
784	5	784	785
785	2	784	786
786	1	786	787
787	3	787	788
788	2	787	789
789	1	789	790
790	4	790	791
791	2	790	792
792	1	792	793
793	5	793	794
794	2	793	795
795	1	795	796
796	5	796	797
797	2	796	798
798	1	798	799
799	3	799	800
800	2	799	801
801	1	801	802
802	5	802	803
803	2	802	804
804	1	804	805
805	6	805	806
806	2	805	807
807	1	807	808
808	3	808	809
809	2	808	810
810	1	810	811
811	5	811	812
812	2	811	813
813	1	813	814
814	4	814	815
815	2	814	816
816	1	816	817
817	4	817	818
818	2	817	819
819	1	819	820
820	4	820	821
821	2	820	822
822	1	822	823
823	6	823	824
824	2	823	825
825	1	825	826
826	6	826	827
827	2	826	828
828	1	828	829
829	3	829	830
830	2	829	831
831	1	831	832
832	3	832	833
833	2	832	834
834	1	834	835
835	3	835	836
836	2	835	837
837	1	837	838
838	4	838	839
839	2	838	840
840	1	840	841
841	3	841	842
842	2	841	843
843	1	843	844
844	6	844	845
845	2	844	846
846	1	846	847
847	3	847	848
848	2	847	849
849	1	849	850
850	6	850	851
851	2	850	852
852	1	852	853
853	4	853	854
854	2	853	855
855	1	855	856
856	4	856	857
857	2	856	858
858	1	858	859
859	4	859	860
860	2	859	861
861	1	861	862
862	4	862	863
863	2	862	864
864	1	864	865
865	5	865	866
866	2	865	867
867	1	867	868
868	5	868	869
869	2	868	870
870	1	870	871
871	4	871	872
872	2	871	873
873	1	873	874
874	3	874	875
875	2	874	876
876	1	876	877
877	5	877	878
878	2	877	879
879	1	879	880
880	4	880	881
881	2	880	882
882	1	882	883
883	3	883	884
884	2	883	885
885	1	885	886
886	4	886	887
887	2	886	888
888	1	888	889
889	6	889	890
890	2	889	891
891	1	891	892
892	4	892	893
893	2	892	894
894	1	894	895
895	5	895	896
896	2	895	897
897	1	897	898
898	6	898	899
899	2	898	900
900	1	900	901
901	3	901	902
902	2	901	903
903	1	903	904
904	5	904	905
905	2	904	906
906	1	906	907
907	5	907	908
908	2	907	909
909	1	909	910
910	4	910	911
911	2	910	912
912	1	912	913
913	5	913	914
914	2	913	915
915	1	915	916
916	3	916	917
917	2	916	918
918	1	918	919
919	4	919	920
920	2	919	921
921	1	921	922
922	4	922	923
923	2	922	924
924	1	924	925
925	6	925	926
926	2	925	927
927	1	927	928
928	4	928	929
929	2	928	930
930	1	930	931
931	6	931	932
932	2	931	933
933	1	933	934
934	6	934	935
935	2	934	936
936	1	936	937
937	3	937	938
938	2	937	939
939	1	939	940
940	5	940	941
941	6	942	943
942	2	942	944
943	1	944	945
944	4	945	946
945	2	945	947
946	1	947	948
947	5	948	949
948	2	948	950
949	1	950	951
950	5	951	952
951	2	951	953
952	1	953	954
953	3	954	955
954	2	954	956
955	1	956	957
956	5	957	958
957	2	957	959
958	1	959	960
959	3	960	961
960	2	960	962
961	1	962	963
962	3	963	964
963	2	963	965
964	1	965	966
965	4	966	967
966	2	966	968
967	1	968	969
968	6	969	970
969	2	969	971
970	1	971	972
971	3	972	973
972	2	972	974
973	1	974	975
974	6	975	976
975	2	975	977
976	1	977	978
977	6	978	979
978	2	978	980
979	1	980	981
980	4	981	982
981	2	981	983
982	1	983	984
983	5	984	985
984	2	984	986
985	1	986	987
986	6	987	988
987	2	987	989
988	1	989	990
989	3	990	991
990	2	990	992
991	1	992	993
992	5	993	994
993	2	993	995
994	1	995	996
995	3	996	997
996	2	996	998
997	1	998	999
998	4	999	1000
999	2	999	1001
1000	1	1001	1002
1001	3	1002	1003
1002	2	1002	1004
1003	1	1004	1005
1004	6	1005	1006
1005	2	1005	1007
1006	1	1007	1008
1007	4	1008	1009
1008	2	1008	1010
1009	1	1010	1011
1010	3	1011	1012
1011	2	1011	1013
1012	1	1013	1014
1013	6	1014	1015
1014	2	1014	1016
1015	1	1016	1017
1016	6	1017	1018
1017	2	1017	1019
1018	1	1019	1020
1019	3	1020	1021
1020	2	1020	1022
1021	1	1022	1023
1022	3	1023	1024
1023	2	1023	1025
1024	1	1025	1026
1025	3	1026	1027
1026	2	1026	1028
1027	1	1028	1029
1028	3	1029	1030
1029	2	1029	1031
1030	1	1031	1032
1031	5	1032	1033
1032	2	1032	1034
1033	1	1034	1035
1034	4	1035	1036
1035	2	1035	1037
1036	1	1037	1038
1037	5	1038	1039
1038	2	1038	1040
1039	1	1040	1041
1040	4	1041	1042
1041	2	1041	1043
1042	1	1043	1044
1043	3	1044	1045
1044	2	1044	1046
1045	1	1046	1047
1046	4	1047	1048
1047	2	1047	1049
1048	1	1049	1050
1049	4	1050	1051
1050	2	1050	1052
1051	1	1052	1053
1052	4	1053	1054
1053	2	1053	1055
1054	1	1055	1056
1055	5	1056	1057
1056	2	1056	1058
1057	1	1058	1059
1058	5	1059	1060
1059	2	1059	1061
1060	1	1061	1062
1061	3	1062	1063
1062	2	1062	1064
1063	1	1064	1065
1064	3	1065	1066
1065	2	1065	1067
1066	1	1067	1068
1067	3	1068	1069
1068	2	1068	1070
1069	1	1070	1071
1070	6	1071	1072
1071	2	1071	1073
1072	1	1073	1074
1073	4	1074	1075
1074	2	1074	1076
1075	1	1076	1077
1076	5	1077	1078
1077	2	1077	1079
1078	1	1079	1080
1079	6	1080	1081
1080	2	1080	1082
1081	1	1082	1083
1082	4	1083	1084
1083	2	1083	1085
1084	1	1085	1086
1085	6	1086	1087
1086	2	1086	1088
1087	1	1088	1089
1088	6	1089	1090
1089	2	1089	1091
1090	1	1091	1092
1091	3	1092	1093
1092	2	1092	1094
1093	1	1094	1095
1094	4	1095	1096
1095	2	1095	1097
1096	1	1097	1098
1097	6	1098	1099
1098	2	1098	1100
1099	1	1100	1101
1100	3	1101	1102
1101	2	1101	1103
1102	1	1103	1104
1103	3	1104	1105
1104	2	1104	1106
1105	1	1106	1107
1106	3	1107	1108
1107	2	1107	1109
1108	1	1109	1110
1109	3	1110	1111
1110	2	1110	1112
1111	1	1112	1113
1112	5	1113	1114
1113	2	1113	1115
1114	1	1115	1116
1115	5	1116	1117
1116	2	1116	1118
1117	1	1118	1119
1118	6	1119	1120
1119	2	1119	1121
1120	1	1121	1122
1121	3	1122	1123
1122	2	1122	1124
1123	1	1124	1125
1124	4	1125	1126
1125	2	1125	1127
1126	1	1127	1128
1127	5	1128	1129
1128	2	1128	1130
1129	1	1130	1131
1130	4	1131	1132
1131	2	1131	1133
1132	1	1133	1134
1133	4	1134	1135
1134	2	1134	1136
1135	1	1136	1137
1136	6	1137	1138
1137	2	1137	1139
1138	1	1139	1140
1139	3	1140	1141
1140	2	1140	1142
1141	1	1142	1143
1142	5	1143	1144
1143	2	1143	1145
1144	1	1145	1146
1145	6	1146	1147
1146	2	1146	1148
1147	1	1148	1149
1148	4	1149	1150
1149	2	1149	1151
1150	1	1151	1152
1151	5	1152	1153
1152	2	1152	1154
1153	1	1154	1155
1154	5	1155	1156
1155	2	1155	1157
1156	1	1157	1158
1157	3	1158	1159
1158	2	1158	1160
1159	1	1160	1161
1160	3	1161	1162
1161	2	1161	1163
1162	1	1163	1164
1163	4	1164	1165
1164	2	1164	1166
1165	1	1166	1167
1166	6	1167	1168
1167	2	1167	1169
1168	1	1169	1170
1169	6	1170	1171
1170	2	1170	1172
1171	1	1172	1173
1172	3	1173	1174
1173	2	1173	1175
1174	1	1175	1176
1175	5	1176	1177
1176	2	1176	1178
1177	1	1178	1179
1178	6	1179	1180
1179	2	1179	1181
1180	1	1181	1182
1181	4	1182	1183
1182	2	1182	1184
1183	1	1184	1185
1184	5	1185	1186
1185	2	1185	1187
1186	1	1187	1188
1187	3	1188	1189
1188	2	1188	1190
1189	1	1190	1191
1190	3	1191	1192
1191	2	1191	1193
1192	1	1193	1194
1193	6	1194	1195
1194	2	1194	1196
1195	1	1196	1197
1196	3	1197	1198
1197	2	1197	1199
1198	1	1199	1200
1199	4	1200	1201
1200	2	1200	1202
1201	1	1202	1203
1202	5	1203	1204
1203	2	1203	1205
1204	1	1205	1206
1205	6	1206	1207
1206	2	1206	1208
1207	1	1208	1209
1208	6	1209	1210
1209	2	1209	1211
1210	1	1211	1212
1211	4	1212	1213
1212	2	1212	1214
1213	1	1214	1215
1214	4	1215	1216
1215	2	1215	1217
1216	1	1217	1218
1217	4	1218	1219
1218	2	1218	1220
1219	1	1220	1221
1220	4	1221	1222
1221	2	1221	1223
1222	1	1223	1224
1223	5	1224	1225
1224	2	1224	1226
1225	1	1226	1227
1226	3	1227	1228
1227	2	1227	1229
1228	1	1229	1230
1229	4	1230	1231
1230	2	1230	1232
1231	1	1232	1233
1232	5	1233	1234
1233	2	1233	1235
1234	1	1235	1236
1235	5	1236	1237
1236	2	1236	1238
1237	1	1238	1239
1238	3	1239	1240
1239	2	1239	1241
1240	1	1241	1242
1241	5	1242	1243
1242	2	1242	1244
1243	1	1244	1245
1244	6	1245	1246
1245	2	1245	1247
1246	1	1247	1248
1247	3	1248	1249
1248	2	1248	1250
1249	1	1250	1251
1250	5	1251	1252
1251	2	1251	1253
1252	1	1253	1254
1253	4	1254	1255
1254	2	1254	1256
1255	1	1256	1257
1256	4	1257	1258
1257	2	1257	1259
1258	1	1259	1260
1259	4	1260	1261
1260	2	1260	1262
1261	1	1262	1263
1262	6	1263	1264
1263	2	1263	1265
1264	1	1265	1266
1265	6	1266	1267
1266	2	1266	1268
1267	1	1268	1269
1268	3	1269	1270
1269	2	1269	1271
1270	1	1271	1272
1271	3	1272	1273
1272	2	1272	1274
1273	1	1274	1275
1274	3	1275	1276
1275	2	1275	1277
1276	1	1277	1278
1277	4	1278	1279
1278	2	1278	1280
1279	1	1280	1281
1280	3	1281	1282
1281	2	1281	1283
1282	1	1283	1284
1283	6	1284	1285
1284	2	1284	1286
1285	1	1286	1287
1286	3	1287	1288
1287	2	1287	1289
1288	1	1289	1290
1289	6	1290	1291
1290	2	1290	1292
1291	1	1292	1293
1292	4	1293	1294
1293	2	1293	1295
1294	1	1295	1296
1295	4	1296	1297
1296	2	1296	1298
1297	1	1298	1299
1298	4	1299	1300
1299	2	1299	1301
1300	1	1301	1302
1301	4	1302	1303
1302	2	1302	1304
1303	1	1304	1305
1304	5	1305	1306
1305	2	1305	1307
1306	1	1307	1308
1307	5	1308	1309
1308	2	1308	1310
1309	1	1310	1311
1310	4	1311	1312
1311	2	1311	1313
1312	1	1313	1314
1313	3	1314	1315
1314	2	1314	1316
1315	1	1316	1317
1316	5	1317	1318
1317	2	1317	1319
1318	1	1319	1320
1319	4	1320	1321
1320	2	1320	1322
1321	1	1322	1323
1322	3	1323	1324
1323	2	1323	1325
1324	1	1325	1326
1325	4	1326	1327
1326	2	1326	1328
1327	1	1328	1329
1328	6	1329	1330
1329	2	1329	1331
1330	1	1331	1332
1331	4	1332	1333
1332	2	1332	1334
1333	1	1334	1335
1334	5	1335	1336
1335	2	1335	1337
1336	1	1337	1338
1337	6	1338	1339
1338	2	1338	1340
1339	1	1340	1341
1340	3	1341	1342
1341	2	1341	1343
1342	1	1343	1344
1343	5	1344	1345
1344	2	1344	1346
1345	1	1346	1347
1346	5	1347	1348
1347	2	1347	1349
1348	1	1349	1350
1349	4	1350	1351
1350	2	1350	1352
1351	1	1352	1353
1352	4	1353	1354
1353	2	1353	1355
1354	1	1355	1356
1355	3	1356	1357
1356	2	1356	1358
1357	1	1358	1359
1358	6	1359	1360
1359	2	1359	1361
1360	1	1361	1362
1361	3	1362	1363
1362	2	1362	1364
1363	1	1364	1365
1364	4	1365	1366
1365	2	1365	1367
1366	1	1367	1368
1367	6	1368	1369
1368	2	1368	1370
1369	1	1370	1371
1370	6	1371	1372
1371	2	1371	1373
1372	1	1373	1374
1373	4	1374	1375
1374	2	1374	1376
1375	1	1376	1377
1376	5	1377	1378
1377	2	1377	1379
1378	1	1379	1380
1379	4	1380	1381
1380	2	1380	1382
1381	1	1382	1383
1382	5	1383	1384
1383	2	1383	1385
1384	1	1385	1386
1385	6	1386	1387
1386	2	1386	1388
1387	1	1388	1389
1388	3	1389	1390
1389	2	1389	1391
1390	1	1391	1392
1391	4	1392	1393
1392	2	1392	1394
1393	1	1394	1395
1394	5	1395	1396
1395	2	1395	1397
1396	1	1397	1398
1397	4	1398	1399
1398	2	1398	1400
1399	1	1400	1401
1400	3	1401	1402
1401	2	1401	1403
1402	1	1403	1404
1403	3	1404	1405
1404	2	1404	1406
1405	1	1406	1407
1406	5	1407	1408
1407	2	1407	1409
1408	1	1409	1410
1409	4	1410	1411
1410	2	1410	1412
1411	1	1412	1413
1412	3	1413	1414
1413	2	1413	1415
1414	1	1415	1416
1415	6	1416	1417
1416	2	1416	1418
1417	1	1418	1419
1418	4	1419	1420
1419	2	1419	1421
1420	1	1421	1422
1421	5	1422	1423
1422	2	1422	1424
1423	1	1424	1425
1424	5	1425	1426
1425	2	1425	1427
1426	1	1427	1428
1427	6	1428	1429
1428	2	1428	1430
1429	1	1430	1431
1430	6	1431	1432
1431	2	1431	1433
1432	1	1433	1434
1433	5	1434	1435
1434	2	1434	1436
1435	1	1436	1437
1436	6	1437	1438
1437	2	1437	1439
1438	1	1439	1440
1439	6	1440	1441
1440	2	1440	1442
1441	1	1442	1443
1442	3	1443	1444
1443	2	1443	1445
1444	1	1445	1446
1445	4	1446	1447
1446	2	1446	1448
1447	1	1448	1449
1448	5	1449	1450
1449	2	1449	1451
1450	1	1451	1452
1451	5	1452	1453
1452	2	1452	1454
1453	1	1454	1455
1454	3	1455	1456
1455	2	1455	1457
1456	1	1457	1458
1457	5	1458	1459
1458	2	1458	1460
1459	1	1460	1461
1460	3	1461	1462
1461	2	1461	1463
1462	1	1463	1464
1463	3	1464	1465
1464	2	1464	1466
1465	1	1466	1467
1466	4	1467	1468
1467	2	1467	1469
1468	1	1469	1470
1469	6	1470	1471
1470	2	1470	1472
1471	1	1472	1473
1472	3	1473	1474
1473	2	1473	1475
1474	1	1475	1476
1475	6	1476	1477
1476	2	1476	1478
1477	1	1478	1479
1478	6	1479	1480
1479	2	1479	1481
1480	1	1481	1482
1481	4	1482	1483
1482	2	1482	1484
1483	1	1484	1485
1484	5	1485	1486
1485	2	1485	1487
1486	1	1487	1488
1487	6	1488	1489
1488	2	1488	1490
1489	1	1490	1491
1490	3	1491	1492
1491	2	1491	1493
1492	1	1493	1494
1493	5	1494	1495
1494	2	1494	1496
1495	1	1496	1497
1496	3	1497	1498
1497	2	1497	1499
1498	1	1499	1500
1499	4	1500	1501
1500	2	1500	1502
1501	1	1502	1503
1502	3	1503	1504
1503	2	1503	1505
1504	1	1505	1506
1505	6	1506	1507
1506	2	1506	1508
1507	1	1508	1509
1508	4	1509	1510
1509	2	1509	1511
1510	1	1511	1512
1511	3	1512	1513
1512	2	1512	1514
1513	1	1514	1515
1514	6	1515	1516
1515	2	1515	1517
1516	1	1517	1518
1517	6	1518	1519
1518	2	1518	1520
1519	1	1520	1521
1520	3	1521	1522
1521	2	1521	1523
1522	1	1523	1524
1523	3	1524	1525
1524	2	1524	1526
1525	1	1526	1527
1526	3	1527	1528
1527	2	1527	1529
1528	1	1529	1530
1529	3	1530	1531
1530	2	1530	1532
1531	1	1532	1533
1532	5	1533	1534
1533	2	1533	1535
1534	1	1535	1536
1535	4	1536	1537
1536	2	1536	1538
1537	1	1538	1539
1538	5	1539	1540
1539	2	1539	1541
1540	1	1541	1542
1541	4	1542	1543
1542	2	1542	1544
1543	1	1544	1545
1544	3	1545	1546
1545	2	1545	1547
1546	1	1547	1548
1547	4	1548	1549
1548	2	1548	1550
1549	1	1550	1551
1550	4	1551	1552
1551	2	1551	1553
1552	1	1553	1554
1553	4	1554	1555
1554	2	1554	1556
1555	1	1556	1557
1556	5	1557	1558
1557	2	1557	1559
1558	1	1559	1560
1559	5	1560	1561
1560	2	1560	1562
1561	1	1562	1563
1562	3	1563	1564
1563	2	1563	1565
1564	1	1565	1566
1565	3	1566	1567
1566	2	1566	1568
1567	1	1568	1569
1568	3	1569	1570
1569	2	1569	1571
1570	1	1571	1572
1571	6	1572	1573
1572	2	1572	1574
1573	1	1574	1575
1574	4	1575	1576
1575	2	1575	1577
1576	1	1577	1578
1577	5	1578	1579
1578	2	1578	1580
1579	1	1580	1581
1580	6	1581	1582
1581	2	1581	1583
1582	1	1583	1584
1583	4	1584	1585
1584	2	1584	1586
1585	1	1586	1587
1586	6	1587	1588
1587	2	1587	1589
1588	1	1589	1590
1589	6	1590	1591
1590	2	1590	1592
1591	1	1592	1593
1592	3	1593	1594
1593	2	1593	1595
1594	1	1595	1596
1595	4	1596	1597
1596	2	1596	1598
1597	1	1598	1599
1598	6	1599	1600
1599	2	1599	1601
1600	1	1601	1602
1601	3	1602	1603
1602	2	1602	1604
1603	1	1604	1605
1604	3	1605	1606
1605	2	1605	1607
1606	1	1607	1608
1607	3	1608	1609
1608	2	1608	1610
1609	1	1610	1611
1610	3	1611	1612
1611	2	1611	1613
1612	1	1613	1614
1613	5	1614	1615
1614	2	1614	1616
1615	1	1616	1617
1616	5	1617	1618
1617	2	1617	1619
1618	1	1619	1620
1619	6	1620	1621
1620	2	1620	1622
1621	1	1622	1623
1622	3	1623	1624
1623	2	1623	1625
1624	1	1625	1626
1625	4	1626	1627
1626	2	1626	1628
1627	1	1628	1629
1628	5	1629	1630
1629	2	1629	1631
1630	1	1631	1632
1631	4	1632	1633
1632	2	1632	1634
1633	1	1634	1635
1634	4	1635	1636
1635	2	1635	1637
1636	1	1637	1638
1637	6	1638	1639
1638	2	1638	1640
1639	1	1640	1641
1640	3	1641	1642
1641	2	1641	1643
1642	1	1643	1644
1643	5	1644	1645
1644	2	1644	1646
1645	1	1646	1647
1646	6	1647	1648
1647	2	1647	1649
1648	1	1649	1650
1649	4	1650	1651
1650	2	1650	1652
1651	1	1652	1653
1652	5	1653	1654
1653	2	1653	1655
1654	1	1655	1656
1655	5	1656	1657
1656	2	1656	1658
1657	1	1658	1659
1658	3	1659	1660
1659	2	1659	1661
1660	1	1661	1662
1661	3	1662	1663
1662	2	1662	1664
1663	1	1664	1665
1664	4	1665	1666
1665	2	1665	1667
1666	1	1667	1668
1667	6	1668	1669
1668	2	1668	1670
1669	1	1670	1671
1670	6	1671	1672
1671	2	1671	1673
1672	1	1673	1674
1673	3	1674	1675
1674	2	1674	1676
1675	1	1676	1677
1676	5	1677	1678
1677	2	1677	1679
1678	1	1679	1680
1679	6	1680	1681
1680	2	1680	1682
1681	1	1682	1683
1682	4	1683	1684
1683	2	1683	1685
1684	1	1685	1686
1685	5	1686	1687
1686	2	1686	1688
1687	1	1688	1689
1688	3	1689	1690
1689	2	1689	1691
1690	1	1691	1692
1691	3	1692	1693
1692	2	1692	1694
1693	1	1694	1695
1694	6	1695	1696
1695	2	1695	1697
1696	1	1697	1698
1697	3	1698	1699
1698	2	1698	1700
1699	1	1700	1701
1700	4	1701	1702
1701	2	1701	1703
1702	1	1703	1704
1703	5	1704	1705
1704	2	1704	1706
1705	1	1706	1707
1706	6	1707	1708
1707	2	1707	1709
1708	1	1709	1710
1709	6	1710	1711
1710	2	1710	1712
1711	1	1712	1713
1712	4	1713	1714
1713	2	1713	1715
1714	1	1715	1716
1715	4	1716	1717
1716	2	1716	1718
1717	1	1718	1719
1718	4	1719	1720
1719	2	1719	1721
1720	1	1721	1722
1721	4	1722	1723
1722	2	1722	1724
1723	1	1724	1725
1724	5	1725	1726
1725	2	1725	1727
1726	1	1727	1728
1727	3	1728	1729
1728	2	1728	1730
1729	1	1730	1731
1730	4	1731	1732
1731	2	1731	1733
1732	1	1733	1734
1733	5	1734	1735
1734	2	1734	1736
1735	1	1736	1737
1736	5	1737	1738
1737	2	1737	1739
1738	1	1739	1740
1739	3	1740	1741
1740	2	1740	1742
1741	1	1742	1743
1742	5	1743	1744
1743	2	1743	1745
1744	1	1745	1746
1745	6	1746	1747
1746	2	1746	1748
1747	1	1748	1749
1748	3	1749	1750
1749	2	1749	1751
1750	1	1751	1752
1751	5	1752	1753
1752	2	1752	1754
1753	1	1754	1755
1754	4	1755	1756
1755	2	1755	1757
1756	1	1757	1758
1757	4	1758	1759
1758	2	1758	1760
1759	1	1760	1761
1760	4	1761	1762
1761	2	1761	1763
1762	1	1763	1764
1763	6	1764	1765
1764	2	1764	1766
1765	1	1766	1767
1766	6	1767	1768
1767	2	1767	1769
1768	1	1769	1770
1769	3	1770	1771
1770	2	1770	1772
1771	1	1772	1773
1772	3	1773	1774
1773	2	1773	1775
1774	1	1775	1776
1775	3	1776	1777
1776	2	1776	1778
1777	1	1778	1779
1778	4	1779	1780
1779	2	1779	1781
1780	1	1781	1782
1781	3	1782	1783
1782	2	1782	1784
1783	1	1784	1785
1784	6	1785	1786
1785	2	1785	1787
1786	1	1787	1788
1787	3	1788	1789
1788	2	1788	1790
1789	1	1790	1791
1790	6	1791	1792
1791	2	1791	1793
1792	1	1793	1794
1793	4	1794	1795
1794	2	1794	1796
1795	1	1796	1797
1796	4	1797	1798
1797	2	1797	1799
1798	1	1799	1800
1799	4	1800	1801
1800	2	1800	1802
1801	1	1802	1803
1802	4	1803	1804
1803	2	1803	1805
1804	1	1805	1806
1805	5	1806	1807
1806	2	1806	1808
1807	1	1808	1809
1808	5	1809	1810
1809	2	1809	1811
1810	1	1811	1812
1811	4	1812	1813
1812	2	1812	1814
1813	1	1814	1815
1814	3	1815	1816
1815	2	1815	1817
1816	1	1817	1818
1817	5	1818	1819
1818	2	1818	1820
1819	1	1820	1821
1820	4	1821	1822
1821	2	1821	1823
1822	1	1823	1824
1823	3	1824	1825
1824	2	1824	1826
1825	1	1826	1827
1826	4	1827	1828
1827	2	1827	1829
1828	1	1829	1830
1829	6	1830	1831
1830	2	1830	1832
1831	1	1832	1833
1832	4	1833	1834
1833	2	1833	1835
1834	1	1835	1836
1835	5	1836	1837
1836	2	1836	1838
1837	1	1838	1839
1838	6	1839	1840
1839	2	1839	1841
1840	1	1841	1842
1841	3	1842	1843
1842	2	1842	1844
1843	1	1844	1845
1844	5	1845	1846
1845	2	1845	1847
1846	1	1847	1848
1847	5	1848	1849
1848	2	1848	1850
1849	1	1850	1851
1850	4	1851	1852
1851	2	1851	1853
1852	1	1853	1854
1853	4	1854	1855
1854	2	1854	1856
1855	1	1856	1857
1856	3	1857	1858
1857	2	1857	1859
1858	1	1859	1860
1859	6	1860	1861
1860	2	1860	1862
1861	1	1862	1863
1862	3	1863	1864
1863	2	1863	1865
1864	1	1865	1866
1865	4	1866	1867
1866	2	1866	1868
1867	1	1868	1869
1868	6	1869	1870
1869	2	1869	1871
1870	1	1871	1872
1871	6	1872	1873
1872	2	1872	1874
1873	1	1874	1875
1874	4	1875	1876
1875	2	1875	1877
1876	1	1877	1878
1877	5	1878	1879
1878	2	1878	1880
1879	1	1880	1881
1880	4	1881	1882
