Atoms

	1	1	1	2	0.000000	60.650518	23.174382	29.314734
	2	1	1	7	0.000000	59.681613	18.547749	28.836761
	3	1	2	1	-0.600000	64.203460	23.763149	29.459131
	4	1	2	2	0.000000	65.188482	20.725238	31.558726
	5	1	2	6	0.000000	63.568588	18.076599	28.794995
	6	1	3	1	-0.600000	68.575054	19.971275	32.551531
	7	1	3	2	0.000000	68.306304	16.166619	32.701349
	8	1	3	3	0.000000	66.506167	15.308459	28.403918
	9	1	4	1	-0.600000	71.128620	14.065996	33.421229
	10	1	4	2	0.000000	69.987465	10.995158	31.466674
	11	1	4	5	0.000000	68.845348	12.554328	27.005920
	12	1	5	1	-0.600000	72.217517	8.052451	31.510812
	13	1	5	2	0.000000	71.062287	6.308109	28.311867
	14	1	5	5	0.000000	71.172405	10.212536	25.362092
	15	1	6	1	-0.600000	72.437244	3.579464	26.446082
	16	1	6	2	0.000000	71.223542	4.563499	22.983498
	17	1	6	3	0.000000	73.240249	8.845743	22.589779
	18	1	7	1	-0.600000	71.937009	2.573071	20.093983
	19	1	7	2	0.000000	71.940888	5.398371	17.545462
	20	1	7	4	0.000000	74.938898	7.427641	19.713928
	21	1	8	1	-0.600000	72.600741	4.722239	14.078600
	22	1	8	2	0.000000	74.095373	8.115944	13.183321
	23	1	8	5	0.000000	77.474384	8.882538	16.600771
	24	1	9	1	-0.600000	75.515164	8.786023	9.953533
	25	1	9	2	0.000000	77.995473	11.487566	11.038682
	26	1	9	4	0.000000	79.690307	8.820427	13.836559
	27	1	10	1	-0.600000	80.266393	13.073814	8.804179
	28	1	10	2	0.000000	82.829778	13.951107	11.485104
	29	1	10	3	0.000000	83.654295	9.653859	13.289469
	30	1	11	1	-0.600000	85.562179	16.187808	10.198239
	31	1	11	2	0.000000	88.556363	14.293352	11.711255
	32	1	11	3	0.000000	87.030847	9.841285	11.291526
	33	1	12	1	-0.600000	91.950916	14.956281	10.575773
	34	1	12	2	0.000000	92.610882	11.051077	11.089840
	35	1	12	6	0.000000	89.632093	8.795761	9.139121
	36	1	13	1	-0.600000	96.097015	10.078335	10.415199
	37	1	13	2	0.000000	95.513618	6.302191	9.668941
	38	1	13	6	0.000000	92.139742	6.546875	7.168434
	39	1	14	1	-0.600000	98.553707	4.419758	8.561717
	40	1	14	2	0.000000	96.696628	1.866499	6.253780
	41	1	14	4	0.000000	93.906878	4.575715	4.248605
	42	1	15	1	-0.600000	98.852946	-0.827395	4.652663
	43	1	15	2	0.000000	96.201883	-2.785926	3.162596
	44	1	15	5	0.000000	94.315403	1.272493	1.107134
	45	1	16	1	-0.600000	95.933797	-5.873804	1.075076
	46	1	16	2	0.000000	93.789186	-4.162597	-1.793466
	47	1	16	6	0.000000	95.264884	-0.148619	-2.024771
	48	1	17	1	-0.600000	92.410644	-6.672033	-4.179749
	49	1	17	2	0.000000	89.815247	-4.597465	-5.572986
	50	1	17	3	0.000000	93.584927	-1.727119	-5.959279
	51	1	18	1	-0.600000	87.139447	-4.260830	-8.117611
	52	1	18	2	0.000000	89.211382	-1.094877	-9.435423
	53	1	18	5	0.000000	94.131827	-0.754771	-9.173125
	54	1	19	1	-0.600000	87.807555	1.078432	-12.123629
	55	1	19	2	0.000000	90.786384	3.527622	-12.221804
	56	1	19	3	0.000000	94.866334	0.796052	-12.168755
	57	1	20	1	-0.600000	91.626475	6.403030	-14.321689
	58	1	20	2	0.000000	95.501888	5.844048	-14.227880
	59	1	20	4	0.000000	95.855792	1.667559	-15.268185
	60	1	21	1	-0.600000	97.286643	8.531015	-16.165823
	61	1	21	2	0.000000	100.684568	6.883185	-16.905223
	62	1	21	3	0.000000	98.958925	2.641854	-18.040827
	63	1	22	1	-0.600000	103.188000	8.454843	-19.117275
	64	1	22	2	0.000000	104.550789	4.975111	-20.549502
	65	1	22	6	0.000000	101.367821	2.179367	-21.052510
	66	1	23	1	-0.600000	106.780702	5.439381	-23.495041
	67	1	23	2	0.000000	106.394286	1.703613	-24.669838
	68	1	23	4	0.000000	102.046329	1.426879	-24.969578
	69	1	24	1	-0.600000	108.321195	0.362970	-27.537335
	70	1	24	2	0.000000	105.610985	-2.300317	-28.788368
	71	1	24	3	0.000000	101.048425	-0.834691	-28.244854
	72	1	25	1	-0.600000	106.388804	-3.763320	-32.095586
	73	1	25	2	0.000000	102.539322	-4.522986	-32.850973
	74	1	25	6	0.000000	100.168576	-1.080612	-31.907779
	75	1	26	1	-0.600000	102.019825	-6.214311	-36.167134
	76	1	26	2	0.000000	98.306115	-5.064430	-36.716094
	77	1	26	6	0.000000	98.123307	-1.065974	-35.188046
	78	1	27	1	-0.600000	96.656575	-6.580665	-39.756123
	79	1	27	2	0.000000	93.318454	-5.637882	-39.055028
	80	1	27	3	0.000000	95.410227	-1.409237	-38.535434
	81	1	28	1	-0.600000	89.839911	-5.868206	-40.431259
	82	1	28	2	0.000000	89.245341	-2.195722	-39.674638
	83	1	28	3	0.000000	93.272220	0.210236	-40.855038
	84	1	29	1	-0.600000	86.118071	-0.502249	-39.023484
	85	1	29	2	0.000000	87.750214	2.766275	-38.506057
	86	1	29	3	0.000000	91.212887	2.960021	-41.926503
	87	1	30	1	-0.600000	85.815749	5.935724	-38.057374
	88	1	30	2	0.000000	88.457614	7.827547	-40.426929
	89	1	30	3	0.000000	90.321561	5.472143	-44.261703
	90	1	31	1	-0.600000	87.477874	11.390257	-40.993183
	91	1	31	2	0.000000	90.210058	11.898298	-43.665648
	92	1	31	5	0.000000	90.347103	8.088136	-46.867514
	93	1	32	1	-0.600000	90.783959	15.125771	-45.437004
	94	1	32	2	0.000000	92.369857	13.775737	-48.764147
	95	1	32	4	0.000000	89.357421	10.749555	-49.337626
	96	1	33	1	-0.600000	93.269853	16.114957	-51.547359
	97	1	33	2	0.000000	92.734006	13.678460	-54.578832
	98	1	33	5	0.000000	88.849970	10.772417	-53.653934
	99	1	34	1	-0.600000	92.679942	14.686908	-58.146992
	100	1	34	2	0.000000	89.745348	12.682083	-59.681060
	101	1	34	4	0.000000	87.003301	12.309507	-56.281620
	102	1	35	1	-0.600000	89.146277	12.420361	-63.135346
	103	1	35	2	0.000000	85.933896	10.551967	-62.441783
	104	1	35	3	0.000000	83.561594	12.046727	-58.480256
	105	1	36	1	-0.600000	83.606272	10.252977	-65.280739
	106	1	36	2	0.000000	80.463235	9.024752	-63.149200
	107	1	36	4	0.000000	80.324799	12.265480	-60.254940
	108	1	37	1	-0.600000	77.267460	7.971501	-64.643104
	109	1	37	2	0.000000	75.359792	8.379772	-61.170926
	110	1	37	4	0.000000	76.198851	12.572252	-60.545969
	111	1	38	1	-0.600000	71.860643	7.150203	-60.791629
	112	1	38	2	0.000000	70.952861	10.147015	-58.381156
	113	1	38	4	0.000000	72.671130	13.627689	-60.385026
	114	1	39	1	-0.600000	67.745779	9.496375	-56.536253
	115	1	39	2	0.000000	67.964759	12.096923	-54.010237
	116	1	39	5	0.000000	68.845575	15.272327	-57.575654
	117	1	40	1	-0.600000	65.988170	13.132177	-51.031479
	118	1	40	2	0.000000	65.421579	16.662635	-52.780429
	119	1	40	5	0.000000	65.738756	16.589721	-57.664721
	120	1	41	1	-0.600000	64.116460	19.477281	-50.782956
	121	1	41	2	0.000000	65.220464	22.347030	-52.896821
	122	1	41	3	0.000000	63.940639	20.214311	-57.024056
	123	1	42	1	-0.600000	64.987320	26.110927	-52.540125
	124	1	42	2	0.000000	63.755093	26.433619	-56.746251
	125	1	42	3	0.000000	61.586120	22.692888	-58.320291
	126	1	43	1	-0.600000	63.266451	29.967653	-57.796786
	127	1	43	2	0.000000	60.838260	28.325472	-60.550608
	128	1	43	3	0.000000	58.627025	24.200933	-59.396950
	129	1	44	1	-0.600000	58.576423	30.661957	-62.335983
	130	1	44	2	0.000000	55.853171	27.951139	-63.262520
	131	1	44	6	0.000000	55.337455	25.591115	-59.749327
	132	1	45	1	-0.600000	52.671628	28.875581	-64.843328
	133	1	45	2	0.000000	50.514433	26.089762	-63.035147
	134	1	45	4	0.000000	51.793346	26.311507	-58.846250
	135	1	46	1	-0.600000	47.238911	25.347879	-64.648542
	136	1	46	2	0.000000	46.526966	22.130204	-62.902839
	137	1	46	5	0.000000	47.585894	23.550356	-58.264292
	138	1	47	1	-0.600000	43.798801	19.561922	-63.170771
	139	1	47	2	0.000000	43.235606	19.974857	-59.227070
	140	1	47	6	0.000000	44.003627	23.941648	-57.732051
	141	1	48	1	-0.600000	40.359032	18.288870	-57.593313
	142	1	48	2	0.000000	41.619788	18.565345	-54.119454
	143	1	48	4	0.000000	41.248151	22.846500	-54.653855
	144	1	49	1	-0.600000	40.692367	16.717527	-50.998950
	145	1	49	2	0.000000	40.386590	20.075500	-49.085012
	146	1	49	6	0.000000	38.626165	22.766687	-51.923396
	147	1	50	1	-0.600000	40.778268	20.103222	-45.480324
	148	1	50	2	0.000000	41.082758	23.841848	-45.145582
	149	1	50	6	0.000000	38.155746	25.095126	-48.018139
	150	1	51	1	-0.600000	41.081527	25.628948	-41.913293
	151	1	51	2	0.000000	39.602741	29.030514	-43.211209
	152	1	51	3	0.000000	36.043339	27.501617	-46.013429
	153	1	52	1	-0.600000	39.098855	32.111333	-41.182423
	154	1	52	2	0.000000	35.546618	32.401594	-43.195718
	155	1	52	4	0.000000	33.412079	28.659122	-44.191577
	156	1	53	1	-0.600000	33.483566	35.169024	-41.850064
	157	1	53	2	0.000000	30.387145	34.625822	-44.248792
	158	1	53	6	0.000000	29.905529	30.432571	-44.123145
	159	1	54	1	-0.600000	27.465564	36.805277	-43.594067
	160	1	54	2	0.000000	24.789674	34.053065	-44.514929
	161	1	54	3	0.000000	25.812972	29.572563	-43.213686
	162	1	55	1	-0.600000	21.599516	35.864305	-43.612324
	163	1	55	2	0.000000	19.886499	32.498942	-42.888705
	164	1	55	3	0.000000	23.036008	29.489275	-40.789751
	165	1	56	1	-0.600000	16.473466	32.688359	-41.344296
	166	1	56	2	0.000000	16.434597	29.131380	-40.407239
	167	1	56	3	0.000000	20.647988	28.240169	-38.140717
	168	1	57	1	-0.600000	13.321663	27.738938	-38.827821
	169	1	57	2	0.000000	15.134739	25.389480	-36.265563
	170	1	57	3	0.000000	19.210284	27.373169	-34.743758
	171	1	58	1	-0.600000	12.970570	22.778734	-34.772192
	172	1	58	2	0.000000	15.587163	21.504500	-32.665178
	173	1	58	5	0.000000	17.863789	25.615741	-31.324536
	174	1	59	1	-0.600000	15.822315	18.201127	-31.006071
	175	1	59	2	0.000000	19.325671	18.522172	-29.937065
	176	1	59	5	0.000000	18.507865	23.000284	-28.116811
	177	1	60	1	-0.600000	21.969695	16.564118	-28.204782
	178	1	60	2	0.000000	22.611334	19.854701	-26.037524
	179	1	60	6	0.000000	18.817577	21.626541	-24.909638
	180	1	61	1	-0.600000	25.574860	19.959596	-23.714471
	181	1	61	2	0.000000	25.219271	23.600785	-22.519976
	182	1	61	3	0.000000	20.526567	23.564161	-21.456863
	183	1	62	1	-0.600000	27.574381	25.397672	-20.299568
	184	1	62	2	0.000000	24.414353	27.301505	-18.692085
	185	1	62	4	0.000000	21.311439	24.249482	-18.002715
	186	1	63	1	-0.600000	25.384756	30.191702	-16.467369
	187	1	63	2	0.000000	22.155745	29.515423	-14.131172
	188	1	63	5	0.000000	20.045223	25.043165	-14.317168
	189	1	64	1	-0.600000	21.802696	31.029687	-10.757894
	190	1	64	2	0.000000	18.651934	28.699522	-9.861446
	191	1	64	4	0.000000	20.073718	24.685708	-10.750861
	192	1	65	1	-0.600000	17.239421	29.339270	-6.457246
	193	1	65	2	0.000000	15.269070	25.931717	-6.204014
	194	1	65	4	0.000000	18.611386	23.346515	-7.263378
	195	1	66	1	-0.600000	12.970628	25.405320	-3.251561
	196	1	66	2	0.000000	14.234747	21.561172	-3.036020
	197	1	66	6	0.000000	18.438133	21.167012	-4.064910
	198	1	67	1	-0.600000	12.801855	19.648030	-0.114300
	199	1	67	2	0.000000	15.616223	16.917727	-0.183812
	200	1	67	3	0.000000	19.778979	19.052874	-1.273607
	201	1	68	1	-0.600000	14.999652	13.568803	1.083324
	202	1	68	2	0.000000	17.724493	11.719195	-0.686531
	203	1	68	5	0.000000	21.038984	14.982997	0.469330
	204	1	69	1	-0.600000	18.686181	8.152745	-0.943423
	205	1	69	2	0.000000	22.351698	9.194470	-0.000245
	206	1	69	6	0.000000	21.932211	12.140648	3.078494
	207	1	70	1	-0.600000	25.063607	6.927401	-0.993508
	208	1	70	2	0.000000	27.714000	9.559966	-0.376567
	209	1	70	4	0.000000	26.079619	10.862819	3.517859
	210	1	71	1	-0.600000	31.359655	8.950233	-1.093337
	211	1	71	2	0.000000	32.532139	11.843391	1.295359
	212	1	71	5	0.000000	29.695612	11.052110	5.167160
	213	1	72	1	-0.600000	35.849463	13.332112	1.799335
	214	1	72	2	0.000000	34.890375	14.260805	5.495085
	215	1	72	5	0.000000	31.925237	11.162234	7.894802
	216	1	73	1	-0.600000	37.544294	15.737788	7.654231
	217	1	73	2	0.000000	35.701293	14.662063	10.975609
	218	1	73	3	0.000000	33.763439	10.205027	10.719561
	219	1	74	1	-0.600000	37.363337	15.283948	14.241648
	220	1	74	2	0.000000	35.325257	12.280326	16.017876
	221	1	74	4	0.000000	35.469827	8.708990	13.445997
	222	1	75	1	-0.600000	36.204575	12.001618	19.667030
	223	1	75	2	0.000000	35.151520	8.179652	19.741769
	224	1	75	4	0.000000	36.897280	6.534868	16.078245
	225	1	76	1	-0.600000	35.560801	6.469041	23.064929
	226	1	76	2	0.000000	35.842475	2.909732	21.325674
	227	1	76	6	0.000000	38.405311	3.359140	17.861092
	228	1	77	1	-0.600000	36.230445	0.020326	23.683631
	229	1	77	2	0.000000	38.345520	-2.208203	21.214557
	230	1	77	6	0.000000	40.784254	0.499093	18.913188
	231	1	78	1	-0.600000	38.599743	-5.738691	22.287158
	232	1	78	2	0.000000	39.459648	-7.147670	18.983303
	233	1	78	3	0.000000	42.679264	-3.663057	18.666888
	234	1	79	1	-0.600000	40.191775	-10.464664	17.519892
	235	1	79	2	0.000000	43.541074	-9.017007	16.058668
	236	1	79	5	0.000000	45.674614	-5.450544	18.602716
	237	1	80	1	-0.600000	45.316428	-11.005115	13.469641
	238	1	80	2	0.000000	47.288437	-8.214827	12.139111
	239	1	80	6	0.000000	48.667427	-7.743213	16.094728
	240	1	81	1	-0.600000	49.078754	-7.381030	8.940717
	241	1	81	2	0.000000	52.144239	-5.992220	11.093569
	242	1	81	4	0.000000	52.031207	-8.599194	14.651126
	243	1	82	1	-0.600000	55.441039	-4.669640	9.922907
	244	1	82	2	0.000000	56.947690	-3.359181	13.176331
	245	1	82	5	0.000000	55.982191	-7.209688	15.989686
	246	1	83	1	-0.600000	60.164177	-1.535209	13.708060
	247	1	83	2	0.000000	60.993291	-3.320061	17.137889
	248	1	83	3	0.000000	59.507090	-7.874621	16.910714
	249	1	84	1	-0.600000	64.186625	-2.576898	18.881302
	250	1	84	2	0.000000	64.291308	-6.172979	20.492132
	251	1	84	3	0.000000	62.509428	-9.619938	17.582298
	252	1	85	1	-0.600000	67.271130	-7.037816	22.610756
	253	1	85	2	0.000000	66.712953	-11.217279	21.545131
	254	1	85	6	0.000000	65.378089	-11.910446	17.774484
	255	1	86	1	-0.600000	68.974549	-13.448950	23.431981
	256	1	86	2	0.000000	68.067554	-16.735597	21.669275
	257	1	86	3	0.000000	67.607987	-15.244400	17.201009
	258	1	87	1	-0.600000	70.233553	-19.683484	22.523352
	259	1	87	2	0.000000	69.569658	-20.641329	18.266557
	260	1	87	4	0.000000	70.166796	-17.362556	15.889557
	261	1	88	1	-0.600000	70.013322	-24.349815	17.704313
	262	1	88	2	0.000000	70.971931	-23.280618	14.006843
	263	1	88	5	0.000000	72.498188	-18.666443	13.446456
	264	1	89	1	-0.600000	71.105039	-26.021495	11.552246
	265	1	89	2	0.000000	69.855632	-24.025857	8.666288
	266	1	89	6	0.000000	73.240955	-21.573340	9.363323
	267	1	90	1	-0.600000	68.827736	-24.485080	5.112665
	268	1	90	2	0.000000	71.616785	-21.955213	3.788557
	269	1	90	6	0.000000	75.048923	-22.684481	6.253009
	270	1	91	1	-0.600000	71.578199	-20.972983	0.140844
	271	1	91	2	0.000000	73.402096	-17.874302	0.719479
	272	1	91	4	0.000000	76.418331	-20.485750	2.456711
	273	1	92	1	-0.600000	74.458818	-14.836259	-1.196592
	274	1	92	2	0.000000	78.264453	-14.941605	0.164360
	275	1	92	4	0.000000	79.148236	-19.231022	0.354328
	276	1	93	1	-0.600000	80.721857	-12.447207	-1.216270
	277	1	93	2	0.000000	83.764446	-14.934067	-0.702725
	278	1	93	4	0.000000	82.197039	-18.915793	-1.613332
	279	1	94	1	-0.600000	87.163125	-13.647401	-1.149222
	280	1	94	2	0.000000	88.641280	-16.901500	-2.398570
	281	1	94	4	0.000000	85.310538	-19.354053	-3.801225
	282	1	95	1	-0.600000	92.046536	-16.666745	-2.864438
	283	1	95	2	0.000000	91.550209	-20.310657	-4.072445
	284	1	95	5	0.000000	87.472629	-22.081939	-5.995907
	285	1	96	1	-0.600000	94.600195	-21.220719	-6.003143
	286	1	96	2	0.000000	92.470302	-23.776193	-8.062463
	287	1	96	3	0.000000	88.041502	-22.364597	-9.398872
	288	1	97	1	-0.600000	94.207521	-25.495371	-10.886834
	289	1	97	2	0.000000	91.551408	-27.929585	-12.065679
	290	1	97	4	0.000000	88.735467	-24.652864	-12.503562
	291	1	98	1	-0.600000	92.060473	-30.910229	-14.342626
	292	1	98	2	0.000000	88.560348	-30.396027	-16.651780
	293	1	98	5	0.000000	86.843097	-25.772148	-16.296170
	294	1	99	1	-0.600000	86.994182	-32.784180	-19.147257
	295	1	99	2	0.000000	85.045709	-29.640508	-20.389743
	296	1	99	5	0.000000	86.941502	-25.091958	-19.983797
	297	1	100	1	-0.600000	82.392426	-30.308463	-22.933801
	298	1	100	2	0.000000	80.459930	-27.160560	-22.629263
	299	1	100	3	0.000000	84.481233	-24.629993	-23.186152
	300	1	101	1	-0.600000	77.287250	-26.098210	-24.281572
	301	1	101	2	0.000000	79.483618	-23.160465	-25.779656
	302	1	101	5	0.000000	84.374884	-23.585796	-26.387442
	303	1	102	1	-0.600000	77.465602	-20.450996	-27.314143
	304	1	102	2	0.000000	80.216454	-17.917960	-27.223783
	305	1	102	6	0.000000	82.816813	-20.769299	-29.032079
	306	1	103	1	-0.600000	80.587615	-14.304805	-28.047093
	307	1	103	2	0.000000	83.755546	-15.429851	-30.205704
	308	1	103	3	0.000000	83.401406	-19.817326	-32.205069
	309	1	104	1	-0.600000	85.811041	-12.865663	-32.033957
	310	1	104	2	0.000000	88.353544	-14.993916	-34.159526
	311	1	104	5	0.000000	85.983620	-19.127538	-35.486491
	312	1	105	1	-0.600000	90.647817	-13.815494	-36.825845
	313	1	105	2	0.000000	90.217505	-17.162837	-39.131325
	314	1	105	4	0.000000	86.027150	-18.339236	-39.202289
	315	1	106	1	-0.600000	91.990866	-16.819462	-42.389834
	316	1	106	2	0.000000	90.426417	-20.045445	-43.924544
	317	1	106	4	0.000000	86.340346	-19.002664	-42.834232
	318	1	107	1	-0.600000	91.431750	-21.299291	-47.349221
	319	1	107	2	0.000000	87.230757	-22.515321	-47.930835
	320	1	107	4	0.000000	84.584363	-19.767085	-46.454895
	321	1	108	1	-0.600000	86.893862	-24.670823	-50.923467
	322	1	108	2	0.000000	83.057191	-23.560456	-50.790354
	323	1	108	6	0.000000	82.812478	-19.449111	-49.656991
	324	1	109	1	-0.600000	80.989998	-25.341704	-53.398363
	325	1	109	2	0.000000	77.698819	-23.611998	-52.822808
	326	1	109	6	0.000000	79.226541	-19.616805	-52.512795
	327	1	110	1	-0.600000	74.325283	-24.744450	-53.997815
	328	1	110	2	0.000000	72.370712	-22.550034	-51.990397
	329	1	110	3	0.000000	75.218656	-19.367059	-54.053646
	330	1	111	1	-0.600000	68.793092	-21.698063	-51.503691
	331	1	111	2	0.000000	69.722414	-17.844779	-51.883900
	332	1	111	3	0.000000	73.093981	-16.955663	-55.247117
	333	1	112	1	-0.600000	67.340917	-15.005551	-51.505637
	334	1	112	2	0.000000	69.804389	-12.199891	-52.000942
	335	1	112	3	0.000000	71.680595	-13.656817	-56.190529
	336	1	113	1	-0.600000	68.589978	-8.711101	-52.166689
	337	1	113	2	0.000000	71.193039	-7.624873	-54.904394
	338	1	113	4	0.000000	70.098896	-10.775275	-57.626815
	339	1	114	1	-0.600000	71.445589	-4.030512	-55.964568
	340	1	114	2	0.000000	72.339989	-4.943529	-59.716897
	341	1	114	3	0.000000	69.850862	-8.819668	-61.215506
	342	1	115	1	-0.600000	72.294412	-2.219423	-62.228065
	343	1	115	2	0.000000	70.800946	-4.458837	-65.159666
	344	1	115	6	0.000000	67.518237	-6.754988	-63.784252
	345	1	116	1	-0.600000	70.182609	-2.448907	-68.187387
	346	1	116	2	0.000000	67.676889	-4.979860	-69.884526
	347	1	116	3	0.000000	64.831366	-6.833145	-66.525163
	348	1	117	1	-0.600000	66.216953	-3.868261	-73.143557
	349	1	117	2	0.000000	62.689556	-6.293037	-72.057693
	350	1	117	6	0.000000	61.672391	-6.509773	-68.109992
	351	1	118	1	-0.600000	60.206879	-6.421959	-74.783266
	352	1	118	2	0.000000	57.669156	-8.253670	-72.306283
	353	1	118	4	0.000000	58.100628	-5.735892	-68.826477
	354	1	119	1	-0.600000	54.254134	-8.931084	-73.631212
	355	1	119	2	0.000000	52.652082	-9.662032	-70.088376
	356	1	119	4	0.000000	53.871564	-5.827716	-68.494206
	357	1	120	1	-0.600000	49.313060	-10.917311	-69.110069
	358	1	120	2	0.000000	49.545543	-9.172623	-65.564015
	359	1	120	4	0.000000	50.343906	-5.090705	-66.737028
	360	1	121	1	-0.600000	46.857049	-10.047711	-63.133480
	361	1	121	2	0.000000	47.211039	-6.498519	-61.456012
	362	1	121	4	0.000000	46.943074	-3.758262	-64.828334
	363	1	122	1	-0.600000	45.272153	-6.381191	-58.204842
	364	1	122	2	0.000000	45.875618	-2.776221	-57.262720
	365	1	122	5	0.000000	44.860040	-1.215453	-61.677361
	366	1	123	1	-0.600000	45.214855	-0.775698	-54.253946
	367	1	123	2	0.000000	44.929402	2.381937	-56.667873
	368	1	123	5	0.000000	42.768278	1.469756	-61.049814
	369	1	124	1	-0.600000	44.237803	5.811458	-55.380570
	370	1	124	2	0.000000	42.845737	7.103002	-58.840916
	371	1	124	4	0.000000	40.200786	3.868680	-60.212845
	372	1	125	1	-0.600000	41.579674	10.589352	-59.039658
	373	1	125	2	0.000000	39.014249	9.726445	-61.995271
	374	1	125	3	0.000000	36.981853	5.319121	-62.157187
	375	1	126	1	-0.600000	36.556477	12.429614	-62.650393
	376	1	126	2	0.000000	34.061749	10.211829	-64.710816
	377	1	126	5	0.000000	33.033692	5.817450	-62.720423
	378	1	127	1	-0.600000	31.063657	11.920778	-66.148620
	379	1	127	2	0.000000	28.776094	8.455554	-64.747615
	380	1	127	4	0.000000	30.045910	6.721253	-61.132072
	381	1	128	1	-0.600000	25.204389	9.021033	-65.698050
	382	1	128	2	0.000000	24.281794	5.702474	-63.067058
	383	1	128	3	0.000000	26.736965	4.713815	-59.172053
	384	1	129	1	-0.600000	20.679153	5.129901	-62.854935
	385	1	129	2	0.000000	21.409308	2.192369	-60.380590
	386	1	129	4	0.000000	23.657188	4.559501	-57.511207
	387	1	130	1	-0.600000	18.705483	-0.209041	-59.293924
	388	1	130	2	0.000000	20.219220	-1.371790	-55.660614
	389	1	130	6	0.000000	21.593553	2.395106	-54.370350
	390	1	131	1	-0.600000	20.210399	-4.642445	-53.775236
	391	1	131	2	0.000000	21.276997	-2.857332	-50.390980
	392	1	131	4	0.000000	19.822318	1.299558	-50.725153
	393	1	132	1	-0.600000	21.396611	-5.108864	-47.368361
	394	1	132	2	0.000000	22.613445	-2.839659	-44.624674
	395	1	132	5	0.000000	19.623904	0.617357	-46.073889
	396	1	133	1	-0.600000	23.510886	-3.318212	-41.079084
	397	1	133	2	0.000000	21.667815	0.154290	-40.473799
	398	1	133	6	0.000000	18.101990	0.374032	-42.880085
	399	1	134	1	-0.600000	22.356834	1.756730	-37.198555
	400	1	134	2	0.000000	21.070365	5.181103	-37.940320
	401	1	134	3	0.000000	17.203433	3.059790	-39.705988
	402	1	135	1	-0.600000	20.961504	8.459117	-36.200479
	403	1	135	2	0.000000	17.104027	8.768326	-36.931564
	404	1	135	5	0.000000	14.906700	4.481990	-37.411754
	405	1	136	1	-0.600000	15.155769	11.396307	-35.181451
	406	1	136	2	0.000000	11.558876	9.280012	-35.658815
	407	1	136	5	0.000000	11.529186	4.457018	-35.716758
	408	1	137	1	-0.600000	8.762520	10.580683	-33.849745
	409	1	137	2	0.000000	6.383275	7.734219	-34.696594
	410	1	137	4	0.000000	8.764615	4.550917	-33.244183
	411	1	138	1	-0.600000	3.169374	8.638717	-33.070106
	412	1	138	2	0.000000	1.959102	5.102014	-32.222330
	413	1	138	5	0.000000	5.865137	2.787105	-30.537476
	414	1	139	1	-0.600000	-0.852547	4.396808	-30.156931
	415	1	139	2	0.000000	0.083185	0.815299	-29.285438
	416	1	139	3	0.000000	4.390112	1.488943	-27.405053
	417	1	140	1	-0.600000	-1.903782	-1.211162	-27.118192
	418	1	140	2	0.000000	0.825002	-3.501020	-25.818032
	419	1	140	4	0.000000	3.021011	-0.187904	-24.405359
	420	1	141	1	-0.600000	0.108555	-6.052626	-23.426496
	421	1	141	2	0.000000	3.589628	-6.189864	-21.864072
	422	1	141	4	0.000000	3.409023	-2.048456	-21.052752
	423	1	142	1	-0.600000	4.293224	-8.427819	-19.108127
	424	1	142	2	0.000000	7.114563	-6.440759	-17.459679
	425	1	142	6	0.000000	4.806617	-2.985173	-17.301181
	426	1	143	1	-0.600000	8.659825	-7.288869	-14.326941
	427	1	143	2	0.000000	9.588775	-3.783069	-13.142078
	428	1	143	4	0.000000	5.575703	-2.501636	-13.506350
	429	1	144	1	-0.600000	11.207017	-3.322406	-9.940985
	430	1	144	2	0.000000	10.008852	0.244640	-9.231994
	431	1	144	6	0.000000	6.017764	-0.785720	-9.792495
	432	1	145	1	-0.600000	10.701780	2.033618	-6.161745
	433	1	145	2	0.000000	7.628925	4.321855	-6.103508
	434	1	145	6	0.000000	4.977485	1.125576	-6.374212
	435	1	146	1	-0.600000	6.784845	6.607017	-3.491663
	436	1	146	2	0.000000	3.017126	6.497501	-4.128574
	437	1	146	3	0.000000	2.154336	1.861229	-3.489725
	438	1	147	1	-0.600000	0.048148	9.145015	-2.347637
	439	1	147	2	0.000000	-2.730205	6.640280	-1.004404
	440	1	147	4	0.000000	0.083500	3.425257	0.058972
	441	1	148	1	-0.600000	-5.920748	7.677373	1.710521
	442	1	148	2	0.000000	-6.380810	4.246600	2.897689
	443	1	148	5	0.000000	-2.147194	1.936354	3.270565
	444	1	149	1	-0.600000	-8.217300	3.598987	5.831614
	445	1	149	2	0.000000	-6.982353	0.026616	6.316251
	446	1	149	5	0.000000	-2.126401	0.277923	6.604657
	447	1	150	1	-0.600000	-8.230324	-1.959564	9.057467
	448	1	150	2	0.000000	-5.232008	-4.295546	9.475462
	449	1	150	6	0.000000	-2.536023	-1.161930	9.941594
	450	1	151	1	-0.600000	-5.012830	-6.776963	12.065635
	451	1	151	2	0.000000	-1.223128	-6.846648	12.481924
	452	1	151	5	0.000000	0.077885	-2.218395	13.186819
	453	1	152	1	-0.600000	0.342829	-8.926020	14.948825
	454	1	152	2	0.000000	3.505127	-6.836598	15.410973
	455	1	152	5	0.000000	1.875783	-2.343364	16.372713
	456	1	153	1	-0.600000	6.015978	-7.700879	17.838858
	457	1	153	2	0.000000	7.394764	-4.204486	18.482803
	458	1	153	6	0.000000	3.703636	-2.619405	19.547329
	459	1	154	1	-0.600000	9.940579	-3.540367	20.891700
	460	1	154	2	0.000000	8.954910	0.025377	21.710678
	461	1	154	6	0.000000	5.145944	-0.943399	23.025703
	462	1	155	1	-0.600000	10.805331	1.953803	24.057259
	463	1	155	2	0.000000	7.886254	4.123128	25.157091
	464	1	155	3	0.000000	4.678615	0.935578	26.584827
	465	1	156	1	-0.600000	8.277542	6.607698	27.647933
	466	1	156	2	0.000000	4.787953	6.447917	29.061396
	467	1	156	5	0.000000	3.756362	1.886490	30.359932
	468	1	157	1	-0.600000	4.101873	8.667912	31.784998
	469	1	157	2	0.000000	1.450608	6.848937	33.690844
	470	1	157	4	0.000000	4.004723	3.602624	34.368450
	471	1	158	1	-0.600000	-0.393507	9.746625	35.397179
	472	1	158	2	0.000000	-3.392693	8.119132	36.445370
	473	1	158	3	0.000000	0.086082	5.304750	38.042240
	474	1	159	1	-0.600000	-6.159845	7.733525	38.582972
	475	1	159	2	0.000000	-5.238051	4.022122	38.678021
	476	1	159	6	0.000000	-2.166788	5.122060	41.286119
	477	1	160	1	-0.600000	-7.130685	1.111786	39.754397
	478	1	160	2	0.000000	-5.573421	-0.417640	42.632298
	479	1	160	4	0.000000	-4.254754	3.202808	44.368360
	480	1	161	1	-0.600000	-8.304478	-2.594035	43.998769
	481	1	161	2	0.000000	-6.938430	-0.818662	47.793120
	482	1	161	4	0.000000	-5.825417	3.169339	47.671971
	483	1	162	1	-0.600000	-8.001897	-2.099903	50.865683
	484	1	162	2	0.000000	-4.886549	-0.652709	52.460232
	485	1	162	3	0.000000	-6.010327	3.878699	51.697257
	486	1	163	1	-0.600000	-4.044730	-1.618689	55.916450
	487	1	163	2	0.000000	-3.275613	1.913103	57.215625
	488	1	163	6	0.000000	-6.474075	3.796049	55.307654
	489	1	164	1	-0.600000	-3.031229	2.621181	60.751793
	490	1	164	2	0.000000	-4.325659	6.203623	60.867085
	491	1	164	3	0.000000	-8.239887	5.973223	58.168712
	492	1	165	1	-0.600000	-4.907592	7.683443	64.181402
	493	1	165	2	0.000000	-7.599479	10.339276	63.574951
	494	1	165	4	0.000000	-9.803309	7.383487	61.496799
	495	1	166	1	-0.600000	-9.353168	12.156266	66.132778
	496	1	166	2	0.000000	-12.594145	12.864703	64.260473
	497	1	166	5	0.000000	-13.978667	8.467922	62.754226
	498	1	167	1	-0.600000	-15.366376	14.643035	65.746664
	499	1	167	2	0.000000	-18.324618	13.133038	63.862376
	500	1	167	6	0.000000	-17.342204	9.211727	64.816684
	501	1	168	1	-0.600000	-21.719611	14.010683	64.622015
	502	1	168	2	0.000000	-23.117518	10.635780	63.479596
	503	1	168	3	0.000000	-20.699589	7.857395	66.481119
	504	1	169	1	-0.600000	-26.614972	9.767726	63.416307
	505	1	169	2	0.000000	-26.252261	5.969762	63.638097
	506	1	169	6	0.000000	-24.171313	6.207315	67.228810
	507	1	170	1	-0.600000	-29.037283	3.675028	63.668484
	508	1	170	2	0.000000	-27.477056	0.890349	65.761677
	509	1	170	3	0.000000	-26.018978	3.404378	69.503321
	510	1	171	1	-0.600000	-29.311305	-2.037931	66.741086
	511	1	171	2	0.000000	-27.436966	-2.748388	69.986736
	512	1	171	5	0.000000	-27.433254	1.408407	72.507855
	513	1	172	1	-0.600000	-28.513435	-5.693884	71.937058
	514	1	172	2	0.000000	-27.225126	-4.696393	75.394492
	515	1	172	5	0.000000	-29.005547	-0.136717	75.464948
	516	1	173	1	-0.600000	-27.804123	-6.068689	78.650372
	517	1	173	2	0.000000	-27.419152	-2.895823	80.703892
	518	1	173	3	0.000000	-30.801765	-0.214904	78.720788
	519	1	174	1	-0.600000	-27.753773	-2.898879	84.269396
	520	1	174	2	0.000000	-29.020928	0.669817	84.642653
	521	1	174	4	0.000000	-32.248237	-0.143572	82.048064
	522	1	175	1	-0.600000	-29.820462	1.987378	87.888685
	523	1	175	2	0.000000	-32.474336	4.490654	86.771902
	524	1	175	5	0.000000	-35.479341	1.887314	83.965420
	525	1	176	1	-0.600000	-34.411935	6.396527	89.119946
	526	1	176	2	0.000000	-37.513581	6.890288	86.937945
	527	1	176	4	0.000000	-37.855541	2.709936	86.462238
	528	1	177	1	-0.600000	-40.437698	8.590540	88.044707
	529	1	177	2	0.000000	-42.807187	6.780729	85.671142
	530	1	177	3	0.000000	-41.902367	2.287578	86.853375
	531	1	178	1	-0.600000	-46.269583	8.242843	85.688719
	532	1	178	2	0.000000	-48.239585	4.940816	85.931055
	533	1	178	3	0.000000	-45.354992	2.445918	88.720585
	534	1	179	1	-0.600000	-51.767679	4.933879	86.829626
	535	1	179	2	0.000000	-50.996192	1.543530	88.795184
	536	1	179	6	0.000000	-47.683533	2.056409	91.350631
	537	1	180	1	-0.600000	-53.998843	0.035970	90.300093
	538	1	180	2	0.000000	-52.261641	-2.093812	93.057282
	539	1	180	6	0.000000	-49.494827	0.709614	94.534726
	540	1	181	1	-0.600000	-54.591283	-3.861391	95.394445
	541	1	181	2	0.000000	-52.266665	-3.740634	98.537510
	542	1	181	4	0.000000	-50.823263	0.378480	98.231083
	543	1	182	1	-0.600000	-53.555262	-5.510197	101.648538
	544	1	182	2	0.000000	-50.594258	-5.163098	103.697325
	545	1	182	5	0.000000	-50.457558	-0.334614	102.737237
	546	1	183	1	-0.600000	-49.545393	-6.107184	107.157640
	547	1	183	2	0.000000	-48.467343	-2.432836	108.202822
	548	1	183	6	0.000000	-51.234329	0.140876	106.187453
	549	1	184	1	-0.600000	-46.613788	-2.396908	111.436884
	550	1	184	2	0.000000	-45.062903	0.830525	111.036564
	551	1	184	3	0.000000	-49.600910	1.872987	110.076928
	552	1	185	1	-0.600000	-42.984533	3.488935	112.573629
	553	1	185	2	0.000000	-46.149609	5.875907	111.993869
	554	1	185	5	0.000000	-50.824612	4.288782	112.136108
	555	1	186	1	-0.600000	-45.898587	9.529920	112.705396
	556	1	186	2	0.000000	-49.520970	10.364781	111.674439
	557	1	186	3	0.000000	-52.394189	6.936208	113.700648
	558	1	187	1	-0.600000	-51.532037	13.420283	111.753648
	559	1	187	2	0.000000	-54.946382	11.630269	112.443175
	560	1	187	4	0.000000	-53.983048	9.060110	115.777022
	561	1	188	1	-0.600000	-57.755352	14.129821	112.609993
	562	1	188	2	0.000000	-60.454541	12.194630	114.554195
	563	1	188	3	0.000000	-57.539777	10.344209	117.769447
	564	1	189	1	-0.600000	-63.588013	13.792169	115.678499
	565	1	189	2	0.000000	-63.848699	11.618286	119.028753
	566	1	189	6	0.000000	-59.990095	10.953279	120.721871
	567	1	190	1	-0.600000	-66.438557	12.929033	121.361581
	568	1	190	2	0.000000	-64.949852	11.013689	124.460455
	569	1	190	4	0.000000	-60.834827	12.473605	124.375124
	570	1	191	1	-0.600000	-66.634717	11.059160	127.761078
	571	1	191	2	0.000000	-63.351116	10.768924	130.027638
	572	1	191	3	0.000000	-59.526865	13.083586	128.216709
	573	1	192	1	-0.600000	-63.974728	11.376447	133.623547
	574	1	192	2	0.000000	-60.215060	12.579937	134.243287
	575	1	192	6	0.000000	-59.059217	15.358444	131.193059
	576	1	193	1	-0.600000	-59.551869	13.468222	137.835216
	577	1	193	2	0.000000	-56.543324	15.903630	137.179414
	578	1	193	6	0.000000	-57.547558	17.997945	133.579224
	579	1	194	1	-0.600000	-54.851830	17.144130	140.319972
	580	1	194	2	0.000000	-51.973818	18.563803	138.828353
	581	1	194	3	0.000000	-55.298990	20.642485	136.154751
	582	1	195	1	-0.600000	-48.814209	20.393875	139.674696
	583	1	195	2	0.000000	-49.415828	22.844101	136.837248
	584	1	195	3	0.000000	-54.130848	23.924843	136.815720
	585	1	196	1	-0.600000	-46.995222	24.771173	134.967225
	586	1	196	2	0.000000	-49.566513	26.304647	132.809205
	587	1	196	3	0.000000	-53.271058	27.274799	135.820424
	588	1	197	1	-0.600000	-48.783842	29.024899	130.364840
	589	1	197	2	0.000000	-52.173613	30.902141	131.441944
	590	1	197	3	0.000000	-53.570827	30.794144	136.107248
	591	1	198	1	-0.600000	-52.536924	34.181633	129.684052
	592	1	198	2	0.000000	-55.577553	35.192185	131.829362
	593	1	198	5	0.000000	-54.793936	34.235695	136.652501
	594	1	199	1	-0.600000	-57.420205	38.403406	131.407952
	595	1	199	2	0.000000	-58.838462	38.828350	135.043904
	596	1	199	4	0.000000	-55.068980	37.977280	136.948274
	597	1	200	1	-0.600000	-60.804719	41.872700	135.992371
	598	1	200	2	0.000000	-59.839189	42.053040	139.793698
	599	1	200	5	0.000000	-55.118191	40.706513	140.330773
	600	1	201	1	-0.600000	-60.556987	44.909488	142.047309
	601	1	201	2	0.000000	-57.321107	45.345193	144.127456
	602	1	201	4	0.000000	-54.230834	44.010089	141.319606
	603	1	202	1	-0.600000	-57.085664	47.390236	146.977877
	604	1	202	2	0.000000	-53.371208	46.711225	147.163753
	605	1	202	3	0.000000	-51.192515	46.287050	142.847090
	606	1	203	1	-0.600000	-51.436508	48.957359	149.349529
	607	1	203	2	0.000000	-47.833006	47.877735	148.015774
	608	1	203	4	0.000000	-48.458628	48.597949	143.774167
	609	1	204	1	-0.600000	-44.672108	49.076918	149.473080
	610	1	204	2	0.000000	-42.616269	47.986292	146.240290
	611	1	204	4	0.000000	-44.748077	50.404573	143.363149
	612	1	205	1	-0.600000	-38.888730	48.058577	146.268972
	613	1	205	2	0.000000	-38.771481	49.147082	142.471809
	614	1	205	4	0.000000	-41.795482	52.289762	142.216027
	615	1	206	1	-0.600000	-35.338110	48.681130	141.019467
	616	1	206	2	0.000000	-36.123788	49.026856	137.490383
	617	1	206	5	0.000000	-38.449412	53.150324	138.569489
	618	1	207	1	-0.600000	-34.276164	48.709285	134.274872
	619	1	207	2	0.000000	-35.154310	52.519284	133.529229
	620	1	207	5	0.000000	-36.008544	55.230538	137.515114
	621	1	208	1	-0.600000	-34.654127	53.854067	130.125496
	622	1	208	2	0.000000	-36.910713	56.823222	130.248385
	623	1	208	3	0.000000	-35.485227	58.125091	134.663819
	624	1	209	1	-0.600000	-37.928434	59.451782	127.717717
	625	1	209	2	0.000000	-37.390347	62.583499	130.754123
	626	1	209	3	0.000000	-34.284513	61.509122	133.975046
	627	1	210	1	-0.600000	-38.259709	65.959231	129.455892
	628	1	210	2	0.000000	-35.765226	67.205158	132.354905
	629	1	210	3	0.000000	-32.163988	64.259053	133.615226
	630	1	211	1	-0.600000	-34.660974	70.741249	132.151479
	631	1	211	2	0.000000	-31.310563	70.230147	134.185282
	632	1	211	6	0.000000	-29.608800	66.610128	132.708251
	633	1	212	1	-0.600000	-28.844315	72.925316	134.547700
	634	1	212	2	0.000000	-25.670025	70.557360	134.501193
	635	1	212	4	0.000000	-26.439061	67.818513	131.162884
	636	1	213	1	-0.600000	-22.554609	72.082093	135.861724
	637	1	213	2	0.000000	-20.589673	68.940121	136.282116
	638	1	213	5	0.000000	-21.506422	66.890853	131.852908
	639	1	214	1	-0.600000	-17.204432	68.148264	137.704657
	640	1	214	2	0.000000	-16.348122	66.323459	134.242615
	641	1	214	6	0.000000	-18.233487	68.089111	130.794506
	642	1	215	1	-0.600000	-12.896870	65.110467	133.606763
	643	1	215	2	0.000000	-13.752746	62.838654	130.806315
	644	1	215	4	0.000000	-14.923204	66.417995	128.667947
	645	1	216	1	-0.600000	-11.887648	59.965909	129.294801
	646	1	216	2	0.000000	-12.514061	61.405744	125.750056
	647	1	216	6	0.000000	-12.123717	65.649672	126.236417
	648	1	217	1	-0.600000	-12.458456	59.171917	122.894046
	649	1	217	2	0.000000	-13.972141	61.611486	120.456068
	650	1	217	6	0.000000	-12.009609	65.220047	121.686732
	651	1	218	1	-0.600000	-14.192112	61.020451	116.816872
	652	1	218	2	0.000000	-14.122150	64.782587	115.683755
	653	1	218	3	0.000000	-10.616650	66.527135	118.426916
	654	1	219	1	-0.600000	-14.455931	66.019529	112.187967
	655	1	219	2	0.000000	-11.480428	68.631357	113.228418
	656	1	219	4	0.000000	-8.337215	67.203440	115.991752
	657	1	220	1	-0.600000	-10.334240	70.573335	110.288885
	658	1	220	2	0.000000	-7.547388	72.644663	112.180366
	659	1	220	6	0.000000	-5.659327	69.661986	114.498155
	660	1	221	1	-0.600000	-5.483369	74.855562	110.043907
	661	1	221	2	0.000000	-2.162037	74.294968	112.102425
	662	1	221	3	0.000000	-1.440213	69.895658	113.817930
	663	1	222	1	-0.600000	0.307237	76.182221	109.954272
	664	1	222	2	0.000000	3.134766	73.875581	111.167143
	665	1	222	3	0.000000	1.467908	69.358179	111.615784
	666	1	223	1	-0.600000	6.438929	74.272138	109.436695
	667	1	223	2	0.000000	7.794746	71.127225	110.779721
	668	1	223	3	0.000000	4.436548	67.700984	109.965220
	669	1	224	1	-0.600000	11.360363	70.241923	109.987481
	670	1	224	2	0.000000	10.771990	66.392982	109.526602
	671	1	224	3	0.000000	6.477489	65.558738	107.597087
	672	1	225	1	-0.600000	13.855897	64.341102	109.627914
	673	1	225	2	0.000000	12.098407	61.273432	108.987834
	674	1	225	5	0.000000	8.738575	62.719801	105.746801
	675	1	226	1	-0.600000	13.198925	57.795674	109.633909
	676	1	226	2	0.000000	9.948827	56.204279	108.983198
	677	1	226	5	0.000000	9.408530	58.695807	104.795011
	678	1	227	1	-0.600000	8.353307	52.846756	109.048694
	679	1	227	2	0.000000	6.895998	53.764423	105.446642
	680	1	227	6	0.000000	9.968668	55.696660	103.073921
	681	1	228	1	-0.600000	4.372225	51.461857	103.859748
	682	1	228	2	0.000000	3.610722	53.549878	100.717318
	683	1	228	3	0.000000	8.128294	54.501843	99.361262
	684	1	229	1	-0.600000	1.068235	52.755587	98.146201
	685	1	229	2	0.000000	3.561958	54.285623	95.382971
	686	1	229	4	0.000000	7.575532	52.703856	96.282554
	687	1	230	1	-0.600000	1.940390	54.763732	92.008168
	688	1	230	2	0.000000	5.461717	53.998008	90.175150
	689	1	230	5	0.000000	8.927263	51.550768	92.723810
	690	1	231	1	-0.600000	5.679809	53.244607	86.544905
	691	1	231	2	0.000000	9.517425	52.086162	86.847217
	692	1	231	4	0.000000	9.447559	49.181478	90.084857
	693	1	232	1	-0.600000	11.024844	51.035739	83.588250
	694	1	232	2	0.000000	14.049975	49.062643	85.173368
	695	1	232	4	0.000000	11.683106	46.648504	87.920363
	696	1	233	1	-0.600000	16.725387	47.725899	82.863717
	697	1	233	2	0.000000	16.876949	44.349983	85.099618
	698	1	233	6	0.000000	12.966051	43.229003	86.626845
	699	1	234	1	-0.600000	19.212095	41.718849	83.729179
	700	1	234	2	0.000000	17.504867	38.796244	85.710560
	701	1	234	3	0.000000	12.766180	39.578989	85.790740
	702	1	235	1	-0.600000	19.368631	35.806782	86.601758
	703	1	235	2	0.000000	17.243046	34.560738	89.414117
	704	1	235	5	0.000000	13.180018	35.140099	86.937252
	705	1	236	1	-0.600000	17.525592	31.768926	91.830519
	706	1	236	2	0.000000	13.864273	30.724775	90.873114
	707	1	236	6	0.000000	13.623146	31.216735	86.626210
	708	1	237	1	-0.600000	11.985313	28.720209	93.308739
	709	1	237	2	0.000000	8.692790	29.380920	91.560764
	710	1	237	4	0.000000	10.239811	28.603765	87.493694
	711	1	238	1	-0.600000	5.412516	28.108946	92.902607
	712	1	238	2	0.000000	3.621000	28.424121	89.417857
	713	1	238	5	0.000000	6.998517	26.536424	86.468679
	714	1	239	1	-0.600000	0.080756	28.084471	88.509640
	715	1	239	2	0.000000	1.101158	26.919159	84.897558
	716	1	239	5	0.000000	5.206394	24.250272	84.471881
	717	1	240	1	-0.600000	-1.618789	25.824864	82.597611
	718	1	240	2	0.000000	0.862709	23.712670	80.368234
	719	1	240	3	0.000000	4.153245	21.259013	82.983026
	720	1	241	1	-0.600000	-0.509452	21.679276	77.575281
	721	1	241	2	0.000000	2.623643	19.129807	77.696342
	722	1	241	4	0.000000	3.394206	17.975585	81.875319
	723	1	242	1	-0.600000	2.333185	16.478412	75.039637
	724	1	242	2	0.000000	4.622397	13.993184	77.115321
	725	1	242	4	0.000000	3.114866	14.345478	81.211915
	726	1	243	1	-0.600000	5.217579	10.644553	75.510820
	727	1	243	2	0.000000	5.956151	8.962927	79.032407
	728	1	243	6	0.000000	2.998905	10.453429	81.827074
	729	1	244	1	-0.600000	6.856300	5.325464	78.893207
	730	1	244	2	0.000000	5.344803	4.420960	82.419913
	731	1	244	6	0.000000	1.875779	6.925372	82.938643
	732	1	245	1	-0.600000	6.434622	1.115687	83.671784
	733	1	245	2	0.000000	5.716063	1.732112	87.241728
	734	1	245	3	0.000000	1.491482	3.371588	85.802371
	735	1	246	1	-0.600000	5.984618	-0.088754	90.450622
	736	1	246	2	0.000000	2.193368	0.687106	91.142143
	737	1	246	5	0.000000	-0.703968	1.075281	87.243761
	738	1	247	1	-0.600000	0.903450	0.145077	94.584188
	739	1	247	2	0.000000	-2.042823	2.298961	94.225477
	740	1	247	6	0.000000	-3.017123	-0.153108	90.937439
	741	1	248	1	-0.600000	-4.377628	4.179404	96.493376
	742	1	248	2	0.000000	-7.452352	2.883204	94.296576
	743	1	248	4	0.000000	-6.037474	-1.081582	92.974734
	744	1	249	1	-0.600000	-11.117283	3.414061	94.823616
	745	1	249	2	0.000000	-12.579812	1.946102	91.617326
	746	1	249	5	0.000000	-10.035847	-2.200930	91.528372
	747	1	250	1	-0.600000	-16.136668	1.870629	90.478084
	748	1	250	2	0.000000	-15.895003	-1.738589	88.879221
	749	1	250	3	0.000000	-12.989312	-4.435328	91.579397
	750	1	251	1	-0.600000	-18.918778	-3.310851	87.405179
	751	1	251	2	0.000000	-17.603158	-6.929452	88.248010
	752	1	251	3	0.000000	-15.117430	-7.135805	92.408052
	753	1	252	1	-0.600000	-19.836631	-9.828857	87.397704
	754	1	252	2	0.000000	-18.024579	-12.074694	90.651772
	755	1	252	6	0.000000	-16.993410	-9.908338	93.926894
	756	1	253	1	-0.600000	-19.151771	-15.593611	90.711764
	757	1	253	2	0.000000	-17.399943	-16.655251	93.957517
	758	1	253	3	0.000000	-18.010517	-12.777180	96.601651
	759	1	254	1	-0.600000	-18.318009	-20.058733	95.255769
	760	1	254	2	0.000000	-17.881391	-18.029852	99.150961
	761	1	254	4	0.000000	-19.835217	-14.433106	99.186820
	762	1	255	1	-0.600000	-17.103298	-20.569631	101.836989
	763	1	255	2	0.000000	-18.801963	-17.938649	104.272179
	764	1	255	5	0.000000	-21.859436	-14.748843	102.171459
	765	1	256	1	-0.600000	-18.288194	-18.549527	107.866529
	766	1	256	2	0.000000	-18.144747	-14.961996	108.858419
	767	1	256	6	0.000000	-22.052687	-14.731594	107.234941
	768	1	257	1	-0.600000	-17.453518	-12.857000	111.856635
	769	1	257	2	0.000000	-21.072984	-11.177374	111.737833
	770	1	257	6	0.000000	-23.733769	-14.334601	110.581481
	771	1	258	1	-0.600000	-21.805518	-8.298588	114.072234
	772	1	258	2	0.000000	-24.490248	-6.991354	111.987334
	773	1	258	4	0.000000	-26.210778	-10.958254	112.475959
	774	1	259	1	-0.600000	-26.736456	-3.998734	111.848095
	775	1	259	2	0.000000	-30.089252	-6.177290	111.248375
	776	1	259	4	0.000000	-29.434559	-9.735141	113.724525
	777	1	260	1	-0.600000	-33.393544	-4.377244	111.158326
	778	1	260	2	0.000000	-35.326770	-7.542098	112.555041
	779	1	260	4	0.000000	-32.620935	-9.389055	115.455201
	780	1	261	1	-0.600000	-38.987992	-7.498110	112.535572
	781	1	261	2	0.000000	-39.411455	-9.653674	115.619081
	782	1	261	4	0.000000	-35.638703	-9.487866	117.813111
	783	1	262	1	-0.600000	-42.723679	-10.372058	116.236099
	784	1	262	2	0.000000	-41.167884	-12.162596	119.294580
	785	1	262	5	0.000000	-36.991130	-10.935596	121.419847
	786	1	263	1	-0.600000	-43.935022	-12.736628	121.718603
	787	1	263	2	0.000000	-41.325727	-12.669999	124.633298
	788	1	263	3	0.000000	-37.832311	-9.335636	124.372806
	789	1	264	1	-0.600000	-42.699843	-12.863199	128.100810
	790	1	264	2	0.000000	-39.535765	-13.045844	130.180963
	791	1	264	4	0.000000	-38.073302	-9.423944	128.283563
	792	1	265	1	-0.600000	-39.270212	-14.065583	133.816676
	793	1	265	2	0.000000	-36.455027	-11.133899	134.968264
	794	1	265	5	0.000000	-36.380092	-7.366472	131.764931
	795	1	266	1	-0.600000	-34.480620	-10.880765	138.196456
	796	1	266	2	0.000000	-33.878367	-7.179312	137.118684
	797	1	266	5	0.000000	-37.142830	-4.732706	134.324993
	798	1	267	1	-0.600000	-31.479695	-5.265998	139.249832
	799	1	267	2	0.000000	-30.709033	-2.477244	136.933058
	800	1	267	3	0.000000	-35.386509	-1.669274	136.338354
	801	1	268	1	-0.600000	-28.306652	0.358093	137.272275
	802	1	268	2	0.000000	-31.532121	2.641721	136.985290
	803	1	268	5	0.000000	-36.024003	1.015478	138.271511
	804	1	269	1	-0.600000	-30.752075	6.220361	136.389017
	805	1	269	2	0.000000	-34.168155	7.082944	135.132295
	806	1	269	6	0.000000	-35.842104	5.168069	138.551812
	807	1	270	1	-0.600000	-35.839345	10.088782	133.702557
	808	1	270	2	0.000000	-38.670573	9.450781	136.448251
	809	1	270	3	0.000000	-37.089214	7.532137	140.594701
	810	1	271	1	-0.600000	-41.677233	11.703076	136.629665
	811	1	271	2	0.000000	-43.580620	10.524194	139.870448
	812	1	271	5	0.000000	-40.124300	9.084789	143.103045
	813	1	272	1	-0.600000	-46.439346	12.171940	141.566374
	814	1	272	2	0.000000	-45.176411	11.221632	145.335689
	815	1	272	4	0.000000	-40.876029	11.833412	145.615655
	816	1	273	1	-0.600000	-47.336406	12.783825	147.939004
	817	1	273	2	0.000000	-44.964616	11.856602	150.893420
	818	1	273	4	0.000000	-41.376242	13.376402	148.947527
	819	1	274	1	-0.600000	-45.885810	12.607953	154.485067
	820	1	274	2	0.000000	-41.622582	13.495182	155.195722
	821	1	274	4	0.000000	-39.910651	15.546273	152.097463
	822	1	275	1	-0.600000	-40.933095	13.790663	158.822517
	823	1	275	2	0.000000	-37.714920	15.837777	157.630844
	824	1	275	6	0.000000	-38.747377	18.268586	154.272692
	825	1	276	1	-0.600000	-35.492780	16.772961	160.534832
	826	1	276	2	0.000000	-32.940442	18.827159	158.685194
	827	1	276	6	0.000000	-35.685440	21.051374	156.253523
	828	1	277	1	-0.600000	-29.548728	19.841685	159.913957
	829	1	277	2	0.000000	-28.230336	20.937363	156.795149
	830	1	277	3	0.000000	-32.214451	23.510604	156.888931
	831	1	278	1	-0.600000	-25.123842	22.498978	155.502046
	832	1	278	2	0.000000	-27.344433	25.228927	153.638500
	833	1	278	3	0.000000	-31.193302	26.706255	156.183458
	834	1	279	1	-0.600000	-26.041423	27.901447	151.395110
	835	1	279	2	0.000000	-29.351490	29.407879	150.413594
	836	1	279	3	0.000000	-31.107320	30.162259	154.834633
	837	1	280	1	-0.600000	-29.422691	32.477633	148.353399
	838	1	280	2	0.000000	-32.546578	33.993735	150.194964
	839	1	280	4	0.000000	-30.781333	33.660116	154.106991
	840	1	281	1	-0.600000	-34.129216	37.165421	148.952272
	841	1	281	2	0.000000	-35.101853	38.397860	152.592767
	842	1	281	3	0.000000	-31.641885	37.288980	155.797401
	843	1	282	1	-0.600000	-36.283931	41.886668	152.990604
	844	1	282	2	0.000000	-34.479971	42.480390	156.488269
	845	1	282	6	0.000000	-30.472861	41.110605	156.373216
	846	1	283	1	-0.600000	-34.946791	45.945951	157.656106
	847	1	283	2	0.000000	-31.951704	45.945889	160.224285
	848	1	283	3	0.000000	-28.266941	43.584032	158.310262
	849	1	284	1	-0.600000	-31.356156	49.176592	162.012402
	850	1	284	2	0.000000	-27.111791	47.966114	162.177454
	851	1	284	6	0.000000	-25.618232	45.833006	159.032710
	852	1	285	1	-0.600000	-25.076957	50.323990	164.155203
	853	1	285	2	0.000000	-21.791838	48.391664	162.968459
	854	1	285	4	0.000000	-22.633822	48.043114	158.748911
	855	1	286	1	-0.600000	-18.533380	49.842126	164.044486
	856	1	286	2	0.000000	-16.367780	47.770315	161.461142
	857	1	286	4	0.000000	-18.617409	49.225787	158.061931
	858	1	287	1	-0.600000	-12.709669	47.416367	161.043493
	859	1	287	2	0.000000	-13.095841	46.529425	157.204416
	860	1	287	4	0.000000	-15.366350	49.938505	155.826135
	861	1	288	1	-0.600000	-9.999695	45.377603	155.474231
	862	1	288	2	0.000000	-11.335164	46.871142	152.079648
	863	1	288	4	0.000000	-12.418166	50.955194	153.131815
	864	1	289	1	-0.600000	-9.178222	45.708041	149.191938
	865	1	289	2	0.000000	-10.852846	47.589839	146.380358
	866	1	289	5	0.000000	-10.961825	51.677615	148.877837
	867	1	290	1	-0.600000	-10.556343	47.512833	142.720002
	868	1	290	2	0.000000	-11.649997	51.344304	142.757319
	869	1	290	5	0.000000	-9.846800	53.991709	146.557851
	870	1	291	1	-0.600000	-12.015499	53.336998	139.628190
	871	1	291	2	0.000000	-11.567989	56.794950	141.478580
	872	1	291	4	0.000000	-8.165991	56.135728	144.185721
	873	1	292	1	-0.600000	-11.594534	59.900082	139.440244
	874	1	292	2	0.000000	-9.260251	61.882994	142.025070
	875	1	292	3	0.000000	-5.887016	59.442882	144.524648
	876	1	293	1	-0.600000	-7.963294	65.089920	140.679559
	877	1	293	2	0.000000	-5.128609	65.529161	143.355168
	878	1	293	5	0.000000	-2.439808	61.489326	144.238167
	879	1	294	1	-0.600000	-3.082838	68.652266	143.161339
	880	1	294	2	0.000000	0.394732	66.070429	143.826758
	881	1	294	4	0.000000	0.230552	62.238712	142.099424
	882	1	295	1	-0.600000	3.422082	68.264875	143.852758
	883	1	295	2	0.000000	5.723615	64.600382	143.601052
	884	1	295	3	0.000000	4.233385	60.745496	141.343400
	885	1	296	1	-0.600000	9.304769	65.287635	143.364704
	886	1	296	2	0.000000	9.916097	61.429555	143.198563
	887	1	296	4	0.000000	7.357409	60.708335	139.759964
	888	1	297	1	-0.600000	13.383711	59.954406	143.441417
	889	1	297	2	0.000000	12.799558	56.447743	141.390000
	890	1	297	6	0.000000	10.392685	57.979995	138.291641
	891	1	298	1	-0.600000	14.143080	52.944901	141.809238
	892	1	298	2	0.000000	12.945905	51.897867	138.169137
	893	1	298	4	0.000000	12.852038	55.638386	135.822229
	894	1	299	1	-0.600000	13.959352	48.428922	137.091836
	895	1	299	2	0.000000	12.381103	48.062280	133.695698
	896	1	299	5	0.000000	13.823695	52.470521	132.481511
	897	1	300	1	-0.600000	12.129465	45.319304	131.242534
	898	1	300	2	0.000000	12.742395	48.138395	128.504046
	899	1	300	6	0.000000	15.707894	50.934062	129.899038
	900	1	301	1	-0.600000	11.946201	47.151118	125.016542
	901	1	301	2	0.000000	11.895225	50.536952	123.446495
	902	1	301	3	0.000000	16.012824	51.342633	125.675534
	903	1	302	1	-0.600000	11.091687	51.953101	120.110017
	904	1	302	2	0.000000	14.498539	53.928903	120.079487
	905	1	302	5	0.000000	17.946769	51.820902	122.744035
	906	1	303	1	-0.600000	15.633062	55.491998	116.911462
	907	1	303	2	0.000000	19.650582	55.450914	118.137208
	908	1	303	5	0.000000	21.308671	51.960170	121.023378
	909	1	304	1	-0.600000	22.033734	56.295853	115.608907
	910	1	304	2	0.000000	25.118998	55.521315	117.697573
	911	1	304	4	0.000000	24.151107	51.519697	118.679731
	912	1	305	1	-0.600000	28.004853	56.326117	115.502494
	913	1	305	2	0.000000	30.435948	53.649426	116.773340
	914	1	305	5	0.000000	27.778597	49.626033	117.228791
	915	1	306	1	-0.600000	33.545182	52.878974	115.220842
	916	1	306	2	0.000000	33.992310	49.420970	116.740540
	917	1	306	3	0.000000	29.969366	47.336390	115.322456
	918	1	307	1	-0.600000	36.792488	47.340114	115.978099
	919	1	307	2	0.000000	35.178895	43.964171	116.594666
	920	1	307	4	0.000000	32.174124	44.810900	113.757665
	921	1	308	1	-0.600000	36.999201	40.932194	116.105188
	922	1	308	2	0.000000	33.984625	38.722754	115.326935
	923	1	308	4	0.000000	32.843950	41.342739	112.215981
	924	1	309	1	-0.600000	34.416581	35.220622	114.521130
	925	1	309	2	0.000000	31.305980	34.743247	112.347484
	926	1	309	6	0.000000	32.305342	37.971638	109.924229
	927	1	310	1	-0.600000	30.526400	31.750766	110.514961
	928	1	310	2	0.000000	28.610408	33.305781	107.604370
	929	1	310	4	0.000000	31.876484	35.831189	106.689547
	930	1	311	1	-0.600000	27.326365	31.207200	104.953488
	931	1	311	2	0.000000	27.317629	33.814214	102.148518
	932	1	311	6	0.000000	31.324333	34.753001	102.756908
	933	1	312	1	-0.600000	26.430341	33.082619	98.716052
	934	1	312	2	0.000000	28.527470	35.776228	96.975077
	935	1	312	6	0.000000	32.054465	34.498989	98.778579
	936	1	313	1	-0.600000	28.850585	36.203654	93.443881
	937	1	313	2	0.000000	32.327432	37.786082	93.594695
	938	1	313	3	0.000000	34.782885	34.306654	95.720184
	939	1	314	1	-0.600000	33.729062	39.121544	90.427766
	940	1	314	2	0.000000	37.403588	38.089419	90.428700
	941	1	314	13	0.000000	37.449929	33.763935	92.633929
	942	2	1	2	0.000000	42.215722	27.151877	97.464263
	943	2	1	10	0.000000	39.058231	29.206443	95.736048
	944	2	2	1	-0.600000	43.986082	28.760911	100.240653
	945	2	2	2	0.000000	43.609921	32.445805	99.236678
	946	2	2	4	0.000000	39.489081	31.725818	98.590628
	947	2	3	1	-0.600000	44.354849	35.296430	101.232115
	948	2	3	2	0.000000	42.106113	37.771604	99.380175
	949	2	3	5	0.000000	37.712174	35.676443	99.551904
	950	2	4	1	-0.600000	41.816497	41.247894	100.317804
	951	2	4	2	0.000000	38.246102	41.892901	99.102847
	952	2	4	5	0.000000	35.620655	38.370216	101.236113
	953	2	5	1	-0.600000	36.590899	45.075614	99.610378
	954	2	5	2	0.000000	32.964719	43.866953	99.714881
	955	2	5	3	0.000000	33.389097	40.554035	103.095843
	956	2	6	1	-0.600000	30.145760	45.972147	100.383426
	957	2	6	2	0.000000	27.882985	43.345580	101.960777
	958	2	6	5	0.000000	30.460459	41.435902	105.624976
	959	2	7	1	-0.600000	24.601905	44.241707	103.151419
	960	2	7	2	0.000000	24.258839	41.569099	105.862562
	961	2	7	3	0.000000	28.290388	42.305807	108.257592
	962	2	8	1	-0.600000	21.453354	41.376113	108.092197
	963	2	8	2	0.000000	23.194472	39.679166	111.026182
	964	2	8	3	0.000000	26.831410	42.659487	111.676973
	965	2	9	1	-0.600000	21.632788	39.010806	114.147780
	966	2	9	2	0.000000	24.756063	39.209226	116.291512
	967	2	9	4	0.000000	25.570294	43.136488	114.969174
	968	2	10	1	-0.600000	24.363017	38.622732	119.853482
	969	2	10	2	0.000000	26.775364	41.126851	121.393592
	970	2	10	6	0.000000	25.928164	44.385511	118.947870
	971	2	11	1	-0.600000	26.348021	41.390145	125.113942
	972	2	11	2	0.000000	28.348168	44.458479	125.541424
	973	2	11	3	0.000000	25.372328	46.808777	122.594158
	974	2	12	1	-0.600000	29.450061	46.425162	128.454115
	975	2	12	2	0.000000	28.220818	49.881854	127.033375
	976	2	12	6	0.000000	24.529015	49.332733	125.081077
	977	2	13	1	-0.600000	28.034462	52.524598	129.446599
	978	2	13	2	0.000000	25.486114	54.558590	127.346258
	979	2	13	6	0.000000	22.252539	51.945634	126.695665
	980	2	14	1	-0.600000	25.009758	57.913817	128.962234
	981	2	14	2	0.000000	21.500862	58.698053	127.557517
	982	2	14	4	0.000000	19.810844	54.774522	128.429172
	983	2	15	1	-0.600000	19.608992	61.870074	128.278435
	984	2	15	2	0.000000	16.381412	60.855726	126.878594
	985	2	15	5	0.000000	16.045759	56.506272	129.155133
	986	2	16	1	-0.600000	13.275929	62.892936	126.542212
	987	2	16	2	0.000000	11.094870	60.003436	128.106962
	988	2	16	6	0.000000	13.277645	57.886352	131.135121
	989	2	17	1	-0.600000	7.498183	60.856158	127.614022
	990	2	17	2	0.000000	6.232707	57.532479	127.605067
	991	2	17	3	0.000000	8.704473	57.582192	131.555195
	992	2	18	1	-0.600000	2.847842	56.167149	127.456140
	993	2	18	2	0.000000	4.338379	53.991866	130.487775
	994	2	18	5	0.000000	6.639183	56.542892	134.092024
	995	2	19	1	-0.600000	2.761961	51.109922	132.063935
	996	2	19	2	0.000000	5.122181	51.536204	135.319411
	997	2	19	3	0.000000	4.913389	56.054817	136.964013
	998	2	20	1	-0.600000	5.168661	48.997706	137.959071
	999	2	20	2	0.000000	5.889997	51.917554	140.653206
	1000	2	20	4	0.000000	3.225860	55.241118	139.786749
	1001	2	21	1	-0.600000	6.007808	50.970745	144.153221
	1002	2	21	2	0.000000	5.852038	54.637737	145.639781
	1003	2	21	3	0.000000	2.391758	57.310726	143.690557
	1004	2	22	1	-0.600000	6.580752	54.462125	149.346834
	1005	2	22	2	0.000000	3.376765	57.167452	150.476611
	1006	2	22	6	0.000000	0.815321	57.764906	147.148992
	1007	2	23	1	-0.600000	2.316978	58.673922	153.712968
	1008	2	23	2	0.000000	-0.402552	61.157157	152.236007
	1009	2	23	4	0.000000	-2.387168	58.414078	149.542671
	1010	2	24	1	-0.600000	-2.437391	63.336864	154.460588
	1011	2	24	2	0.000000	-5.894857	62.407157	152.164061
	1012	2	24	3	0.000000	-6.620803	58.681578	149.319016
	1013	2	25	1	-0.600000	-8.719240	63.446283	154.283588
	1014	2	25	2	0.000000	-11.241489	61.866637	151.615225
	1015	2	25	6	0.000000	-9.885291	57.914264	150.657094
	1016	2	26	1	-0.600000	-14.869138	62.241998	152.454689
	1017	2	26	2	0.000000	-16.166275	58.922225	150.720382
	1018	2	26	6	0.000000	-13.332972	55.822046	151.557366
	1019	2	27	1	-0.600000	-19.652752	59.277348	149.743078
	1020	2	27	2	0.000000	-20.057212	56.078628	148.077725
	1021	2	27	3	0.000000	-17.352326	54.106836	151.394301
	1022	2	28	1	-0.600000	-22.901495	54.136214	146.745328
	1023	2	28	2	0.000000	-20.714841	51.113141	146.684543
	1024	2	28	3	0.000000	-19.113345	51.137348	151.303772
	1025	2	29	1	-0.600000	-20.814076	47.670808	145.290464
	1026	2	29	2	0.000000	-18.331939	46.302820	147.935887
	1027	2	29	3	0.000000	-19.845711	47.781201	152.282485
	1028	2	30	1	-0.600000	-16.930158	42.856067	147.841386
	1029	2	30	2	0.000000	-17.316257	42.438220	151.845240
	1030	2	30	3	0.000000	-20.674641	45.015167	154.214606
	1031	2	31	1	-0.600000	-16.535609	39.003386	153.108375
	1032	2	31	2	0.000000	-17.472775	40.056262	156.687201
	1033	2	31	5	0.000000	-21.749777	42.692307	156.883976
	1034	2	32	1	-0.600000	-17.746993	37.662863	159.500549
	1035	2	32	2	0.000000	-20.238371	39.180266	162.007627
	1036	2	32	4	0.000000	-23.110270	39.941233	158.957592
	1037	2	33	1	-0.600000	-21.198976	37.016663	164.855953
	1038	2	33	2	0.000000	-24.767178	38.746424	164.895678
	1039	2	33	5	0.000000	-27.149705	38.783409	160.504086
	1040	2	34	1	-0.600000	-26.843954	38.003212	167.991685
	1041	2	34	2	0.000000	-30.273519	36.914301	165.371662
	1042	2	34	4	0.000000	-29.570377	36.122892	161.317669
	1043	2	35	1	-0.600000	-33.237626	35.549267	166.934385
	1044	2	35	2	0.000000	-35.062509	35.976745	163.428451
	1045	2	35	3	0.000000	-32.498498	33.947228	159.856032
	1046	2	36	1	-0.600000	-38.627890	35.105775	163.060216
	1047	2	36	2	0.000000	-38.511347	33.907620	159.234032
	1048	2	36	4	0.000000	-34.889467	31.499984	159.133341
	1049	2	37	1	-0.600000	-41.471277	32.471883	157.600482
	1050	2	37	2	0.000000	-39.266304	31.218834	154.535571
	1051	2	37	4	0.000000	-36.590281	28.717582	156.812635
	1052	2	38	1	-0.600000	-40.911484	30.043577	151.394847
	1053	2	38	2	0.000000	-38.008357	27.470889	150.642642
	1054	2	38	4	0.000000	-37.242124	25.527916	154.525712
	1055	2	39	1	-0.600000	-37.904022	26.345899	147.083715
	1056	2	39	2	0.000000	-34.579045	24.869123	146.916683
	1057	2	39	5	0.000000	-35.898354	22.520031	150.905620
	1058	2	40	1	-0.600000	-32.355782	23.328713	144.343673
	1059	2	40	2	0.000000	-32.375092	19.980602	146.479861
	1060	2	40	5	0.000000	-36.231992	19.414690	149.466846
	1061	2	41	1	-0.600000	-29.830883	17.415322	145.788293
	1062	2	41	2	0.000000	-29.887860	15.671870	149.074051
	1063	2	41	3	0.000000	-34.652172	15.626900	149.244234
	1064	2	42	1	-0.600000	-28.069745	12.672926	150.245449
	1065	2	42	2	0.000000	-31.273070	11.060677	151.958303
	1066	2	42	3	0.000000	-35.264779	12.088313	149.464172
	1067	2	43	1	-0.600000	-30.894946	7.584378	153.381039
	1068	2	43	2	0.000000	-34.642228	6.526753	152.674511
	1069	2	43	3	0.000000	-36.294688	8.706030	148.705101
	1070	2	44	1	-0.600000	-35.855404	3.040028	153.051164
	1071	2	44	2	0.000000	-38.931987	3.540418	150.591664
	1072	2	44	6	0.000000	-37.678284	5.809477	147.175065
	1073	2	45	1	-0.600000	-40.991505	0.547010	149.828529
	1074	2	45	2	0.000000	-41.642113	1.721053	146.099542
	1075	2	45	4	0.000000	-37.806195	3.193882	144.553153
	1076	2	46	1	-0.600000	-44.459246	-0.207424	144.632041
	1077	2	46	2	0.000000	-44.949246	1.870842	141.728679
	1078	2	46	5	0.000000	-40.227517	2.587143	140.510381
	1079	2	47	1	-0.600000	-47.252843	1.498639	138.793315
	1080	2	47	2	0.000000	-44.525379	1.798385	136.042048
	1081	2	47	6	0.000000	-41.181797	-0.169400	137.794742
	1082	2	48	1	-0.600000	-45.317588	2.599924	132.601657
	1083	2	48	2	0.000000	-41.758647	3.549914	131.686058
	1084	2	48	4	0.000000	-40.366029	-0.148771	133.531056
	1085	2	49	1	-0.600000	-40.253622	4.827052	128.479375
	1086	2	49	2	0.000000	-37.273556	2.333377	128.750423
	1087	2	49	6	0.000000	-39.045189	-1.238913	130.350756
	1088	2	50	1	-0.600000	-34.188663	3.130022	127.037453
	1089	2	50	2	0.000000	-32.224270	0.356360	128.645485
	1090	2	50	6	0.000000	-35.252091	-2.702745	128.705693
	1091	2	51	1	-0.600000	-28.739181	-0.629138	127.714017
	1092	2	51	2	0.000000	-28.909913	-4.350365	128.901899
	1093	2	51	3	0.000000	-33.207664	-6.006260	127.564330
	1094	2	52	1	-0.600000	-25.915527	-6.594291	128.719672
	1095	2	52	2	0.000000	-28.486486	-9.784477	127.906538
	1096	2	52	4	0.000000	-31.762212	-8.596397	125.549095
	1097	2	53	1	-0.600000	-26.340086	-12.792348	127.268309
	1098	2	53	2	0.000000	-30.134209	-14.343157	125.681201
	1099	2	53	6	0.000000	-32.348721	-11.748236	123.514056
	1100	2	54	1	-0.600000	-29.941697	-18.005456	125.190326
	1101	2	54	2	0.000000	-32.915830	-17.767340	122.574812
	1102	2	54	3	0.000000	-32.834389	-13.597350	120.229609
	1103	2	55	1	-0.600000	-33.647309	-20.247169	120.142786
	1104	2	55	2	0.000000	-33.433443	-18.879843	116.942205
	1105	2	55	3	0.000000	-30.872045	-15.035948	117.173732
	1106	2	56	1	-0.600000	-33.390395	-22.140825	114.952808
	1107	2	56	2	0.000000	-33.612845	-19.477119	112.087634
	1108	2	56	3	0.000000	-31.002667	-15.573265	113.234191
	1109	2	57	1	-0.600000	-35.957439	-19.030335	109.182138
	1110	2	57	2	0.000000	-34.228960	-15.815352	107.640427
	1111	2	57	3	0.000000	-29.987024	-14.836156	109.572568
	1112	2	58	1	-0.600000	-34.200920	-15.543564	103.994468
	1113	2	58	2	0.000000	-31.216948	-12.943176	103.880843
	1114	2	58	5	0.000000	-27.541600	-14.448618	106.699490
	1115	2	59	1	-0.600000	-31.582553	-10.188028	101.517447
	1116	2	59	2	0.000000	-29.362973	-8.003007	103.473265
	1117	2	59	5	0.000000	-25.882541	-11.428644	104.052869
	1118	2	60	1	-0.600000	-27.890637	-4.637196	103.268518
	1119	2	60	2	0.000000	-24.305536	-6.157005	104.029994
	1120	2	60	6	0.000000	-23.779799	-9.742327	101.705906
	1121	2	61	1	-0.600000	-21.435849	-3.799537	104.607812
	1122	2	61	2	0.000000	-18.728975	-6.354456	105.594101
	1123	2	61	3	0.000000	-19.487388	-9.367494	101.914100
	1124	2	62	1	-0.600000	-15.190127	-5.969598	106.615203
	1125	2	62	2	0.000000	-14.072661	-9.179424	104.531268
	1126	2	62	4	0.000000	-16.157522	-8.857738	100.699282
	1127	2	63	1	-0.600000	-10.419099	-9.945002	104.609421
	1128	2	63	2	0.000000	-10.372419	-12.086238	101.322780
	1129	2	63	5	0.000000	-13.295711	-10.015777	97.927796
	1130	2	64	1	-0.600000	-7.391200	-13.548695	99.735110
	1131	2	64	2	0.000000	-8.906315	-13.255096	95.997506
	1132	2	64	4	0.000000	-10.740591	-9.289499	95.674964
	1133	2	65	1	-0.600000	-6.556537	-14.525877	93.352817
	1134	2	65	2	0.000000	-8.185552	-12.475231	90.345809
	1135	2	65	4	0.000000	-8.792836	-8.557624	92.151971
	1136	2	66	1	-0.600000	-6.588680	-12.833786	86.986911
	1137	2	66	2	0.000000	-7.725648	-9.129208	86.054686
	1138	2	66	6	0.000000	-7.326670	-6.513522	89.449108
	1139	2	67	1	-0.600000	-6.540529	-8.105618	82.616149
	1140	2	67	2	0.000000	-6.894639	-4.338303	83.414436
	1141	2	67	3	0.000000	-5.389764	-3.653260	87.920588
	1142	2	68	1	-0.600000	-7.479657	-2.011002	80.685157
	1143	2	68	2	0.000000	-8.959699	0.710463	82.672382
	1144	2	68	5	0.000000	-5.376882	0.388314	85.877613
	1145	2	69	1	-0.600000	-10.477726	3.993523	81.860641
	1146	2	69	2	0.000000	-8.064661	5.614857	84.459263
	1147	2	69	6	0.000000	-4.293251	3.666074	83.904424
	1148	2	70	1	-0.600000	-8.834456	8.938221	85.812116
	1149	2	70	2	0.000000	-6.147981	8.629039	88.428075
	1150	2	70	4	0.000000	-3.000812	7.196716	85.667238
	1151	2	71	1	-0.600000	-5.566715	11.250746	91.056484
	1152	2	71	2	0.000000	-1.934864	10.139021	91.864125
	1153	2	71	5	0.000000	-0.275825	9.515807	87.326503
	1154	2	72	1	-0.600000	0.279341	11.425145	94.525761
	1155	2	72	2	0.000000	3.202827	11.471077	91.903094
	1156	2	72	5	0.000000	2.173277	11.909843	87.102370
	1157	2	73	1	-0.600000	6.683788	12.327568	92.901137
	1158	2	73	2	0.000000	8.453008	11.305671	89.801266
	1159	2	73	3	0.000000	5.561791	13.423341	86.542199
	1160	2	74	1	-0.600000	12.137858	11.554218	89.167836
	1161	2	74	2	0.000000	11.606680	13.049417	85.518670
	1162	2	74	3	0.000000	7.737748	15.956986	85.170411
	1163	2	75	1	-0.600000	14.767620	14.096760	83.737812
	1164	2	75	2	0.000000	12.469623	17.151341	81.627039
	1165	2	75	4	0.000000	9.485997	18.872698	83.989782
	1166	2	76	1	-0.600000	14.798420	18.954598	79.297212
	1167	2	76	2	0.000000	11.956532	21.727207	78.565011
	1168	2	76	6	0.000000	10.093790	22.569951	82.367446
	1169	2	77	1	-0.600000	12.644141	24.558039	76.185235
	1170	2	77	2	0.000000	10.451615	27.250325	78.113614
	1171	2	77	6	0.000000	10.655949	26.370580	82.298124
	1172	2	78	1	-0.600000	9.999607	30.433577	76.253680
	1173	2	78	2	0.000000	7.094384	31.789282	78.052396
	1174	2	78	3	0.000000	9.554997	30.786597	81.977859
	1175	2	79	1	-0.600000	4.901194	34.818378	77.871565
	1176	2	79	2	0.000000	5.766171	35.429979	81.660737
	1177	2	79	5	0.000000	10.149992	33.927562	83.309748
	1178	2	80	1	-0.600000	3.461378	37.681048	83.524393
	1179	2	80	2	0.000000	4.035378	36.271718	86.836343
	1180	2	80	6	0.000000	8.099447	37.073335	85.893740
	1181	2	81	1	-0.600000	2.498047	36.237061	90.272527
	1182	2	81	2	0.000000	5.930210	37.335588	91.738915
	1183	2	81	4	0.000000	7.603946	39.856142	88.508742
	1184	2	82	1	-0.600000	6.657211	38.163733	95.300508
	1185	2	82	2	0.000000	10.457426	38.332162	95.274366
	1186	2	82	5	0.000000	10.859044	41.160831	91.340368
	1187	2	83	1	-0.600000	12.941123	38.844760	97.985294
	1188	2	83	2	0.000000	15.336537	41.242240	95.880468
	1189	2	83	3	0.000000	12.636036	43.891574	92.920463
	1190	2	84	1	-0.600000	18.322931	42.807032	97.543441
	1191	2	84	2	0.000000	18.111239	45.964594	95.172944
	1192	2	84	3	0.000000	13.559583	47.082337	94.044542
	1193	2	85	1	-0.600000	20.578406	48.774233	95.617316
	1194	2	85	2	0.000000	18.096982	51.317868	93.759045
	1195	2	85	6	0.000000	13.959514	50.677715	94.884748
	1196	2	86	1	-0.600000	19.523972	54.819207	93.835668
	1197	2	86	2	0.000000	16.460091	56.743576	92.489531
	1198	2	86	3	0.000000	13.057152	54.767695	95.210259
	1199	2	87	1	-0.600000	16.458908	60.402406	91.892272
	1200	2	87	2	0.000000	12.662708	60.342369	93.343564
	1201	2	87	4	0.000000	12.350354	57.767447	96.937236
	1202	2	88	1	-0.600000	11.062672	63.766625	93.168715
	1203	2	88	2	0.000000	8.627923	62.930269	96.030460
	1204	2	88	5	0.000000	10.302396	59.922642	99.555302
	1205	2	89	1	-0.600000	5.558305	64.787553	96.299881
	1206	2	89	2	0.000000	3.886795	62.519736	98.644767
	1207	2	89	6	0.000000	7.130399	62.430247	101.371399
	1208	2	90	1	-0.600000	0.361486	61.812784	99.216103
	1209	2	90	2	0.000000	0.675626	60.691965	102.685164
	1210	2	90	6	0.000000	3.731626	63.484911	103.737951
	1211	2	91	1	-0.600000	-1.920312	58.898570	104.659926
	1212	2	91	2	0.000000	0.626269	58.134118	107.364070
	1213	2	91	4	0.000000	1.623972	62.338558	107.395119
	1214	2	92	1	-0.600000	0.346451	56.120557	110.479067
	1215	2	92	2	0.000000	2.963001	58.609887	112.241700
	1216	2	92	4	0.000000	1.599775	62.621438	111.033946
	1217	2	93	1	-0.600000	4.039808	57.893935	115.767156
	1218	2	93	2	0.000000	4.797683	61.812602	116.263621
	1219	2	93	4	0.000000	1.538697	64.018112	114.333400
	1220	2	94	1	-0.600000	6.059061	62.562848	119.735195
	1221	2	94	2	0.000000	4.796875	66.296630	119.570261
	1222	2	94	4	0.000000	0.953723	66.025094	117.520154
	1223	2	95	1	-0.600000	4.866583	68.045607	122.829327
	1224	2	95	2	0.000000	1.945858	70.569213	121.702690
	1225	2	95	5	0.000000	-1.780927	69.224736	118.714285
	1226	2	96	1	-0.600000	0.388022	72.614896	124.280273
	1227	2	96	2	0.000000	-2.681658	73.596348	121.879884
	1228	2	96	3	0.000000	-5.150283	69.906534	119.933517
	1229	2	97	1	-0.600000	-4.758363	76.277916	123.486571
	1230	2	97	2	0.000000	-8.254208	75.365649	121.823805
	1231	2	97	4	0.000000	-8.308848	70.978441	121.821066
	1232	2	98	1	-0.600000	-11.359108	77.047110	123.085925
	1233	2	98	2	0.000000	-13.788311	75.338760	120.824879
	1234	2	98	5	0.000000	-12.678747	70.682447	122.062663
	1235	2	99	1	-0.600000	-17.400378	75.982244	120.103423
	1236	2	99	2	0.000000	-18.274246	72.272253	121.140338
	1237	2	99	5	0.000000	-15.238056	69.849006	124.154264
	1238	2	100	1	-0.600000	-21.620912	71.083184	120.325259
	1239	2	100	2	0.000000	-20.820476	67.438201	120.007209
	1240	2	100	3	0.000000	-18.909814	67.675620	124.326930
	1241	2	101	1	-0.600000	-22.768396	64.456151	118.947436
	1242	2	101	2	0.000000	-22.004215	63.161503	122.647781
	1243	2	101	5	0.000000	-21.227054	66.275071	126.409453
	1244	2	102	1	-0.600000	-22.775059	59.641492	123.383848
	1245	2	102	2	0.000000	-20.878071	59.386953	126.532335
	1246	2	102	6	0.000000	-22.661947	62.966205	128.052833
	1247	2	103	1	-0.600000	-20.181875	56.689706	128.991466
	1248	2	103	2	0.000000	-21.271473	58.983487	132.061932
	1249	2	103	3	0.000000	-24.687766	62.164920	130.929521
	1250	2	104	1	-0.600000	-21.371512	57.674896	135.576473
	1251	2	104	2	0.000000	-22.142636	60.731375	137.656527
	1252	2	104	5	0.000000	-25.973430	62.554288	135.157589
	1253	2	105	1	-0.600000	-22.552535	61.161432	141.339173
	1254	2	105	2	0.000000	-26.165098	63.010427	141.319560
	1255	2	105	4	0.000000	-28.341994	61.693468	137.732164
	1256	2	106	1	-0.600000	-28.132205	63.049002	144.499108
	1257	2	106	2	0.000000	-31.663830	64.115209	143.043838
	1258	2	106	4	0.000000	-31.807479	61.279342	139.775981
	1259	2	107	1	-0.600000	-34.748153	64.370894	144.978348
	1260	2	107	2	0.000000	-36.984924	64.523904	141.749541
	1261	2	107	4	0.000000	-35.560417	60.771022	140.278793
	1262	2	108	1	-0.600000	-40.627650	65.208454	142.064206
	1263	2	108	2	0.000000	-41.535232	62.144538	139.699002
	1264	2	108	6	0.000000	-38.988813	58.809185	140.516065
	1265	2	109	1	-0.600000	-45.270661	61.708737	139.340080
	1266	2	109	2	0.000000	-45.457796	58.575064	137.209654
	1267	2	109	6	0.000000	-42.667432	56.325118	139.542156
	1268	2	110	1	-0.600000	-48.108098	57.585313	134.827778
	1269	2	110	2	0.000000	-46.200435	54.928834	133.199144
	1270	2	110	3	0.000000	-45.137233	53.698155	137.681525
	1271	2	111	1	-0.600000	-46.549026	52.265255	130.597794
	1272	2	111	2	0.000000	-44.875241	49.658606	133.085005
	1273	2	111	3	0.000000	-46.091883	50.465420	137.688221
	1274	2	112	1	-0.600000	-44.437847	46.034449	132.357784
	1275	2	112	2	0.000000	-42.736446	45.122433	135.540541
	1276	2	112	3	0.000000	-45.953761	47.012558	138.624773
	1277	2	113	1	-0.600000	-41.810387	41.634712	136.454360
	1278	2	113	2	0.000000	-42.254681	42.050894	140.352787
	1279	2	113	4	0.000000	-46.304545	43.425159	139.794679
	1280	2	114	1	-0.600000	-41.488045	39.727870	143.142903
	1281	2	114	2	0.000000	-44.869741	40.222548	145.129363
	1282	2	114	3	0.000000	-48.578660	41.129023	142.255945
	1283	2	115	1	-0.600000	-45.208838	37.689214	147.886361
	1284	2	115	2	0.000000	-49.472935	37.493745	146.740742
	1285	2	115	6	0.000000	-50.845748	38.219736	142.892971
	1286	2	116	1	-0.600000	-51.184535	35.087723	149.024296
	1287	2	116	2	0.000000	-54.803963	35.806822	147.727021
	1288	2	116	3	0.000000	-54.074473	35.985429	142.996642
	1289	2	117	1	-0.600000	-57.767996	33.894447	148.849858
	1290	2	117	2	0.000000	-59.120283	34.083905	145.057783
	1291	2	117	6	0.000000	-55.878983	33.277481	142.349953
	1292	2	118	1	-0.600000	-62.240780	32.223436	144.273428
	1293	2	118	2	0.000000	-62.314844	32.275816	140.338544
	1294	2	118	4	0.000000	-58.319615	30.786493	139.901293
	1295	2	119	1	-0.600000	-64.749499	30.609278	138.294490
	1296	2	119	2	0.000000	-62.182511	30.620078	135.336152
	1297	2	119	4	0.000000	-59.162866	28.142663	137.106969
	1298	2	120	1	-0.600000	-63.475631	29.737302	132.004857
	1299	2	120	2	0.000000	-59.842281	28.747323	130.780407
	1300	2	120	4	0.000000	-58.961880	25.932111	133.935621
	1301	2	121	1	-0.600000	-59.201331	27.878326	127.204006
	1302	2	121	2	0.000000	-56.083723	25.609973	128.118209
	1303	2	121	4	0.000000	-57.750010	23.173451	131.253630
	1304	2	122	1	-0.600000	-54.160944	24.660996	124.991619
	1305	2	122	2	0.000000	-51.615285	22.600814	126.577588
	1306	2	122	5	0.000000	-55.011042	20.225274	129.141577
	1307	2	123	1	-0.600000	-48.515008	20.801555	125.566853
	1308	2	123	2	0.000000	-49.242263	17.803802	128.099676
	1309	2	123	5	0.000000	-54.053715	16.684499	128.696672
	1310	2	124	1	-0.600000	-47.060870	14.783015	128.299203
	1311	2	124	2	0.000000	-49.832004	12.555064	130.065012
	1312	2	124	4	0.000000	-53.392975	13.351651	127.642107
	1313	2	125	1	-0.600000	-49.125799	9.014209	131.003015
	1314	2	125	2	0.000000	-53.044416	7.970806	129.705012
	1315	2	125	3	0.000000	-55.761958	10.188150	126.530681
	1316	2	126	1	-0.600000	-52.804777	4.215801	130.062512
	1317	2	126	2	0.000000	-56.498372	4.294287	127.654254
	1318	2	126	5	0.000000	-57.759483	7.605704	124.388514
	1319	2	127	1	-0.600000	-57.889384	0.838043	127.510626
	1320	2	127	2	0.000000	-59.887638	2.258783	124.349198
	1321	2	127	4	0.000000	-56.968562	4.780515	122.297542
	1322	2	128	1	-0.600000	-61.635691	0.112717	122.017434
	1323	2	128	2	0.000000	-61.393908	2.438586	118.823698
	1324	2	128	3	0.000000	-57.186950	4.570696	117.818599
	1325	2	129	1	-0.600000	-62.750337	0.920434	115.780739
	1326	2	129	2	0.000000	-61.773157	3.861443	113.361023
	1327	2	129	4	0.000000	-57.535573	3.651060	114.213199
	1328	2	130	1	-0.600000	-62.684884	4.329214	109.853393
	1329	2	130	2	0.000000	-59.418992	6.487957	109.243964
	1330	2	130	6	0.000000	-56.113944	3.949769	110.271600
	1331	2	131	1	-0.600000	-59.064532	8.490795	106.095751
	1332	2	131	2	0.000000	-55.125382	8.021540	105.658225
	1333	2	131	4	0.000000	-54.393850	3.874992	106.833572
	1334	2	132	1	-0.600000	-53.706510	10.282916	103.057106
	1335	2	132	2	0.000000	-50.073928	9.828400	103.516513
	1336	2	132	5	0.000000	-50.950599	5.103740	103.742254
	1337	2	133	1	-0.600000	-46.915330	10.982385	101.997898
	1338	2	133	2	0.000000	-45.719074	7.235750	101.895717
	1339	2	133	6	0.000000	-49.030032	4.829635	100.780140
	1340	2	134	1	-0.600000	-42.076643	6.767162	101.326209
	1341	2	134	2	0.000000	-41.954157	3.268547	102.333155
	1342	2	134	3	0.000000	-45.719991	2.570656	99.545214
	1343	2	135	1	-0.600000	-39.140559	0.841229	102.556724
	1344	2	135	2	0.000000	-41.133305	-1.762292	100.404268
	1345	2	135	5	0.000000	-44.212549	0.363331	97.331362
	1346	2	136	1	-0.600000	-39.585390	-4.652734	98.842456
	1347	2	136	2	0.000000	-42.348221	-5.556358	96.240447
	1348	2	136	5	0.000000	-44.151459	-1.581175	93.997310
	1349	2	137	1	-0.600000	-41.640745	-8.071737	93.687983
	1350	2	137	2	0.000000	-43.845247	-7.194559	90.675396
	1351	2	137	4	0.000000	-42.999595	-3.007655	90.845905
	1352	2	138	1	-0.600000	-42.851028	-9.148765	87.609197
	1353	2	138	2	0.000000	-44.231991	-6.959271	84.796960
	1354	2	138	4	0.000000	-42.036444	-3.876620	86.734955
	1355	2	139	1	-0.600000	-43.975170	-7.032672	81.233056
	1356	2	139	2	0.000000	-44.396166	-3.304766	80.562407
	1357	2	139	3	0.000000	-40.991697	-1.538111	83.367810
	1358	2	140	1	-0.600000	-44.161911	-1.920622	77.247440
	1359	2	140	2	0.000000	-43.041595	1.610952	78.180888
	1360	2	140	6	0.000000	-39.733493	0.279659	80.319751
	1361	2	141	1	-0.600000	-42.293212	4.149864	75.737054
	1362	2	141	2	0.000000	-39.708987	6.170422	77.682261
	1363	2	141	3	0.000000	-36.723673	2.713995	78.971717
	1364	2	142	1	-0.600000	-37.917886	8.917361	76.241673
	1365	2	142	2	0.000000	-34.796906	8.772833	78.428151
	1366	2	142	4	0.000000	-34.167665	4.756748	77.304000
	1367	2	143	1	-0.600000	-32.005628	10.903754	78.047121
	1368	2	143	2	0.000000	-29.600551	8.412828	79.637565
	1369	2	143	6	0.000000	-30.284905	5.406262	76.841032
	1370	2	144	1	-0.600000	-26.128270	9.576201	80.235564
	1371	2	144	2	0.000000	-24.186805	6.288013	80.055059
	1372	2	144	6	0.000000	-26.174621	5.479935	76.477938
	1373	2	145	1	-0.600000	-20.644712	5.684313	79.860505
	1374	2	145	2	0.000000	-20.689227	2.617564	77.584535
	1375	2	145	4	0.000000	-22.909265	4.667571	74.617386
	1376	2	146	1	-0.600000	-17.537652	1.108024	76.596680
	1377	2	146	2	0.000000	-18.682518	-0.490592	73.304142
	1378	2	146	5	0.000000	-20.982943	3.185097	71.061189
	1379	2	147	1	-0.600000	-16.536727	-2.110294	70.894516
	1380	2	147	2	0.000000	-18.745551	-1.451797	67.828848
	1381	2	147	4	0.000000	-18.393531	2.708564	68.635654
	1382	2	148	1	-0.600000	-17.919114	-2.881285	64.488907
	1383	2	148	2	0.000000	-19.923504	-0.715447	62.101136
	1384	2	148	5	0.000000	-18.390097	3.549285	63.964748
	1385	2	149	1	-0.600000	-19.923579	-0.516504	58.448099
	1386	2	149	2	0.000000	-20.289808	3.266037	57.958553
	1387	2	149	6	0.000000	-17.009565	4.188871	60.376907
	1388	2	150	1	-0.600000	-20.192244	4.787019	54.651304
	1389	2	150	2	0.000000	-18.475828	8.123574	55.378104
	1390	2	150	3	0.000000	-14.606912	6.790107	57.815799
	1391	2	151	1	-0.600000	-17.613397	10.341276	52.630043
	1392	2	151	2	0.000000	-14.493046	12.008470	54.108261
	1393	2	151	4	0.000000	-12.846704	8.182164	54.946203
	1394	2	152	1	-0.600000	-12.473050	14.371143	52.183527
	1395	2	152	2	0.000000	-9.066934	13.935072	53.886237
	1396	2	152	5	0.000000	-8.578905	9.064201	54.033604
	1397	2	153	1	-0.600000	-5.922108	15.409819	52.714533
	1398	2	153	2	0.000000	-3.290814	12.816534	53.747770
	1399	2	153	4	0.000000	-5.659626	9.865711	51.810188
	1400	2	154	1	-0.600000	0.228074	12.932080	52.858991
	1401	2	154	2	0.000000	1.132939	9.230200	52.551924
	1402	2	154	3	0.000000	-2.528743	7.462959	50.074505
	1403	2	155	1	-0.600000	4.552188	8.376173	51.316313
	1404	2	155	2	0.000000	4.589765	4.717149	50.205240
	1405	2	155	3	0.000000	0.446657	4.988792	47.823426
	1406	2	156	1	-0.600000	7.316983	2.957672	48.355596
	1407	2	156	2	0.000000	5.392309	0.131495	46.756758
	1408	2	156	5	0.000000	2.175096	3.138328	44.560025
	1409	2	157	1	-0.600000	6.359011	-2.657989	44.467281
	1410	2	157	2	0.000000	3.703661	-3.260090	41.122321
	1411	2	157	4	0.000000	3.059059	0.907565	40.791554
	1412	2	158	1	-0.600000	3.143413	-6.563948	39.291728
	1413	2	158	2	0.000000	1.195362	-6.472022	35.879772
	1414	2	158	3	0.000000	3.455381	-2.335237	35.193138
	1415	2	159	1	-0.600000	-0.925998	-7.688657	33.054611
	1416	2	159	2	0.000000	-2.950059	-4.666209	32.014222
	1417	2	159	6	0.000000	0.800706	-2.875765	31.668807
	1418	2	160	1	-0.600000	-5.355279	-4.064711	29.284594
	1419	2	160	2	0.000000	-4.921155	-0.330722	28.551605
	1420	2	160	4	0.000000	-0.906301	-1.397898	27.781712
	1421	2	161	1	-0.600000	-6.683048	1.675406	26.088920
	1422	2	161	2	0.000000	-3.882659	4.134488	25.223088
	1423	2	161	5	0.000000	-0.121000	1.175411	24.350348
	1424	2	162	1	-0.600000	-4.216825	6.651028	22.617909
	1425	2	162	2	0.000000	-0.534301	6.875641	21.580927
	1426	2	162	5	0.000000	0.714910	2.213408	20.828260
	1427	2	163	1	-0.600000	0.600486	8.921199	18.789077
	1428	2	163	2	0.000000	3.699897	6.915750	17.761183
	1429	2	163	6	0.000000	1.519601	3.382961	17.378832
	1430	2	164	1	-0.600000	5.764456	7.753869	14.887941
	1431	2	164	2	0.000000	7.027851	4.255796	13.975548
	1432	2	164	6	0.000000	3.169143	2.725242	13.662675
	1433	2	165	1	-0.600000	9.135056	3.559460	11.124490
	1434	2	165	2	0.000000	7.976984	-0.026278	10.437855
	1435	2	165	5	0.000000	3.111209	0.251951	10.216998
	1436	2	166	1	-0.600000	9.215650	-1.935786	7.606995
	1437	2	166	2	0.000000	6.210685	-4.266754	7.100476
	1438	2	166	6	0.000000	3.505383	-1.090214	6.903592
	1439	2	167	1	-0.600000	5.874324	-6.619501	4.373185
	1440	2	167	2	0.000000	2.063643	-6.516380	3.971272
	1441	2	167	6	0.000000	1.777236	-2.362131	3.612342
	1442	2	168	1	-0.600000	-0.027180	-9.116749	2.230836
	1443	2	168	2	0.000000	-2.694573	-6.635227	1.009562
	1444	2	168	3	0.000000	-0.381557	-2.486007	0.009572
	1445	2	169	1	-0.600000	-4.169271	-7.814725	-2.574647
	1446	2	169	2	0.000000	-5.050511	-4.571964	-4.155238
	1447	2	169	4	0.000000	-1.032106	-3.320290	-3.706655
	1448	2	170	1	-0.600000	-6.496598	-3.912482	-7.338771
	1449	2	170	2	0.000000	-5.452164	-0.243085	-7.581699
	1450	2	170	5	0.000000	-0.616931	-0.388433	-7.010794
	1451	2	171	1	-0.600000	-6.265285	1.850363	-10.410223
	1452	2	171	2	0.000000	-3.291297	4.251178	-10.243699
	1453	2	171	5	0.000000	0.602276	1.303055	-10.191141
	1454	2	172	1	-0.600000	-2.778389	6.846501	-12.718739
	1455	2	172	2	0.000000	1.029951	7.130018	-12.523786
	1456	2	172	3	0.000000	2.146370	2.564844	-13.229152
	1457	2	173	1	-0.600000	3.015341	9.235987	-14.632962
	1458	2	173	2	0.000000	6.201674	7.149133	-14.619543
	1459	2	173	5	0.000000	4.861036	2.714556	-16.120058
	1460	2	174	1	-0.600000	9.089881	8.217825	-16.490249
	1461	2	174	2	0.000000	10.627991	4.777334	-17.127832
	1462	2	174	3	0.000000	6.883673	2.536869	-18.995792
	1463	2	175	1	-0.600000	13.562030	4.274439	-19.132156
	1464	2	175	2	0.000000	12.846812	0.709839	-20.273080
	1465	2	175	3	0.000000	8.507565	1.275421	-22.112855
	1466	2	176	1	-0.600000	14.882951	-1.090015	-22.563313
	1467	2	176	2	0.000000	12.141788	-3.268855	-24.021865
	1468	2	176	4	0.000000	9.890640	0.112410	-25.176924
	1469	2	177	1	-0.600000	13.108391	-5.665257	-26.573138
	1470	2	177	2	0.000000	10.173987	-5.556664	-28.989952
	1471	2	177	6	0.000000	9.575982	-1.438845	-29.051130
	1472	2	178	1	-0.600000	10.900735	-7.411924	-32.171566
	1473	2	178	2	0.000000	8.033238	-6.094147	-34.079411
	1474	2	178	3	0.000000	9.675386	-1.623978	-33.458855
	1475	2	179	1	-0.600000	6.659778	-6.743825	-37.434396
	1476	2	179	2	0.000000	6.465433	-2.955536	-38.476936
	1477	2	179	6	0.000000	9.878557	-0.953733	-37.033036
	1478	2	180	1	-0.600000	6.006294	-2.378335	-41.984076
	1479	2	180	2	0.000000	7.452839	1.216326	-41.804247
	1480	2	180	6	0.000000	11.290429	0.782138	-40.132510
	1481	2	181	1	-0.600000	6.931188	2.884285	-45.126331
	1482	2	181	2	0.000000	9.779417	5.478127	-44.882631
	1483	2	181	4	0.000000	12.795615	2.662362	-43.473643
	1484	2	182	1	-0.600000	10.540883	8.020069	-47.550201
	1485	2	182	2	0.000000	13.742103	9.197601	-46.218968
	1486	2	182	5	0.000000	15.797630	4.781583	-45.521913
	1487	2	183	1	-0.600000	15.905058	11.943277	-47.518493
	1488	2	183	2	0.000000	19.103590	9.643636	-47.330392
	1489	2	183	6	0.000000	18.130605	5.565660	-48.247151
	1490	2	184	1	-0.600000	22.112613	11.779972	-47.866504
	1491	2	184	2	0.000000	24.428396	9.778798	-46.055267
	1492	2	184	3	0.000000	22.548403	6.647766	-48.949643
	1493	2	185	1	-0.600000	28.036521	10.015374	-45.536974
	1494	2	185	2	0.000000	27.729529	6.127859	-46.505070
	1495	2	185	5	0.000000	25.115719	5.091447	-50.613571
	1496	2	186	1	-0.600000	30.363175	3.621566	-46.258821
	1497	2	186	2	0.000000	28.380766	1.213480	-48.832111
	1498	2	186	3	0.000000	27.215114	3.627056	-52.829550
	1499	2	187	1	-0.600000	29.501385	-2.218912	-49.444894
	1500	2	187	2	0.000000	28.132336	-1.912069	-53.230822
	1501	2	187	4	0.000000	29.384325	1.938939	-54.809717
	1502	2	188	1	-0.600000	28.738575	-4.709130	-55.459212
	1503	2	188	2	0.000000	27.797190	-2.844988	-58.823765
	1504	2	188	3	0.000000	29.893035	1.437928	-59.249052
	1505	2	189	1	-0.600000	27.593419	-5.406137	-61.598564
	1506	2	189	2	0.000000	29.784329	-3.001877	-64.474960
	1507	2	189	6	0.000000	31.596730	0.267100	-62.470312
	1508	2	190	1	-0.600000	30.621333	-3.445467	-68.075460
	1509	2	190	2	0.000000	32.143891	0.167722	-68.679387
	1510	2	190	4	0.000000	34.631512	0.419042	-65.148458
	1511	2	191	1	-0.600000	33.546778	1.145077	-71.983130
	1512	2	191	2	0.000000	36.832986	2.990718	-70.011755
	1513	2	191	3	0.000000	38.464350	2.184179	-65.631689
	1514	2	192	1	-0.600000	39.350659	3.461970	-72.654560
	1515	2	192	2	0.000000	41.944428	4.733509	-69.892239
	1516	2	192	6	0.000000	41.922701	1.941321	-66.639645
	1517	2	193	1	-0.600000	45.295099	5.744892	-71.216979
	1518	2	193	2	0.000000	47.445359	4.774826	-68.031891
	1519	2	193	6	0.000000	45.955904	1.047760	-66.540426
	1520	2	194	1	-0.600000	50.467359	6.794471	-67.874625
	1521	2	194	2	0.000000	51.751706	5.569536	-64.710098
	1522	2	194	3	0.000000	50.274367	1.250546	-65.880341
	1523	2	195	1	-0.600000	54.920108	5.896540	-62.841292
	1524	2	195	2	0.000000	53.906651	2.975016	-60.753665
	1525	2	195	3	0.000000	52.922328	-0.274493	-64.271683
	1526	2	196	1	-0.600000	55.019908	1.307529	-57.625801
	1527	2	196	2	0.000000	53.468458	-2.097366	-58.641651
	1528	2	196	3	0.000000	54.863145	-3.062601	-63.167834
	1529	2	197	1	-0.600000	53.328544	-5.043516	-56.371749
	1530	2	197	2	0.000000	54.280739	-7.579315	-59.374714
	1531	2	197	3	0.000000	56.798970	-5.947277	-63.185641
	1532	2	198	1	-0.600000	54.868784	-11.106408	-58.271319
	1533	2	198	2	0.000000	55.784643	-12.126238	-61.865066
	1534	2	198	5	0.000000	58.895872	-8.858223	-64.082934
	1535	2	199	1	-0.600000	57.174691	-15.445679	-62.740572
	1536	2	199	2	0.000000	59.261819	-14.965776	-65.935068
	1537	2	199	4	0.000000	61.338230	-11.635185	-64.285793
	1538	2	200	1	-0.600000	61.216978	-17.904664	-67.055851
	1539	2	200	2	0.000000	63.959457	-15.448617	-68.530138
	1540	2	200	5	0.000000	65.676791	-12.024038	-65.323245
	1541	2	201	1	-0.600000	66.498499	-17.113890	-70.816743
	1542	2	201	2	0.000000	69.776646	-15.202946	-68.489532
	1543	2	201	4	0.000000	68.936327	-13.631955	-64.697805
	1544	2	202	1	-0.600000	73.184367	-16.118435	-69.290343
	1545	2	202	2	0.000000	74.346969	-13.118945	-66.955278
	1546	2	202	3	0.000000	72.248078	-13.370871	-62.598669
	1547	2	203	1	-0.600000	77.930266	-12.329644	-66.573432
	1548	2	203	2	0.000000	77.801839	-10.992138	-62.794368
	1549	2	203	4	0.000000	75.234406	-13.926651	-60.866302
	1550	2	204	1	-0.600000	80.871305	-10.076328	-60.996562
	1551	2	204	2	0.000000	78.898463	-9.936362	-57.545518
	1552	2	204	4	0.000000	77.512318	-14.020303	-57.576835
	1553	2	205	1	-0.600000	80.482424	-8.387464	-54.538652
	1554	2	205	2	0.000000	78.569298	-10.815328	-52.077760
	1555	2	205	4	0.000000	78.954438	-14.788763	-53.949188
	1556	2	206	1	-0.600000	78.457206	-9.577028	-48.556886
	1557	2	206	2	0.000000	75.841293	-11.689885	-47.158447
	1558	2	206	5	0.000000	78.322738	-15.315060	-49.124543
	1559	2	207	1	-0.600000	74.004743	-12.057045	-43.929278
	1560	2	207	2	0.000000	75.406997	-15.763549	-43.671106
	1561	2	207	5	0.000000	79.534445	-16.629518	-46.187350
	1562	2	208	1	-0.600000	73.833339	-18.099801	-41.306246
	1563	2	208	2	0.000000	74.851270	-21.295237	-42.915769
	1564	2	208	3	0.000000	79.330592	-19.811017	-43.593441
	1565	2	209	1	-0.600000	74.311751	-24.800601	-41.872067
	1566	2	209	2	0.000000	78.043713	-25.904792	-42.675771
	1567	2	209	3	0.000000	81.136586	-22.326041	-41.761052
	1568	2	210	1	-0.600000	79.039414	-29.419385	-41.724216
	1569	2	210	2	0.000000	82.817778	-28.505878	-40.983906
	1570	2	210	3	0.000000	83.168773	-24.007751	-39.287916
	1571	2	211	1	-0.600000	85.183944	-30.871370	-39.379177
	1572	2	211	2	0.000000	87.607538	-28.010706	-38.073110
	1573	2	211	6	0.000000	85.278389	-24.759099	-36.525434
	1574	2	212	1	-0.600000	90.466845	-29.055201	-35.948091
	1575	2	212	2	0.000000	90.253761	-25.775616	-33.733318
	1576	2	212	4	0.000000	85.997737	-25.087172	-32.905414
	1577	2	213	1	-0.600000	93.376460	-25.368266	-31.761538
	1578	2	213	2	0.000000	92.797495	-21.966718	-30.720088
	1579	2	213	5	0.000000	88.010923	-22.326421	-29.603527
	1580	2	214	1	-0.600000	94.744631	-19.727212	-28.428065
	1581	2	214	2	0.000000	91.788701	-18.811627	-26.078722
	1582	2	214	6	0.000000	89.538858	-22.421956	-25.924207
	1583	2	215	1	-0.600000	91.867854	-15.926633	-23.892305
	1584	2	215	2	0.000000	88.119929	-15.899315	-23.294645
	1585	2	215	4	0.000000	88.292095	-20.170076	-22.428854
	1586	2	216	1	-0.600000	85.918713	-13.583874	-21.301259
	1587	2	216	2	0.000000	84.021829	-16.582945	-19.696235
	1588	2	216	6	0.000000	87.075549	-19.542786	-19.086575
	1589	2	217	1	-0.600000	80.679324	-16.036369	-18.426724
	1590	2	217	2	0.000000	79.974880	-19.683985	-17.847732
	1591	2	217	6	0.000000	83.852561	-20.933219	-16.457469
	1592	2	218	1	-0.600000	76.955723	-21.040235	-16.107324
	1593	2	218	2	0.000000	78.520492	-24.409529	-14.889740
	1594	2	218	3	0.000000	82.946482	-23.375828	-13.357942
	1595	2	219	1	-0.600000	76.473771	-26.963287	-13.067037
	1596	2	219	2	0.000000	79.872016	-27.949541	-10.846900
	1597	2	219	4	0.000000	82.257676	-24.576583	-10.050769
	1598	2	220	1	-0.600000	78.826380	-30.506279	-8.311710
	1599	2	220	2	0.000000	82.718401	-29.419379	-6.582407
	1600	2	220	6	0.000000	83.653808	-25.487912	-6.639208
	1601	2	221	1	-0.600000	83.735585	-31.879298	-4.012980
	1602	2	221	2	0.000000	86.135791	-29.153366	-2.416012
	1603	2	221	3	0.000000	84.370722	-24.742239	-2.982499
	1604	2	222	1	-0.600000	87.392881	-29.289009	0.900435
	1605	2	222	2	0.000000	86.367259	-26.472351	2.682248
	1606	2	222	3	0.000000	82.688559	-24.661148	0.541618
	1607	2	223	1	-0.600000	87.218093	-27.704115	6.195832
	1608	2	223	2	0.000000	86.193371	-23.987768	6.894626
	1609	2	223	3	0.000000	82.552302	-22.688247	3.992739
	1610	2	224	1	-0.600000	87.902363	-21.151603	8.676227
	1611	2	224	2	0.000000	85.017302	-18.472887	8.224724
	1612	2	224	3	0.000000	80.941667	-20.334322	6.609304
	1613	2	225	1	-0.600000	84.489138	-16.134348	10.984169
	1614	2	225	2	0.000000	80.803138	-15.174239	9.901804
	1615	2	225	5	0.000000	78.205238	-19.187030	8.970825
	1616	2	226	1	-0.600000	79.937281	-11.637801	10.128167
	1617	2	226	2	0.000000	77.338324	-11.942421	7.543507
	1618	2	226	5	0.000000	75.327716	-15.976430	9.509469
	1619	2	227	1	-0.600000	74.791276	-9.854717	5.903348
	1620	2	227	2	0.000000	72.051304	-12.634829	6.615616
	1621	2	227	6	0.000000	72.526077	-14.070945	10.645477
	1622	2	228	1	-0.600000	68.632879	-12.221803	5.109151
	1623	2	228	2	0.000000	67.091766	-15.594545	6.145389
	1624	2	228	3	0.000000	68.416172	-15.376084	10.770544
	1625	2	229	1	-0.600000	63.772985	-17.115564	5.524300
	1626	2	229	2	0.000000	63.593961	-18.619125	9.212442
	1627	2	229	4	0.000000	64.998952	-15.416710	11.839437
	1628	2	230	1	-0.600000	60.455522	-20.466419	10.035719
	1629	2	230	2	0.000000	60.774956	-20.114079	13.929134
	1630	2	230	5	0.000000	62.413938	-15.603077	15.078413
	1631	2	231	1	-0.600000	58.315462	-21.262095	16.414760
	1632	2	231	2	0.000000	59.209395	-18.329249	19.050594
	1633	2	231	4	0.000000	59.528659	-14.610267	16.757682
	1634	2	232	1	-0.600000	57.154691	-18.499048	22.193544
	1635	2	232	2	0.000000	57.636001	-14.670435	23.198291
	1636	2	232	4	0.000000	57.065918	-12.658044	19.377656
	1637	2	233	1	-0.600000	55.891812	-13.495840	26.286396
	1638	2	233	2	0.000000	55.581447	-9.844624	24.717592
	1639	2	233	6	0.000000	54.695384	-10.064379	20.512170
	1640	2	234	1	-0.600000	53.739862	-7.469866	27.007065
	1641	2	234	2	0.000000	52.871882	-5.059330	24.111160
	1642	2	234	3	0.000000	51.738929	-7.724241	20.283204
	1643	2	235	1	-0.600000	52.315624	-1.546026	24.855463
	1644	2	235	2	0.000000	52.988749	-0.220388	21.489100
	1645	2	235	5	0.000000	50.115976	-3.562232	19.542202
	1646	2	236	1	-0.600000	53.191393	3.179771	20.026493
	1647	2	236	2	0.000000	50.677164	2.016638	17.282288
	1648	2	236	6	0.000000	47.762740	-0.364571	19.321880
	1649	2	237	1	-0.600000	50.410873	3.916327	14.153821
	1650	2	237	2	0.000000	48.303920	1.235690	12.563505
	1651	2	237	4	0.000000	45.547567	0.744818	15.989664
	1652	2	238	1	-0.600000	47.160229	1.410180	8.988941
	1653	2	238	2	0.000000	44.242289	-1.113409	9.429845
	1654	2	238	5	0.000000	42.398342	0.541493	13.623420
	1655	2	239	1	-0.600000	42.035598	-2.491674	6.808254
	1656	2	239	2	0.000000	38.998046	-1.904443	9.228027
	1657	2	239	5	0.000000	39.269766	1.596773	12.686860
	1658	2	240	1	-0.600000	35.569423	-3.046795	8.340771
	1659	2	240	2	0.000000	33.920352	-2.569263	11.632352
	1660	2	240	3	0.000000	35.527847	1.885898	12.648568
	1661	2	241	1	-0.600000	30.326067	-3.264303	12.432023
	1662	2	241	2	0.000000	29.900690	0.163153	14.407913
	1663	2	241	3	0.000000	32.477488	3.812783	12.515461
	1664	2	242	1	-0.600000	26.393587	0.907414	15.593782
	1665	2	242	2	0.000000	27.256316	5.170755	15.211263
	1666	2	242	4	0.000000	29.716792	6.052401	11.953361
	1667	2	243	1	-0.600000	24.206043	7.075237	16.292229
	1668	2	243	2	0.000000	25.826854	10.503601	14.908193
	1669	2	243	6	0.000000	27.703675	9.511864	11.149279
	1670	2	244	1	-0.600000	23.950587	13.747974	15.228704
	1671	2	244	2	0.000000	25.292026	15.329056	11.841732
	1672	2	244	6	0.000000	25.871733	12.147495	9.036433
	1673	2	245	1	-0.600000	24.416300	18.911225	11.403607
	1674	2	245	2	0.000000	26.865437	19.831043	8.820739
	1675	2	245	3	0.000000	25.353227	15.946811	6.564359
	1676	2	246	1	-0.600000	27.855886	22.902337	6.923035
	1677	2	246	2	0.000000	27.264910	20.822990	3.635235
	1678	2	246	5	0.000000	23.873587	17.261767	3.722624
	1679	2	247	1	-0.600000	28.854924	22.156588	0.546294
	1680	2	247	2	0.000000	29.172679	18.976210	-1.205900
	1681	2	247	6	0.000000	25.001216	18.739891	-0.438806
	1682	2	248	1	-0.600000	31.004566	17.447221	-4.117333
	1683	2	248	2	0.000000	27.591308	16.223029	-5.526613
	1684	2	248	4	0.000000	24.805301	19.406075	-4.226151
	1685	2	249	1	-0.600000	27.029184	14.483450	-8.775614
	1686	2	249	2	0.000000	23.423469	13.331987	-8.400785
	1687	2	249	5	0.000000	21.639950	17.588044	-6.869735
	1688	2	250	1	-0.600000	21.235106	11.266317	-10.574657
	1689	2	250	2	0.000000	17.944164	13.451143	-10.015437
	1690	2	250	3	0.000000	19.225555	18.054514	-9.527697
	1691	2	251	1	-0.600000	14.809603	12.604131	-11.909668
	1692	2	251	2	0.000000	13.661501	16.387439	-11.895884
	1693	2	251	3	0.000000	17.399266	19.417125	-12.193230
	1694	2	252	1	-0.600000	10.448769	17.347250	-13.609596
	1695	2	252	2	0.000000	11.685941	21.149307	-13.914823
	1696	2	252	6	0.000000	15.891263	21.421126	-14.932025
	1697	2	253	1	-0.600000	9.165615	23.185866	-15.865145
	1698	2	253	2	0.000000	11.215714	26.429663	-16.285435
	1699	2	253	3	0.000000	15.371194	24.533281	-17.705518
	1700	2	254	1	-0.600000	9.898401	29.463860	-17.959698
	1701	2	254	2	0.000000	13.623746	29.852997	-19.537688
	1702	2	254	4	0.000000	15.198559	25.953372	-20.934969
	1703	2	255	1	-0.600000	13.925913	33.009080	-21.602778
	1704	2	255	2	0.000000	16.805000	31.535596	-23.689751
	1705	2	255	5	0.000000	16.666302	26.684911	-24.540808
	1706	2	256	1	-0.600000	19.064313	33.780137	-25.363384
	1707	2	256	2	0.000000	21.661823	31.303180	-26.105198
	1708	2	256	6	0.000000	18.972346	28.529133	-27.846150
	1709	2	257	1	-0.600000	25.256877	31.645054	-26.566263
	1710	2	257	2	0.000000	25.736301	28.671661	-28.644198
	1711	2	257	6	0.000000	22.048327	29.060561	-30.764602
	1712	2	258	1	-0.600000	28.993240	27.074450	-29.478922
	1713	2	258	2	0.000000	27.182240	24.055438	-30.888166
	1714	2	258	4	0.000000	24.817196	26.780039	-33.267081
	1715	2	259	1	-0.600000	28.481273	20.838678	-32.228924
	1716	2	259	2	0.000000	25.386579	20.735938	-34.790921
	1717	2	259	4	0.000000	25.151141	24.850431	-36.346729
	1718	2	260	1	-0.600000	25.022396	17.766598	-37.061505
	1719	2	260	2	0.000000	23.031210	20.089085	-39.672428
	1720	2	260	4	0.000000	25.101069	23.949747	-39.814511
	1721	2	261	1	-0.600000	21.987290	18.164075	-42.740071
	1722	2	261	2	0.000000	21.869643	21.426616	-44.954657
	1723	2	261	4	0.000000	25.318374	23.740525	-43.613190
	1724	2	262	1	-0.600000	21.572380	20.763283	-48.581683
	1725	2	262	2	0.000000	23.308219	24.268290	-49.512752
	1726	2	262	5	0.000000	26.909920	26.309983	-46.775913
	1727	2	263	1	-0.600000	24.351365	24.777067	-52.962983
	1728	2	263	2	0.000000	26.610597	27.953691	-51.986371
	1729	2	263	3	0.000000	29.957076	27.234826	-48.554037
	1730	2	264	1	-0.600000	27.811574	29.676542	-55.096169
	1731	2	264	2	0.000000	31.198498	31.175057	-53.646532
	1732	2	264	4	0.000000	32.749208	27.979807	-51.070797
	1733	2	265	1	-0.600000	33.661907	32.717747	-56.015147
	1734	2	265	2	0.000000	36.258688	33.622988	-53.491534
	1735	2	265	5	0.000000	36.954589	29.103923	-51.610962
	1736	2	266	1	-0.600000	39.328343	35.746076	-53.723737
	1737	2	266	2	0.000000	41.528256	32.712491	-52.475518
	1738	2	266	5	0.000000	39.862125	28.129013	-53.098884
	1739	2	267	1	-0.600000	44.965540	33.457506	-51.523089
	1740	2	267	2	0.000000	45.429459	30.701992	-49.029871
	1741	2	267	3	0.000000	44.050521	27.680857	-52.396869
	1742	2	268	1	-0.600000	48.147618	29.802715	-46.660665
	1743	2	268	2	0.000000	48.292663	26.412629	-48.767895
	1744	2	268	5	0.000000	46.925086	26.213495	-53.514864
	1745	2	269	1	-0.600000	50.298227	23.660633	-47.378501
	1746	2	269	2	0.000000	48.968349	20.974073	-49.520640
	1747	2	269	6	0.000000	49.579440	23.306204	-53.054481
	1748	2	270	1	-0.600000	49.517089	17.311077	-49.818121
	1749	2	270	2	0.000000	50.093709	17.552118	-53.752851
	1750	2	270	3	0.000000	52.066544	21.711142	-55.125644
	1751	2	271	1	-0.600000	51.029210	14.555289	-55.806160
	1752	2	271	2	0.000000	50.936863	15.830692	-59.359723
	1753	2	271	5	0.000000	53.607343	19.940324	-58.889787
	1754	2	272	1	-0.600000	51.585456	14.114000	-62.606605
	1755	2	272	2	0.000000	54.321786	16.707075	-64.109147
	1756	2	272	4	0.000000	56.400334	18.595722	-60.725079
	1757	2	273	1	-0.600000	56.500441	15.529032	-66.909741
	1758	2	273	2	0.000000	59.267816	18.367010	-66.793875
	1759	2	273	4	0.000000	60.004676	18.264142	-62.529290
	1760	2	274	1	-0.600000	62.275264	18.461375	-68.859063
	1761	2	274	2	0.000000	63.947247	21.236109	-66.633002
	1762	2	274	4	0.000000	63.736478	18.869117	-63.080427
	1763	2	275	1	-0.600000	67.147411	22.788419	-67.722381
	1764	2	275	2	0.000000	68.776315	22.245729	-64.136408
	1765	2	275	6	0.000000	67.632535	18.455275	-62.524796
	1766	2	276	1	-0.600000	72.370106	23.406197	-64.038886
	1767	2	276	2	0.000000	73.376780	22.428647	-60.513945
	1768	2	276	6	0.000000	71.804669	18.457467	-60.723660
	1769	2	277	1	-0.600000	75.920650	24.007238	-58.342568
	1770	2	277	2	0.000000	74.866852	22.372768	-55.250626
	1771	2	277	3	0.000000	74.798091	18.467665	-57.985024
	1772	2	278	1	-0.600000	75.810439	22.072808	-51.644643
	1773	2	278	2	0.000000	75.419368	18.127602	-51.901443
	1774	2	278	3	0.000000	76.795084	16.418373	-56.203234
	1775	2	279	1	-0.600000	76.169026	15.751454	-49.136583
	1776	2	279	2	0.000000	75.250239	12.629127	-50.943182
	1777	2	279	3	0.000000	77.952181	13.288560	-54.905196
	1778	2	280	1	-0.600000	75.681372	9.220341	-49.512483
	1779	2	280	2	0.000000	76.391441	7.377775	-52.928183
	1780	2	280	4	0.000000	79.637186	10.088838	-53.772821
	1781	2	281	1	-0.600000	76.783091	3.769924	-53.702568
	1782	2	281	2	0.000000	79.992186	4.109799	-55.985073
	1783	2	281	3	0.000000	82.820266	7.727191	-54.662242
	1784	2	282	1	-0.600000	81.484073	0.742978	-56.740825
	1785	2	282	2	0.000000	85.400963	2.722533	-56.218393
	1786	2	282	6	0.000000	86.001613	5.989126	-53.731287
	1787	2	283	1	-0.600000	88.076886	0.194043	-56.833836
	1788	2	283	2	0.000000	91.062143	2.714485	-56.650471
	1789	2	283	3	0.000000	89.789522	5.386326	-52.884883
	1790	2	284	1	-0.600000	94.607726	1.657103	-56.777333
	1791	2	284	2	0.000000	95.378757	4.490613	-54.016744
	1792	2	284	6	0.000000	92.326574	4.395590	-50.990413
	1793	2	285	1	-0.600000	98.838374	4.648974	-52.667186
	1794	2	285	2	0.000000	98.447992	7.031916	-49.559893
	1795	2	285	4	0.000000	95.180282	4.841962	-47.857822
	1796	2	286	1	-0.600000	101.059979	7.842155	-47.234972
	1797	2	286	2	0.000000	98.329255	8.722463	-44.569613
	1798	2	286	4	0.000000	96.557670	4.837779	-44.168361
	1799	2	287	1	-0.600000	99.463610	10.478480	-41.539395
	1800	2	287	2	0.000000	96.274848	9.241163	-39.545008
	1801	2	287	4	0.000000	96.769984	5.019077	-40.308053
	1802	2	288	1	-0.600000	95.572618	10.495037	-36.096948
	1803	2	288	2	0.000000	93.542233	7.235434	-35.122714
	1804	2	288	4	0.000000	96.281788	4.166833	-36.395740
	1805	2	289	1	-0.600000	91.721959	7.730223	-31.834296
	1806	2	289	2	0.000000	90.228857	4.420859	-31.587707
	1807	2	289	5	0.000000	94.497070	2.321561	-32.646531
	1808	2	290	1	-0.600000	87.838116	2.645536	-29.351490
	1809	2	290	2	0.000000	89.825924	-0.797633	-29.700941
	1810	2	290	5	0.000000	94.764807	-0.336371	-30.093929
	1811	2	291	1	-0.600000	88.846321	-3.869946	-27.823794
	1812	2	291	2	0.000000	92.391691	-5.602820	-28.256494
	1813	2	291	4	0.000000	95.169561	-2.381722	-27.211544
	1814	2	292	1	-0.600000	93.048142	-8.990726	-26.840127
	1815	2	292	2	0.000000	96.915208	-7.659925	-25.655654
	1816	2	292	3	0.000000	98.336537	-3.240660	-24.744510
	1817	2	293	1	-0.600000	98.015708	-10.703972	-23.704574
	1818	2	293	2	0.000000	101.165173	-7.972819	-22.264724
	1819	2	293	5	0.000000	100.842979	-3.192670	-21.750743
	1820	2	294	1	-0.600000	103.628376	-9.949495	-20.283546
	1821	2	294	2	0.000000	104.651974	-6.365834	-18.828600
	1822	2	294	4	0.000000	100.836537	-4.299164	-18.322338
	1823	2	295	1	-0.600000	106.755411	-5.970629	-15.909751
	1824	2	295	2	0.000000	105.375811	-2.465578	-14.694225
	1825	2	295	3	0.000000	100.609183	-1.738184	-14.642488
	1826	2	296	1	-0.600000	106.819024	-1.323689	-11.529436
	1827	2	296	2	0.000000	104.630550	1.926594	-11.206877
	1828	2	296	4	0.000000	100.844385	-0.168611	-11.259668
	1829	2	297	1	-0.600000	104.927123	4.646419	-8.785218
	1830	2	297	2	0.000000	101.073961	5.479154	-9.177599
	1831	2	297	6	0.000000	98.973623	1.891544	-8.113376
	1832	2	298	1	-0.600000	99.704873	8.682793	-7.795438
	1833	2	298	2	0.000000	96.141280	7.259660	-6.699679
	1834	2	298	4	0.000000	97.008246	3.279446	-5.114120
	1835	2	299	1	-0.600000	93.751916	9.968549	-5.780201
	1836	2	299	2	0.000000	90.570073	8.131300	-5.447363
	1837	2	299	5	0.000000	93.028907	4.833258	-2.953638
	1838	2	300	1	-0.600000	87.057926	8.800277	-4.534771
	1839	2	300	2	0.000000	87.211660	5.708378	-2.106953
	1840	2	300	6	0.000000	90.998355	5.726573	-0.194395
	1841	2	301	1	-0.600000	83.909555	4.464450	-0.941462
	1842	2	301	2	0.000000	85.104474	1.264766	0.325373
	1843	2	301	3	0.000000	88.543703	3.675272	2.516748
	1844	2	302	1	-0.600000	83.334516	-1.600877	1.909212
	1845	2	302	2	0.000000	85.842330	-1.563731	4.924513
	1846	2	302	5	0.000000	87.643329	2.850778	5.765170
	1847	2	303	1	-0.600000	85.210978	-3.286866	8.058404
	1848	2	303	2	0.000000	87.805790	-1.477174	10.341153
	1849	2	303	5	0.000000	87.877441	3.370562	9.582719
	1850	2	304	1	-0.600000	87.719067	-2.056357	13.946536
	1851	2	304	2	0.000000	89.137777	1.110750	15.577595
	1852	2	304	4	0.000000	86.936365	3.791731	13.079546
	1853	2	305	1	-0.600000	88.534443	1.148565	19.298192
	1854	2	305	2	0.000000	88.758676	4.880052	20.094765
	1855	2	305	4	0.000000	85.873660	5.251430	16.993779
	1856	2	306	1	-0.600000	88.144199	6.839879	23.019201
	1857	2	306	2	0.000000	87.187091	10.110514	21.312958
	1858	2	306	3	0.000000	83.721695	8.595770	18.436032
	1859	2	307	1	-0.600000	86.123520	12.999408	23.178463
	1860	2	307	2	0.000000	83.975375	14.656993	20.488199
	1861	2	307	6	0.000000	81.583956	11.297772	19.954718
	1862	2	308	1	-0.600000	82.134635	17.704851	21.039266
	1863	2	308	2	0.000000	79.251153	17.161388	18.602976
	1864	2	308	3	0.000000	77.792248	12.854581	19.960512
	1865	2	309	1	-0.600000	76.479080	19.415962	18.353335
	1866	2	309	2	0.000000	73.862099	16.961631	17.061832
	1867	2	309	4	0.000000	74.522168	14.467183	20.397859
	1868	2	310	1	-0.600000	70.486203	17.800309	16.446143
	1869	2	310	2	0.000000	69.272535	14.220946	16.925421
	1870	2	310	6	0.000000	70.625176	13.898128	20.848948
	1871	2	311	1	-0.600000	65.701887	13.542206	16.176922
	1872	2	311	2	0.000000	64.995073	10.579599	18.487016
	1873	2	311	6	0.000000	66.724129	12.770891	21.586010
	1874	2	312	1	-0.600000	61.874673	9.049028	19.419384
	1875	2	312	2	0.000000	62.709269	8.158490	23.038395
	1876	2	312	4	0.000000	63.746827	12.163765	23.941451
	1877	2	313	1	-0.600000	60.174190	6.564477	25.092205
	1878	2	313	2	0.000000	61.419646	7.722210	28.529425
	1879	2	313	5	0.000000	62.057210	12.519744	27.887191
	1880	2	314	1	-0.600000	59.700989	7.227650	31.664691
	1881	2	314	2	0.000000	61.192333	10.267250	33.466284
	1882	2	314	12	0.000000	59.532341	12.721043	30.416359
