Angles

1	3	2	1	3
2	1	1	3	4
3	10	3	4	5
4	2	3	4	6
5	6	5	4	6
6	1	4	6	7
7	7	6	7	8
8	2	6	7	9
9	3	8	7	9
10	1	7	9	10
11	9	9	10	11
12	2	9	10	12
13	5	11	10	12
14	1	10	12	13
15	9	12	13	14
16	2	12	13	15
17	5	14	13	15
18	1	13	15	16
19	7	15	16	17
20	2	15	16	18
21	3	17	16	18
22	1	16	18	19
23	8	18	19	20
24	2	18	19	21
25	4	20	19	21
26	1	19	21	22
27	9	21	22	23
28	2	21	22	24
29	5	23	22	24
30	1	22	24	25
31	8	24	25	26
32	2	24	25	27
33	4	26	25	27
34	1	25	27	28
35	7	27	28	29
36	2	27	28	30
37	3	29	28	30
38	1	28	30	31
39	7	30	31	32
40	2	30	31	33
41	3	32	31	33
42	1	31	33	34
43	10	33	34	35
44	2	33	34	36
45	6	35	34	36
46	1	34	36	37
47	10	36	37	38
48	2	36	37	39
49	6	38	37	39
50	1	37	39	40
51	8	39	40	41
52	2	39	40	42
53	4	41	40	42
54	1	40	42	43
55	9	42	43	44
56	2	42	43	45
57	5	44	43	45
58	1	43	45	46
59	10	45	46	47
60	2	45	46	48
61	6	47	46	48
62	1	46	48	49
63	7	48	49	50
64	2	48	49	51
65	3	50	49	51
66	1	49	51	52
67	9	51	52	53
68	2	51	52	54
69	5	53	52	54
70	1	52	54	55
71	7	54	55	56
72	2	54	55	57
73	3	56	55	57
74	1	55	57	58
75	8	57	58	59
76	2	57	58	60
77	4	59	58	60
78	1	58	60	61
79	7	60	61	62
80	2	60	61	63
81	3	62	61	63
82	1	61	63	64
83	10	63	64	65
84	2	63	64	66
85	6	65	64	66
86	1	64	66	67
87	8	66	67	68
88	2	66	67	69
89	4	68	67	69
90	1	67	69	70
91	7	69	70	71
92	2	69	70	72
93	3	71	70	72
94	1	70	72	73
95	10	72	73	74
96	2	72	73	75
97	6	74	73	75
98	1	73	75	76
99	10	75	76	77
100	2	75	76	78
101	6	77	76	78
102	1	76	78	79
103	7	78	79	80
104	2	78	79	81
105	3	80	79	81
106	1	79	81	82
107	7	81	82	83
108	2	81	82	84
109	3	83	82	84
110	1	82	84	85
111	7	84	85	86
112	2	84	85	87
113	3	86	85	87
114	1	85	87	88
115	7	87	88	89
116	2	87	88	90
117	3	89	88	90
118	1	88	90	91
119	9	90	91	92
120	2	90	91	93
121	5	92	91	93
122	1	91	93	94
123	8	93	94	95
124	2	93	94	96
125	4	95	94	96
126	1	94	96	97
127	9	96	97	98
128	2	96	97	99
129	5	98	97	99
130	1	97	99	100
131	8	99	100	101
132	2	99	100	102
133	4	101	100	102
134	1	100	102	103
135	7	102	103	104
136	2	102	103	105
137	3	104	103	105
138	1	103	105	106
139	8	105	106	107
140	2	105	106	108
141	4	107	106	108
142	1	106	108	109
143	8	108	109	110
144	2	108	109	111
145	4	110	109	111
146	1	109	111	112
147	8	111	112	113
148	2	111	112	114
149	4	113	112	114
150	1	112	114	115
151	9	114	115	116
152	2	114	115	117
153	5	116	115	117
154	1	115	117	118
155	9	117	118	119
156	2	117	118	120
157	5	119	118	120
158	1	118	120	121
159	7	120	121	122
160	2	120	121	123
161	3	122	121	123
162	1	121	123	124
163	7	123	124	125
164	2	123	124	126
165	3	125	124	126
166	1	124	126	127
167	7	126	127	128
168	2	126	127	129
169	3	128	127	129
170	1	127	129	130
171	10	129	130	131
172	2	129	130	132
173	6	131	130	132
174	1	130	132	133
175	8	132	133	134
176	2	132	133	135
177	4	134	133	135
178	1	133	135	136
179	9	135	136	137
180	2	135	136	138
181	5	137	136	138
182	1	136	138	139
183	10	138	139	140
184	2	138	139	141
185	6	140	139	141
186	1	139	141	142
187	8	141	142	143
188	2	141	142	144
189	4	143	142	144
190	1	142	144	145
191	10	144	145	146
192	2	144	145	147
193	6	146	145	147
194	1	145	147	148
195	10	147	148	149
196	2	147	148	150
197	6	149	148	150
198	1	148	150	151
199	7	150	151	152
200	2	150	151	153
201	3	152	151	153
202	1	151	153	154
203	8	153	154	155
204	2	153	154	156
205	4	155	154	156
206	1	154	156	157
207	10	156	157	158
208	2	156	157	159
209	6	158	157	159
210	1	157	159	160
211	7	159	160	161
212	2	159	160	162
213	3	161	160	162
214	1	160	162	163
215	7	162	163	164
216	2	162	163	165
217	3	164	163	165
218	1	163	165	166
219	7	165	166	167
220	2	165	166	168
221	3	167	166	168
222	1	166	168	169
223	7	168	169	170
224	2	168	169	171
225	3	170	169	171
226	1	169	171	172
227	9	171	172	173
228	2	171	172	174
229	5	173	172	174
230	1	172	174	175
231	9	174	175	176
232	2	174	175	177
233	5	176	175	177
234	1	175	177	178
235	10	177	178	179
236	2	177	178	180
237	6	179	178	180
238	1	178	180	181
239	7	180	181	182
240	2	180	181	183
241	3	182	181	183
242	1	181	183	184
243	8	183	184	185
244	2	183	184	186
245	4	185	184	186
246	1	184	186	187
247	9	186	187	188
248	2	186	187	189
249	5	188	187	189
250	1	187	189	190
251	8	189	190	191
252	2	189	190	192
253	4	191	190	192
254	1	190	192	193
255	8	192	193	194
256	2	192	193	195
257	4	194	193	195
258	1	193	195	196
259	10	195	196	197
260	2	195	196	198
261	6	197	196	198
262	1	196	198	199
263	7	198	199	200
264	2	198	199	201
265	3	200	199	201
266	1	199	201	202
267	9	201	202	203
268	2	201	202	204
269	5	203	202	204
270	1	202	204	205
271	10	204	205	206
272	2	204	205	207
273	6	206	205	207
274	1	205	207	208
275	8	207	208	209
276	2	207	208	210
277	4	209	208	210
278	1	208	210	211
279	9	210	211	212
280	2	210	211	213
281	5	212	211	213
282	1	211	213	214
283	9	213	214	215
284	2	213	214	216
285	5	215	214	216
286	1	214	216	217
287	7	216	217	218
288	2	216	217	219
289	3	218	217	219
290	1	217	219	220
291	8	219	220	221
292	2	219	220	222
293	4	221	220	222
294	1	220	222	223
295	8	222	223	224
296	2	222	223	225
297	4	224	223	225
298	1	223	225	226
299	10	225	226	227
300	2	225	226	228
301	6	227	226	228
302	1	226	228	229
303	10	228	229	230
304	2	228	229	231
305	6	230	229	231
306	1	229	231	232
307	7	231	232	233
308	2	231	232	234
309	3	233	232	234
310	1	232	234	235
311	9	234	235	236
312	2	234	235	237
313	5	236	235	237
314	1	235	237	238
315	10	237	238	239
316	2	237	238	240
317	6	239	238	240
318	1	238	240	241
319	8	240	241	242
320	2	240	241	243
321	4	242	241	243
322	1	241	243	244
323	9	243	244	245
324	2	243	244	246
325	5	245	244	246
326	1	244	246	247
327	7	246	247	248
328	2	246	247	249
329	3	248	247	249
330	1	247	249	250
331	7	249	250	251
332	2	249	250	252
333	3	251	250	252
334	1	250	252	253
335	10	252	253	254
336	2	252	253	255
337	6	254	253	255
338	1	253	255	256
339	7	255	256	257
340	2	255	256	258
341	3	257	256	258
342	1	256	258	259
343	8	258	259	260
344	2	258	259	261
345	4	260	259	261
346	1	259	261	262
347	9	261	262	263
348	2	261	262	264
349	5	263	262	264
350	1	262	264	265
351	10	264	265	266
352	2	264	265	267
353	6	266	265	267
354	1	265	267	268
355	10	267	268	269
356	2	267	268	270
357	6	269	268	270
358	1	268	270	271
359	8	270	271	272
360	2	270	271	273
361	4	272	271	273
362	1	271	273	274
363	8	273	274	275
364	2	273	274	276
365	4	275	274	276
366	1	274	276	277
367	8	276	277	278
368	2	276	277	279
369	4	278	277	279
370	1	277	279	280
371	8	279	280	281
372	2	279	280	282
373	4	281	280	282
374	1	280	282	283
375	9	282	283	284
376	2	282	283	285
377	5	284	283	285
378	1	283	285	286
379	7	285	286	287
380	2	285	286	288
381	3	287	286	288
382	1	286	288	289
383	8	288	289	290
384	2	288	289	291
385	4	290	289	291
386	1	289	291	292
387	9	291	292	293
388	2	291	292	294
389	5	293	292	294
390	1	292	294	295
391	9	294	295	296
392	2	294	295	297
393	5	296	295	297
394	1	295	297	298
395	7	297	298	299
396	2	297	298	300
397	3	299	298	300
398	1	298	300	301
399	9	300	301	302
400	2	300	301	303
401	5	302	301	303
402	1	301	303	304
403	10	303	304	305
404	2	303	304	306
405	6	305	304	306
406	1	304	306	307
407	7	306	307	308
408	2	306	307	309
409	3	308	307	309
410	1	307	309	310
411	9	309	310	311
412	2	309	310	312
413	5	311	310	312
414	1	310	312	313
415	8	312	313	314
416	2	312	313	315
417	4	314	313	315
418	1	313	315	316
419	8	315	316	317
420	2	315	316	318
421	4	317	316	318
422	1	316	318	319
423	8	318	319	320
424	2	318	319	321
425	4	320	319	321
426	1	319	321	322
427	10	321	322	323
428	2	321	322	324
429	6	323	322	324
430	1	322	324	325
431	10	324	325	326
432	2	324	325	327
433	6	326	325	327
434	1	325	327	328
435	7	327	328	329
436	2	327	328	330
437	3	329	328	330
438	1	328	330	331
439	7	330	331	332
440	2	330	331	333
441	3	332	331	333
442	1	331	333	334
443	7	333	334	335
444	2	333	334	336
445	3	335	334	336
446	1	334	336	337
447	8	336	337	338
448	2	336	337	339
449	4	338	337	339
450	1	337	339	340
451	7	339	340	341
452	2	339	340	342
453	3	341	340	342
454	1	340	342	343
455	10	342	343	344
456	2	342	343	345
457	6	344	343	345
458	1	343	345	346
459	7	345	346	347
460	2	345	346	348
461	3	347	346	348
462	1	346	348	349
463	10	348	349	350
464	2	348	349	351
465	6	350	349	351
466	1	349	351	352
467	8	351	352	353
468	2	351	352	354
469	4	353	352	354
470	1	352	354	355
471	8	354	355	356
472	2	354	355	357
473	4	356	355	357
474	1	355	357	358
475	8	357	358	359
476	2	357	358	360
477	4	359	358	360
478	1	358	360	361
479	8	360	361	362
480	2	360	361	363
481	4	362	361	363
482	1	361	363	364
483	9	363	364	365
484	2	363	364	366
485	5	365	364	366
486	1	364	366	367
487	9	366	367	368
488	2	366	367	369
489	5	368	367	369
490	1	367	369	370
491	8	369	370	371
492	2	369	370	372
493	4	371	370	372
494	1	370	372	373
495	7	372	373	374
496	2	372	373	375
497	3	374	373	375
498	1	373	375	376
499	9	375	376	377
500	2	375	376	378
501	5	377	376	378
502	1	376	378	379
503	8	378	379	380
504	2	378	379	381
505	4	380	379	381
506	1	379	381	382
507	7	381	382	383
508	2	381	382	384
509	3	383	382	384
510	1	382	384	385
511	8	384	385	386
512	2	384	385	387
513	4	386	385	387
514	1	385	387	388
515	10	387	388	389
516	2	387	388	390
517	6	389	388	390
518	1	388	390	391
519	8	390	391	392
520	2	390	391	393
521	4	392	391	393
522	1	391	393	394
523	9	393	394	395
524	2	393	394	396
525	5	395	394	396
526	1	394	396	397
527	10	396	397	398
528	2	396	397	399
529	6	398	397	399
530	1	397	399	400
531	7	399	400	401
532	2	399	400	402
533	3	401	400	402
534	1	400	402	403
535	9	402	403	404
536	2	402	403	405
537	5	404	403	405
538	1	403	405	406
539	9	405	406	407
540	2	405	406	408
541	5	407	406	408
542	1	406	408	409
543	8	408	409	410
544	2	408	409	411
545	4	410	409	411
546	1	409	411	412
547	9	411	412	413
548	2	411	412	414
549	5	413	412	414
550	1	412	414	415
551	7	414	415	416
552	2	414	415	417
553	3	416	415	417
554	1	415	417	418
555	8	417	418	419
556	2	417	418	420
557	4	419	418	420
558	1	418	420	421
559	8	420	421	422
560	2	420	421	423
561	4	422	421	423
562	1	421	423	424
563	10	423	424	425
564	2	423	424	426
565	6	425	424	426
566	1	424	426	427
567	8	426	427	428
568	2	426	427	429
569	4	428	427	429
570	1	427	429	430
571	10	429	430	431
572	2	429	430	432
573	6	431	430	432
574	1	430	432	433
575	10	432	433	434
576	2	432	433	435
577	6	434	433	435
578	1	433	435	436
579	7	435	436	437
580	2	435	436	438
581	3	437	436	438
582	1	436	438	439
583	8	438	439	440
584	2	438	439	441
585	4	440	439	441
586	1	439	441	442
587	9	441	442	443
588	2	441	442	444
589	5	443	442	444
590	1	442	444	445
591	9	444	445	446
592	2	444	445	447
593	5	446	445	447
594	1	445	447	448
595	10	447	448	449
596	2	447	448	450
597	6	449	448	450
598	1	448	450	451
599	9	450	451	452
600	2	450	451	453
601	5	452	451	453
602	1	451	453	454
603	9	453	454	455
604	2	453	454	456
605	5	455	454	456
606	1	454	456	457
607	10	456	457	458
608	2	456	457	459
609	6	458	457	459
610	1	457	459	460
611	10	459	460	461
612	2	459	460	462
613	6	461	460	462
614	1	460	462	463
615	7	462	463	464
616	2	462	463	465
617	3	464	463	465
618	1	463	465	466
619	9	465	466	467
620	2	465	466	468
621	5	467	466	468
622	1	466	468	469
623	8	468	469	470
624	2	468	469	471
625	4	470	469	471
626	1	469	471	472
627	7	471	472	473
628	2	471	472	474
629	3	473	472	474
630	1	472	474	475
631	10	474	475	476
632	2	474	475	477
633	6	476	475	477
634	1	475	477	478
635	8	477	478	479
636	2	477	478	480
637	4	479	478	480
638	1	478	480	481
639	8	480	481	482
640	2	480	481	483
641	4	482	481	483
642	1	481	483	484
643	7	483	484	485
644	2	483	484	486
645	3	485	484	486
646	1	484	486	487
647	10	486	487	488
648	2	486	487	489
649	6	488	487	489
650	1	487	489	490
651	7	489	490	491
652	2	489	490	492
653	3	491	490	492
654	1	490	492	493
655	8	492	493	494
656	2	492	493	495
657	4	494	493	495
658	1	493	495	496
659	9	495	496	497
660	2	495	496	498
661	5	497	496	498
662	1	496	498	499
663	10	498	499	500
664	2	498	499	501
665	6	500	499	501
666	1	499	501	502
667	7	501	502	503
668	2	501	502	504
669	3	503	502	504
670	1	502	504	505
671	10	504	505	506
672	2	504	505	507
673	6	506	505	507
674	1	505	507	508
675	7	507	508	509
676	2	507	508	510
677	3	509	508	510
678	1	508	510	511
679	9	510	511	512
680	2	510	511	513
681	5	512	511	513
682	1	511	513	514
683	9	513	514	515
684	2	513	514	516
685	5	515	514	516
686	1	514	516	517
687	7	516	517	518
688	2	516	517	519
689	3	518	517	519
690	1	517	519	520
691	8	519	520	521
692	2	519	520	522
693	4	521	520	522
694	1	520	522	523
695	9	522	523	524
696	2	522	523	525
697	5	524	523	525
698	1	523	525	526
699	8	525	526	527
700	2	525	526	528
701	4	527	526	528
702	1	526	528	529
703	7	528	529	530
704	2	528	529	531
705	3	530	529	531
706	1	529	531	532
707	7	531	532	533
708	2	531	532	534
709	3	533	532	534
710	1	532	534	535
711	10	534	535	536
712	2	534	535	537
713	6	536	535	537
714	1	535	537	538
715	10	537	538	539
716	2	537	538	540
717	6	539	538	540
718	1	538	540	541
719	8	540	541	542
720	2	540	541	543
721	4	542	541	543
722	1	541	543	544
723	9	543	544	545
724	2	543	544	546
725	5	545	544	546
726	1	544	546	547
727	10	546	547	548
728	2	546	547	549
729	6	548	547	549
730	1	547	549	550
731	7	549	550	551
732	2	549	550	552
733	3	551	550	552
734	1	550	552	553
735	9	552	553	554
736	2	552	553	555
737	5	554	553	555
738	1	553	555	556
739	7	555	556	557
740	2	555	556	558
741	3	557	556	558
742	1	556	558	559
743	8	558	559	560
744	2	558	559	561
745	4	560	559	561
746	1	559	561	562
747	7	561	562	563
748	2	561	562	564
749	3	563	562	564
750	1	562	564	565
751	10	564	565	566
752	2	564	565	567
753	6	566	565	567
754	1	565	567	568
755	8	567	568	569
756	2	567	568	570
757	4	569	568	570
758	1	568	570	571
759	7	570	571	572
760	2	570	571	573
761	3	572	571	573
762	1	571	573	574
763	10	573	574	575
764	2	573	574	576
765	6	575	574	576
766	1	574	576	577
767	10	576	577	578
768	2	576	577	579
769	6	578	577	579
770	1	577	579	580
771	7	579	580	581
772	2	579	580	582
773	3	581	580	582
774	1	580	582	583
775	7	582	583	584
776	2	582	583	585
777	3	584	583	585
778	1	583	585	586
779	7	585	586	587
780	2	585	586	588
781	3	587	586	588
782	1	586	588	589
783	7	588	589	590
784	2	588	589	591
785	3	590	589	591
786	1	589	591	592
787	9	591	592	593
788	2	591	592	594
789	5	593	592	594
790	1	592	594	595
791	8	594	595	596
792	2	594	595	597
793	4	596	595	597
794	1	595	597	598
795	9	597	598	599
796	2	597	598	600
797	5	599	598	600
798	1	598	600	601
799	8	600	601	602
800	2	600	601	603
801	4	602	601	603
802	1	601	603	604
803	7	603	604	605
804	2	603	604	606
805	3	605	604	606
806	1	604	606	607
807	8	606	607	608
808	2	606	607	609
809	4	608	607	609
810	1	607	609	610
811	8	609	610	611
812	2	609	610	612
813	4	611	610	612
814	1	610	612	613
815	8	612	613	614
816	2	612	613	615
817	4	614	613	615
818	1	613	615	616
819	9	615	616	617
820	2	615	616	618
821	5	617	616	618
822	1	616	618	619
823	9	618	619	620
824	2	618	619	621
825	5	620	619	621
826	1	619	621	622
827	7	621	622	623
828	2	621	622	624
829	3	623	622	624
830	1	622	624	625
831	7	624	625	626
832	2	624	625	627
833	3	626	625	627
834	1	625	627	628
835	7	627	628	629
836	2	627	628	630
837	3	629	628	630
838	1	628	630	631
839	10	630	631	632
840	2	630	631	633
841	6	632	631	633
842	1	631	633	634
843	8	633	634	635
844	2	633	634	636
845	4	635	634	636
846	1	634	636	637
847	9	636	637	638
848	2	636	637	639
849	5	638	637	639
850	1	637	639	640
851	10	639	640	641
852	2	639	640	642
853	6	641	640	642
854	1	640	642	643
855	8	642	643	644
856	2	642	643	645
857	4	644	643	645
858	1	643	645	646
859	10	645	646	647
860	2	645	646	648
861	6	647	646	648
862	1	646	648	649
863	10	648	649	650
864	2	648	649	651
865	6	650	649	651
866	1	649	651	652
867	7	651	652	653
868	2	651	652	654
869	3	653	652	654
870	1	652	654	655
871	8	654	655	656
872	2	654	655	657
873	4	656	655	657
874	1	655	657	658
875	10	657	658	659
876	2	657	658	660
877	6	659	658	660
878	1	658	660	661
879	7	660	661	662
880	2	660	661	663
881	3	662	661	663
882	1	661	663	664
883	7	663	664	665
884	2	663	664	666
885	3	665	664	666
886	1	664	666	667
887	7	666	667	668
888	2	666	667	669
889	3	668	667	669
890	1	667	669	670
891	7	669	670	671
892	2	669	670	672
893	3	671	670	672
894	1	670	672	673
895	9	672	673	674
896	2	672	673	675
897	5	674	673	675
898	1	673	675	676
899	9	675	676	677
900	2	675	676	678
901	5	677	676	678
902	1	676	678	679
903	10	678	679	680
904	2	678	679	681
905	6	680	679	681
906	1	679	681	682
907	7	681	682	683
908	2	681	682	684
909	3	683	682	684
910	1	682	684	685
911	8	684	685	686
912	2	684	685	687
913	4	686	685	687
914	1	685	687	688
915	9	687	688	689
916	2	687	688	690
917	5	689	688	690
918	1	688	690	691
919	8	690	691	692
920	2	690	691	693
921	4	692	691	693
922	1	691	693	694
923	8	693	694	695
924	2	693	694	696
925	4	695	694	696
926	1	694	696	697
927	10	696	697	698
928	2	696	697	699
929	6	698	697	699
930	1	697	699	700
931	7	699	700	701
932	2	699	700	702
933	3	701	700	702
934	1	700	702	703
935	9	702	703	704
936	2	702	703	705
937	5	704	703	705
938	1	703	705	706
939	10	705	706	707
940	2	705	706	708
941	6	707	706	708
942	1	706	708	709
943	8	708	709	710
944	2	708	709	711
945	4	710	709	711
946	1	709	711	712
947	9	711	712	713
948	2	711	712	714
949	5	713	712	714
950	1	712	714	715
951	9	714	715	716
952	2	714	715	717
953	5	716	715	717
954	1	715	717	718
955	7	717	718	719
956	2	717	718	720
957	3	719	718	720
958	1	718	720	721
959	8	720	721	722
960	2	720	721	723
961	4	722	721	723
962	1	721	723	724
963	8	723	724	725
964	2	723	724	726
965	4	725	724	726
966	1	724	726	727
967	10	726	727	728
968	2	726	727	729
969	6	728	727	729
970	1	727	729	730
971	10	729	730	731
972	2	729	730	732
973	6	731	730	732
974	1	730	732	733
975	7	732	733	734
976	2	732	733	735
977	3	734	733	735
978	1	733	735	736
979	9	735	736	737
980	2	735	736	738
981	5	737	736	738
982	1	736	738	739
983	10	738	739	740
984	2	738	739	741
985	6	740	739	741
986	1	739	741	742
987	8	741	742	743
988	2	741	742	744
989	4	743	742	744
990	1	742	744	745
991	9	744	745	746
992	2	744	745	747
993	5	746	745	747
994	1	745	747	748
995	7	747	748	749
996	2	747	748	750
997	3	749	748	750
998	1	748	750	751
999	7	750	751	752
1000	2	750	751	753
1001	3	752	751	753
1002	1	751	753	754
1003	10	753	754	755
1004	2	753	754	756
1005	6	755	754	756
1006	1	754	756	757
1007	7	756	757	758
1008	2	756	757	759
1009	3	758	757	759
1010	1	757	759	760
1011	8	759	760	761
1012	2	759	760	762
1013	4	761	760	762
1014	1	760	762	763
1015	9	762	763	764
1016	2	762	763	765
1017	5	764	763	765
1018	1	763	765	766
1019	10	765	766	767
1020	2	765	766	768
1021	6	767	766	768
1022	1	766	768	769
1023	10	768	769	770
1024	2	768	769	771
1025	6	770	769	771
1026	1	769	771	772
1027	8	771	772	773
1028	2	771	772	774
1029	4	773	772	774
1030	1	772	774	775
1031	8	774	775	776
1032	2	774	775	777
1033	4	776	775	777
1034	1	775	777	778
1035	8	777	778	779
1036	2	777	778	780
1037	4	779	778	780
1038	1	778	780	781
1039	8	780	781	782
1040	2	780	781	783
1041	4	782	781	783
1042	1	781	783	784
1043	9	783	784	785
1044	2	783	784	786
1045	5	785	784	786
1046	1	784	786	787
1047	7	786	787	788
1048	2	786	787	789
1049	3	788	787	789
1050	1	787	789	790
1051	8	789	790	791
1052	2	789	790	792
1053	4	791	790	792
1054	1	790	792	793
1055	9	792	793	794
1056	2	792	793	795
1057	5	794	793	795
1058	1	793	795	796
1059	9	795	796	797
1060	2	795	796	798
1061	5	797	796	798
1062	1	796	798	799
1063	7	798	799	800
1064	2	798	799	801
1065	3	800	799	801
1066	1	799	801	802
1067	9	801	802	803
1068	2	801	802	804
1069	5	803	802	804
1070	1	802	804	805
1071	10	804	805	806
1072	2	804	805	807
1073	6	806	805	807
1074	1	805	807	808
1075	7	807	808	809
1076	2	807	808	810
1077	3	809	808	810
1078	1	808	810	811
1079	9	810	811	812
1080	2	810	811	813
1081	5	812	811	813
1082	1	811	813	814
1083	8	813	814	815
1084	2	813	814	816
1085	4	815	814	816
1086	1	814	816	817
1087	8	816	817	818
1088	2	816	817	819
1089	4	818	817	819
1090	1	817	819	820
1091	8	819	820	821
1092	2	819	820	822
1093	4	821	820	822
1094	1	820	822	823
1095	10	822	823	824
1096	2	822	823	825
1097	6	824	823	825
1098	1	823	825	826
1099	10	825	826	827
1100	2	825	826	828
1101	6	827	826	828
1102	1	826	828	829
1103	7	828	829	830
1104	2	828	829	831
1105	3	830	829	831
1106	1	829	831	832
1107	7	831	832	833
1108	2	831	832	834
1109	3	833	832	834
1110	1	832	834	835
1111	7	834	835	836
1112	2	834	835	837
1113	3	836	835	837
1114	1	835	837	838
1115	8	837	838	839
1116	2	837	838	840
1117	4	839	838	840
1118	1	838	840	841
1119	7	840	841	842
1120	2	840	841	843
1121	3	842	841	843
1122	1	841	843	844
1123	10	843	844	845
1124	2	843	844	846
1125	6	845	844	846
1126	1	844	846	847
1127	7	846	847	848
1128	2	846	847	849
1129	3	848	847	849
1130	1	847	849	850
1131	10	849	850	851
1132	2	849	850	852
1133	6	851	850	852
1134	1	850	852	853
1135	8	852	853	854
1136	2	852	853	855
1137	4	854	853	855
1138	1	853	855	856
1139	8	855	856	857
1140	2	855	856	858
1141	4	857	856	858
1142	1	856	858	859
1143	8	858	859	860
1144	2	858	859	861
1145	4	860	859	861
1146	1	859	861	862
1147	8	861	862	863
1148	2	861	862	864
1149	4	863	862	864
1150	1	862	864	865
1151	9	864	865	866
1152	2	864	865	867
1153	5	866	865	867
1154	1	865	867	868
1155	9	867	868	869
1156	2	867	868	870
1157	5	869	868	870
1158	1	868	870	871
1159	8	870	871	872
1160	2	870	871	873
1161	4	872	871	873
1162	1	871	873	874
1163	7	873	874	875
1164	2	873	874	876
1165	3	875	874	876
1166	1	874	876	877
1167	9	876	877	878
1168	2	876	877	879
1169	5	878	877	879
1170	1	877	879	880
1171	8	879	880	881
1172	2	879	880	882
1173	4	881	880	882
1174	1	880	882	883
1175	7	882	883	884
1176	2	882	883	885
1177	3	884	883	885
1178	1	883	885	886
1179	8	885	886	887
1180	2	885	886	888
1181	4	887	886	888
1182	1	886	888	889
1183	10	888	889	890
1184	2	888	889	891
1185	6	890	889	891
1186	1	889	891	892
1187	8	891	892	893
1188	2	891	892	894
1189	4	893	892	894
1190	1	892	894	895
1191	9	894	895	896
1192	2	894	895	897
1193	5	896	895	897
1194	1	895	897	898
1195	10	897	898	899
1196	2	897	898	900
1197	6	899	898	900
1198	1	898	900	901
1199	7	900	901	902
1200	2	900	901	903
1201	3	902	901	903
1202	1	901	903	904
1203	9	903	904	905
1204	2	903	904	906
1205	5	905	904	906
1206	1	904	906	907
1207	9	906	907	908
1208	2	906	907	909
1209	5	908	907	909
1210	1	907	909	910
1211	8	909	910	911
1212	2	909	910	912
1213	4	911	910	912
1214	1	910	912	913
1215	9	912	913	914
1216	2	912	913	915
1217	5	914	913	915
1218	1	913	915	916
1219	7	915	916	917
1220	2	915	916	918
1221	3	917	916	918
1222	1	916	918	919
1223	8	918	919	920
1224	2	918	919	921
1225	4	920	919	921
1226	1	919	921	922
1227	8	921	922	923
1228	2	921	922	924
1229	4	923	922	924
1230	1	922	924	925
1231	10	924	925	926
1232	2	924	925	927
1233	6	926	925	927
1234	1	925	927	928
1235	8	927	928	929
1236	2	927	928	930
1237	4	929	928	930
1238	1	928	930	931
1239	10	930	931	932
1240	2	930	931	933
1241	6	932	931	933
1242	1	931	933	934
1243	10	933	934	935
1244	2	933	934	936
1245	6	935	934	936
1246	1	934	936	937
1247	7	936	937	938
1248	2	936	937	939
1249	3	938	937	939
1250	1	937	939	940
1251	9	939	940	941
1252	14	1	2	5
1253	23	4	5	8
1254	13	7	8	11
1255	21	10	11	14
1256	19	13	14	17
1257	12	16	17	20
1258	17	19	20	23
1259	20	22	23	26
1260	15	25	26	29
1261	11	28	29	32
1262	14	31	32	35
1263	26	34	35	38
1264	24	37	38	41
1265	17	40	41	44
1266	22	43	44	47
1267	23	46	47	50
1268	13	49	50	53
1269	19	52	53	56
1270	12	55	56	59
1271	15	58	59	62
1272	14	61	62	65
1273	24	64	65	68
1274	15	67	68	71
1275	14	70	71	74
1276	26	73	74	77
1277	23	76	77	80
1278	11	79	80	83
1279	11	82	83	86
1280	11	85	86	89
1281	13	88	89	92
1282	20	91	92	95
1283	17	94	95	98
1284	20	97	98	101
1285	15	100	101	104
1286	12	103	104	107
1287	16	106	107	110
1288	16	109	110	113
1289	17	112	113	116
1290	21	115	116	119
1291	19	118	119	122
1292	11	121	122	125
1293	11	124	125	128
1294	14	127	128	131
1295	24	130	131	134
1296	17	133	134	137
1297	22	136	137	140
1298	24	139	140	143
1299	18	142	143	146
1300	26	145	146	149
1301	23	148	149	152
1302	12	151	152	155
1303	18	154	155	158
1304	23	157	158	161
1305	11	160	161	164
1306	11	163	164	167
1307	11	166	167	170
1308	13	169	170	173
1309	21	172	173	176
1310	22	175	176	179
1311	23	178	179	182
1312	12	181	182	185
1313	17	184	185	188
1314	20	187	188	191
1315	16	190	191	194
1316	18	193	194	197
1317	23	196	197	200
1318	13	199	200	203
1319	22	202	203	206
1320	24	205	206	209
1321	17	208	209	212
1322	21	211	212	215
1323	19	214	215	218
1324	12	217	218	221
1325	16	220	221	224
1326	18	223	224	227
1327	26	226	227	230
1328	23	229	230	233
1329	13	232	233	236
1330	22	235	236	239
1331	24	238	239	242
1332	17	241	242	245
1333	19	244	245	248
1334	11	247	248	251
1335	14	250	251	254
1336	23	253	254	257
1337	12	256	257	260
1338	17	259	260	263
1339	22	262	263	266
1340	26	265	266	269
1341	24	268	269	272
1342	16	271	272	275
1343	16	274	275	278
1344	16	277	278	281
1345	17	280	281	284
1346	19	283	284	287
1347	12	286	287	290
1348	17	289	290	293
1349	21	292	293	296
1350	19	295	296	299
1351	13	298	299	302
1352	22	301	302	305
1353	23	304	305	308
1354	13	307	308	311
1355	20	310	311	314
1356	16	313	314	317
1357	16	316	317	320
1358	18	319	320	323
1359	26	322	323	326
1360	23	325	326	329
1361	11	328	329	332
1362	11	331	332	335
1363	12	334	335	338
1364	15	337	338	341
1365	14	340	341	344
1366	23	343	344	347
1367	14	346	347	350
1368	24	349	350	353
1369	16	352	353	356
1370	16	355	356	359
1371	16	358	359	362
1372	17	361	362	365
1373	21	364	365	368
1374	20	367	368	371
1375	15	370	371	374
1376	13	373	374	377
1377	20	376	377	380
1378	15	379	380	383
1379	12	382	383	386
1380	18	385	386	389
1381	24	388	389	392
1382	17	391	392	395
1383	22	394	395	398
1384	23	397	398	401
1385	13	400	401	404
1386	21	403	404	407
1387	20	406	407	410
1388	17	409	410	413
1389	19	412	413	416
1390	12	415	416	419
1391	16	418	419	422
1392	18	421	422	425
1393	24	424	425	428
1394	18	427	428	431
1395	26	430	431	434
1396	23	433	434	437
1397	12	436	437	440
1398	17	439	440	443
1399	21	442	443	446
1400	22	445	446	449
1401	25	448	449	452
1402	21	451	452	455
1403	22	454	455	458
1404	26	457	458	461
1405	23	460	461	464
1406	13	463	464	467
1407	20	466	467	470
1408	15	469	470	473
1409	14	472	473	476
1410	24	475	476	479
1411	16	478	479	482
1412	15	481	482	485
1413	14	484	485	488
1414	23	487	488	491
1415	12	490	491	494
1416	17	493	494	497
1417	22	496	497	500
1418	23	499	500	503
1419	14	502	503	506
1420	23	505	506	509
1421	13	508	509	512
1422	21	511	512	515
1423	19	514	515	518
1424	12	517	518	521
1425	17	520	521	524
1426	20	523	524	527
1427	15	526	527	530
1428	11	529	530	533
1429	14	532	533	536
1430	26	535	536	539
1431	24	538	539	542
1432	17	541	542	545
1433	22	544	545	548
1434	23	547	548	551
1435	13	550	551	554
1436	19	553	554	557
1437	12	556	557	560
1438	15	559	560	563
1439	14	562	563	566
1440	24	565	566	569
1441	15	568	569	572
1442	14	571	572	575
1443	26	574	575	578
1444	23	577	578	581
1445	11	580	581	584
1446	11	583	584	587
1447	11	586	587	590
1448	13	589	590	593
1449	20	592	593	596
1450	17	595	596	599
1451	20	598	599	602
1452	15	601	602	605
1453	12	604	605	608
1454	16	607	608	611
1455	16	610	611	614
1456	17	613	614	617
1457	21	616	617	620
1458	19	619	620	623
1459	11	622	623	626
1460	11	625	626	629
1461	14	628	629	632
1462	24	631	632	635
1463	17	634	635	638
1464	22	637	638	641
1465	24	640	641	644
1466	18	643	644	647
1467	26	646	647	650
1468	23	649	650	653
1469	12	652	653	656
1470	18	655	656	659
1471	23	658	659	662
1472	11	661	662	665
1473	11	664	665	668
1474	11	667	668	671
1475	13	670	671	674
1476	21	673	674	677
1477	22	676	677	680
1478	23	679	680	683
1479	12	682	683	686
1480	17	685	686	689
1481	20	688	689	692
1482	16	691	692	695
1483	18	694	695	698
1484	23	697	698	701
1485	13	700	701	704
1486	22	703	704	707
1487	24	706	707	710
1488	17	709	710	713
1489	21	712	713	716
1490	19	715	716	719
1491	12	718	719	722
1492	16	721	722	725
1493	18	724	725	728
1494	26	727	728	731
1495	23	730	731	734
1496	13	733	734	737
1497	22	736	737	740
1498	24	739	740	743
1499	17	742	743	746
1500	19	745	746	749
1501	11	748	749	752
1502	14	751	752	755
1503	23	754	755	758
1504	12	757	758	761
1505	17	760	761	764
1506	22	763	764	767
1507	26	766	767	770
1508	24	769	770	773
1509	16	772	773	776
1510	16	775	776	779
1511	16	778	779	782
1512	17	781	782	785
1513	19	784	785	788
1514	12	787	788	791
1515	17	790	791	794
1516	21	793	794	797
1517	19	796	797	800
1518	13	799	800	803
1519	22	802	803	806
1520	23	805	806	809
1521	13	808	809	812
1522	20	811	812	815
1523	16	814	815	818
1524	16	817	818	821
1525	18	820	821	824
1526	26	823	824	827
1527	23	826	827	830
1528	11	829	830	833
1529	11	832	833	836
1530	12	835	836	839
1531	15	838	839	842
1532	14	841	842	845
1533	23	844	845	848
1534	14	847	848	851
1535	24	850	851	854
1536	16	853	854	857
1537	16	856	857	860
1538	16	859	860	863
1539	17	862	863	866
1540	21	865	866	869
1541	20	868	869	872
1542	15	871	872	875
1543	13	874	875	878
1544	20	877	878	881
1545	15	880	881	884
1546	12	883	884	887
1547	18	886	887	890
1548	24	889	890	893
1549	17	892	893	896
1550	22	895	896	899
1551	23	898	899	902
1552	13	901	902	905
1553	21	904	905	908
1554	20	907	908	911
1555	17	910	911	914
1556	19	913	914	917
1557	12	916	917	920
1558	16	919	920	923
1559	18	922	923	926
1560	24	925	926	929
1561	18	928	929	932
1562	26	931	932	935
1563	23	934	935	938
1564	13	937	938	941
1565	6	943	942	944
1566	1	942	944	945
1567	8	944	945	946
1568	2	944	945	947
1569	4	946	945	947
1570	1	945	947	948
1571	9	947	948	949
1572	2	947	948	950
1573	5	949	948	950
1574	1	948	950	951
1575	9	950	951	952
1576	2	950	951	953
1577	5	952	951	953
1578	1	951	953	954
1579	7	953	954	955
1580	2	953	954	956
1581	3	955	954	956
1582	1	954	956	957
1583	9	956	957	958
1584	2	956	957	959
1585	5	958	957	959
1586	1	957	959	960
1587	7	959	960	961
1588	2	959	960	962
1589	3	961	960	962
1590	1	960	962	963
1591	7	962	963	964
1592	2	962	963	965
1593	3	964	963	965
1594	1	963	965	966
1595	8	965	966	967
1596	2	965	966	968
1597	4	967	966	968
1598	1	966	968	969
1599	10	968	969	970
1600	2	968	969	971
1601	6	970	969	971
1602	1	969	971	972
1603	7	971	972	973
1604	2	971	972	974
1605	3	973	972	974
1606	1	972	974	975
1607	10	974	975	976
1608	2	974	975	977
1609	6	976	975	977
1610	1	975	977	978
1611	10	977	978	979
1612	2	977	978	980
1613	6	979	978	980
1614	1	978	980	981
1615	8	980	981	982
1616	2	980	981	983
1617	4	982	981	983
1618	1	981	983	984
1619	9	983	984	985
1620	2	983	984	986
1621	5	985	984	986
1622	1	984	986	987
1623	10	986	987	988
1624	2	986	987	989
1625	6	988	987	989
1626	1	987	989	990
1627	7	989	990	991
1628	2	989	990	992
1629	3	991	990	992
1630	1	990	992	993
1631	9	992	993	994
1632	2	992	993	995
1633	5	994	993	995
1634	1	993	995	996
1635	7	995	996	997
1636	2	995	996	998
1637	3	997	996	998
1638	1	996	998	999
1639	8	998	999	1000
1640	2	998	999	1001
1641	4	1000	999	1001
1642	1	999	1001	1002
1643	7	1001	1002	1003
1644	2	1001	1002	1004
1645	3	1003	1002	1004
1646	1	1002	1004	1005
1647	10	1004	1005	1006
1648	2	1004	1005	1007
1649	6	1006	1005	1007
1650	1	1005	1007	1008
1651	8	1007	1008	1009
1652	2	1007	1008	1010
1653	4	1009	1008	1010
1654	1	1008	1010	1011
1655	7	1010	1011	1012
1656	2	1010	1011	1013
1657	3	1012	1011	1013
1658	1	1011	1013	1014
1659	10	1013	1014	1015
1660	2	1013	1014	1016
1661	6	1015	1014	1016
1662	1	1014	1016	1017
1663	10	1016	1017	1018
1664	2	1016	1017	1019
1665	6	1018	1017	1019
1666	1	1017	1019	1020
1667	7	1019	1020	1021
1668	2	1019	1020	1022
1669	3	1021	1020	1022
1670	1	1020	1022	1023
1671	7	1022	1023	1024
1672	2	1022	1023	1025
1673	3	1024	1023	1025
1674	1	1023	1025	1026
1675	7	1025	1026	1027
1676	2	1025	1026	1028
1677	3	1027	1026	1028
1678	1	1026	1028	1029
1679	7	1028	1029	1030
1680	2	1028	1029	1031
1681	3	1030	1029	1031
1682	1	1029	1031	1032
1683	9	1031	1032	1033
1684	2	1031	1032	1034
1685	5	1033	1032	1034
1686	1	1032	1034	1035
1687	8	1034	1035	1036
1688	2	1034	1035	1037
1689	4	1036	1035	1037
1690	1	1035	1037	1038
1691	9	1037	1038	1039
1692	2	1037	1038	1040
1693	5	1039	1038	1040
1694	1	1038	1040	1041
1695	8	1040	1041	1042
1696	2	1040	1041	1043
1697	4	1042	1041	1043
1698	1	1041	1043	1044
1699	7	1043	1044	1045
1700	2	1043	1044	1046
1701	3	1045	1044	1046
1702	1	1044	1046	1047
1703	8	1046	1047	1048
1704	2	1046	1047	1049
1705	4	1048	1047	1049
1706	1	1047	1049	1050
1707	8	1049	1050	1051
1708	2	1049	1050	1052
1709	4	1051	1050	1052
1710	1	1050	1052	1053
1711	8	1052	1053	1054
1712	2	1052	1053	1055
1713	4	1054	1053	1055
1714	1	1053	1055	1056
1715	9	1055	1056	1057
1716	2	1055	1056	1058
1717	5	1057	1056	1058
1718	1	1056	1058	1059
1719	9	1058	1059	1060
1720	2	1058	1059	1061
1721	5	1060	1059	1061
1722	1	1059	1061	1062
1723	7	1061	1062	1063
1724	2	1061	1062	1064
1725	3	1063	1062	1064
1726	1	1062	1064	1065
1727	7	1064	1065	1066
1728	2	1064	1065	1067
1729	3	1066	1065	1067
1730	1	1065	1067	1068
1731	7	1067	1068	1069
1732	2	1067	1068	1070
1733	3	1069	1068	1070
1734	1	1068	1070	1071
1735	10	1070	1071	1072
1736	2	1070	1071	1073
1737	6	1072	1071	1073
1738	1	1071	1073	1074
1739	8	1073	1074	1075
1740	2	1073	1074	1076
1741	4	1075	1074	1076
1742	1	1074	1076	1077
1743	9	1076	1077	1078
1744	2	1076	1077	1079
1745	5	1078	1077	1079
1746	1	1077	1079	1080
1747	10	1079	1080	1081
1748	2	1079	1080	1082
1749	6	1081	1080	1082
1750	1	1080	1082	1083
1751	8	1082	1083	1084
1752	2	1082	1083	1085
1753	4	1084	1083	1085
1754	1	1083	1085	1086
1755	10	1085	1086	1087
1756	2	1085	1086	1088
1757	6	1087	1086	1088
1758	1	1086	1088	1089
1759	10	1088	1089	1090
1760	2	1088	1089	1091
1761	6	1090	1089	1091
1762	1	1089	1091	1092
1763	7	1091	1092	1093
1764	2	1091	1092	1094
1765	3	1093	1092	1094
1766	1	1092	1094	1095
1767	8	1094	1095	1096
1768	2	1094	1095	1097
1769	4	1096	1095	1097
1770	1	1095	1097	1098
1771	10	1097	1098	1099
1772	2	1097	1098	1100
1773	6	1099	1098	1100
1774	1	1098	1100	1101
1775	7	1100	1101	1102
1776	2	1100	1101	1103
1777	3	1102	1101	1103
1778	1	1101	1103	1104
1779	7	1103	1104	1105
1780	2	1103	1104	1106
1781	3	1105	1104	1106
1782	1	1104	1106	1107
1783	7	1106	1107	1108
1784	2	1106	1107	1109
1785	3	1108	1107	1109
1786	1	1107	1109	1110
1787	7	1109	1110	1111
1788	2	1109	1110	1112
1789	3	1111	1110	1112
1790	1	1110	1112	1113
1791	9	1112	1113	1114
1792	2	1112	1113	1115
1793	5	1114	1113	1115
1794	1	1113	1115	1116
1795	9	1115	1116	1117
1796	2	1115	1116	1118
1797	5	1117	1116	1118
1798	1	1116	1118	1119
1799	10	1118	1119	1120
1800	2	1118	1119	1121
1801	6	1120	1119	1121
1802	1	1119	1121	1122
1803	7	1121	1122	1123
1804	2	1121	1122	1124
1805	3	1123	1122	1124
1806	1	1122	1124	1125
1807	8	1124	1125	1126
1808	2	1124	1125	1127
1809	4	1126	1125	1127
1810	1	1125	1127	1128
1811	9	1127	1128	1129
1812	2	1127	1128	1130
1813	5	1129	1128	1130
1814	1	1128	1130	1131
1815	8	1130	1131	1132
1816	2	1130	1131	1133
1817	4	1132	1131	1133
1818	1	1131	1133	1134
1819	8	1133	1134	1135
1820	2	1133	1134	1136
1821	4	1135	1134	1136
1822	1	1134	1136	1137
1823	10	1136	1137	1138
1824	2	1136	1137	1139
1825	6	1138	1137	1139
1826	1	1137	1139	1140
1827	7	1139	1140	1141
1828	2	1139	1140	1142
1829	3	1141	1140	1142
1830	1	1140	1142	1143
1831	9	1142	1143	1144
1832	2	1142	1143	1145
1833	5	1144	1143	1145
1834	1	1143	1145	1146
1835	10	1145	1146	1147
1836	2	1145	1146	1148
1837	6	1147	1146	1148
1838	1	1146	1148	1149
1839	8	1148	1149	1150
1840	2	1148	1149	1151
1841	4	1150	1149	1151
1842	1	1149	1151	1152
1843	9	1151	1152	1153
1844	2	1151	1152	1154
1845	5	1153	1152	1154
1846	1	1152	1154	1155
1847	9	1154	1155	1156
1848	2	1154	1155	1157
1849	5	1156	1155	1157
1850	1	1155	1157	1158
1851	7	1157	1158	1159
1852	2	1157	1158	1160
1853	3	1159	1158	1160
1854	1	1158	1160	1161
1855	7	1160	1161	1162
1856	2	1160	1161	1163
1857	3	1162	1161	1163
1858	1	1161	1163	1164
1859	8	1163	1164	1165
1860	2	1163	1164	1166
1861	4	1165	1164	1166
1862	1	1164	1166	1167
1863	10	1166	1167	1168
1864	2	1166	1167	1169
1865	6	1168	1167	1169
1866	1	1167	1169	1170
1867	10	1169	1170	1171
1868	2	1169	1170	1172
1869	6	1171	1170	1172
1870	1	1170	1172	1173
1871	7	1172	1173	1174
1872	2	1172	1173	1175
1873	3	1174	1173	1175
1874	1	1173	1175	1176
1875	9	1175	1176	1177
1876	2	1175	1176	1178
1877	5	1177	1176	1178
1878	1	1176	1178	1179
1879	10	1178	1179	1180
1880	2	1178	1179	1181
1881	6	1180	1179	1181
1882	1	1179	1181	1182
1883	8	1181	1182	1183
1884	2	1181	1182	1184
1885	4	1183	1182	1184
1886	1	1182	1184	1185
1887	9	1184	1185	1186
1888	2	1184	1185	1187
1889	5	1186	1185	1187
1890	1	1185	1187	1188
1891	7	1187	1188	1189
1892	2	1187	1188	1190
1893	3	1189	1188	1190
1894	1	1188	1190	1191
1895	7	1190	1191	1192
1896	2	1190	1191	1193
1897	3	1192	1191	1193
1898	1	1191	1193	1194
1899	10	1193	1194	1195
1900	2	1193	1194	1196
1901	6	1195	1194	1196
1902	1	1194	1196	1197
1903	7	1196	1197	1198
1904	2	1196	1197	1199
1905	3	1198	1197	1199
1906	1	1197	1199	1200
1907	8	1199	1200	1201
1908	2	1199	1200	1202
1909	4	1201	1200	1202
1910	1	1200	1202	1203
1911	9	1202	1203	1204
1912	2	1202	1203	1205
1913	5	1204	1203	1205
1914	1	1203	1205	1206
1915	10	1205	1206	1207
1916	2	1205	1206	1208
1917	6	1207	1206	1208
1918	1	1206	1208	1209
1919	10	1208	1209	1210
1920	2	1208	1209	1211
1921	6	1210	1209	1211
1922	1	1209	1211	1212
1923	8	1211	1212	1213
1924	2	1211	1212	1214
1925	4	1213	1212	1214
1926	1	1212	1214	1215
1927	8	1214	1215	1216
1928	2	1214	1215	1217
1929	4	1216	1215	1217
1930	1	1215	1217	1218
1931	8	1217	1218	1219
1932	2	1217	1218	1220
1933	4	1219	1218	1220
1934	1	1218	1220	1221
1935	8	1220	1221	1222
1936	2	1220	1221	1223
1937	4	1222	1221	1223
1938	1	1221	1223	1224
1939	9	1223	1224	1225
1940	2	1223	1224	1226
1941	5	1225	1224	1226
1942	1	1224	1226	1227
1943	7	1226	1227	1228
1944	2	1226	1227	1229
1945	3	1228	1227	1229
1946	1	1227	1229	1230
1947	8	1229	1230	1231
1948	2	1229	1230	1232
1949	4	1231	1230	1232
1950	1	1230	1232	1233
1951	9	1232	1233	1234
1952	2	1232	1233	1235
1953	5	1234	1233	1235
1954	1	1233	1235	1236
1955	9	1235	1236	1237
1956	2	1235	1236	1238
1957	5	1237	1236	1238
1958	1	1236	1238	1239
1959	7	1238	1239	1240
1960	2	1238	1239	1241
1961	3	1240	1239	1241
1962	1	1239	1241	1242
1963	9	1241	1242	1243
1964	2	1241	1242	1244
1965	5	1243	1242	1244
1966	1	1242	1244	1245
1967	10	1244	1245	1246
1968	2	1244	1245	1247
1969	6	1246	1245	1247
1970	1	1245	1247	1248
1971	7	1247	1248	1249
1972	2	1247	1248	1250
1973	3	1249	1248	1250
1974	1	1248	1250	1251
1975	9	1250	1251	1252
1976	2	1250	1251	1253
1977	5	1252	1251	1253
1978	1	1251	1253	1254
1979	8	1253	1254	1255
1980	2	1253	1254	1256
1981	4	1255	1254	1256
1982	1	1254	1256	1257
1983	8	1256	1257	1258
1984	2	1256	1257	1259
1985	4	1258	1257	1259
1986	1	1257	1259	1260
1987	8	1259	1260	1261
1988	2	1259	1260	1262
1989	4	1261	1260	1262
1990	1	1260	1262	1263
1991	10	1262	1263	1264
1992	2	1262	1263	1265
1993	6	1264	1263	1265
1994	1	1263	1265	1266
1995	10	1265	1266	1267
1996	2	1265	1266	1268
1997	6	1267	1266	1268
1998	1	1266	1268	1269
1999	7	1268	1269	1270
2000	2	1268	1269	1271
2001	3	1270	1269	1271
2002	1	1269	1271	1272
2003	7	1271	1272	1273
2004	2	1271	1272	1274
2005	3	1273	1272	1274
2006	1	1272	1274	1275
2007	7	1274	1275	1276
2008	2	1274	1275	1277
2009	3	1276	1275	1277
2010	1	1275	1277	1278
2011	8	1277	1278	1279
2012	2	1277	1278	1280
2013	4	1279	1278	1280
2014	1	1278	1280	1281
2015	7	1280	1281	1282
2016	2	1280	1281	1283
2017	3	1282	1281	1283
2018	1	1281	1283	1284
2019	10	1283	1284	1285
2020	2	1283	1284	1286
2021	6	1285	1284	1286
2022	1	1284	1286	1287
2023	7	1286	1287	1288
2024	2	1286	1287	1289
2025	3	1288	1287	1289
2026	1	1287	1289	1290
2027	10	1289	1290	1291
2028	2	1289	1290	1292
2029	6	1291	1290	1292
2030	1	1290	1292	1293
2031	8	1292	1293	1294
2032	2	1292	1293	1295
2033	4	1294	1293	1295
2034	1	1293	1295	1296
2035	8	1295	1296	1297
2036	2	1295	1296	1298
2037	4	1297	1296	1298
2038	1	1296	1298	1299
2039	8	1298	1299	1300
2040	2	1298	1299	1301
2041	4	1300	1299	1301
2042	1	1299	1301	1302
2043	8	1301	1302	1303
2044	2	1301	1302	1304
2045	4	1303	1302	1304
2046	1	1302	1304	1305
2047	9	1304	1305	1306
2048	2	1304	1305	1307
2049	5	1306	1305	1307
2050	1	1305	1307	1308
2051	9	1307	1308	1309
2052	2	1307	1308	1310
2053	5	1309	1308	1310
2054	1	1308	1310	1311
2055	8	1310	1311	1312
2056	2	1310	1311	1313
2057	4	1312	1311	1313
2058	1	1311	1313	1314
2059	7	1313	1314	1315
2060	2	1313	1314	1316
2061	3	1315	1314	1316
2062	1	1314	1316	1317
2063	9	1316	1317	1318
2064	2	1316	1317	1319
2065	5	1318	1317	1319
2066	1	1317	1319	1320
2067	8	1319	1320	1321
2068	2	1319	1320	1322
2069	4	1321	1320	1322
2070	1	1320	1322	1323
2071	7	1322	1323	1324
2072	2	1322	1323	1325
2073	3	1324	1323	1325
2074	1	1323	1325	1326
2075	8	1325	1326	1327
2076	2	1325	1326	1328
2077	4	1327	1326	1328
2078	1	1326	1328	1329
2079	10	1328	1329	1330
2080	2	1328	1329	1331
2081	6	1330	1329	1331
2082	1	1329	1331	1332
2083	8	1331	1332	1333
2084	2	1331	1332	1334
2085	4	1333	1332	1334
2086	1	1332	1334	1335
2087	9	1334	1335	1336
2088	2	1334	1335	1337
2089	5	1336	1335	1337
2090	1	1335	1337	1338
2091	10	1337	1338	1339
2092	2	1337	1338	1340
2093	6	1339	1338	1340
2094	1	1338	1340	1341
2095	7	1340	1341	1342
2096	2	1340	1341	1343
2097	3	1342	1341	1343
2098	1	1341	1343	1344
2099	9	1343	1344	1345
2100	2	1343	1344	1346
2101	5	1345	1344	1346
2102	1	1344	1346	1347
2103	9	1346	1347	1348
2104	2	1346	1347	1349
2105	5	1348	1347	1349
2106	1	1347	1349	1350
2107	8	1349	1350	1351
2108	2	1349	1350	1352
2109	4	1351	1350	1352
2110	1	1350	1352	1353
2111	8	1352	1353	1354
2112	2	1352	1353	1355
2113	4	1354	1353	1355
2114	1	1353	1355	1356
2115	7	1355	1356	1357
2116	2	1355	1356	1358
2117	3	1357	1356	1358
2118	1	1356	1358	1359
2119	10	1358	1359	1360
2120	2	1358	1359	1361
2121	6	1360	1359	1361
2122	1	1359	1361	1362
2123	7	1361	1362	1363
2124	2	1361	1362	1364
2125	3	1363	1362	1364
2126	1	1362	1364	1365
2127	8	1364	1365	1366
2128	2	1364	1365	1367
2129	4	1366	1365	1367
2130	1	1365	1367	1368
2131	10	1367	1368	1369
2132	2	1367	1368	1370
2133	6	1369	1368	1370
2134	1	1368	1370	1371
2135	10	1370	1371	1372
2136	2	1370	1371	1373
2137	6	1372	1371	1373
2138	1	1371	1373	1374
2139	8	1373	1374	1375
2140	2	1373	1374	1376
2141	4	1375	1374	1376
2142	1	1374	1376	1377
2143	9	1376	1377	1378
2144	2	1376	1377	1379
2145	5	1378	1377	1379
2146	1	1377	1379	1380
2147	8	1379	1380	1381
2148	2	1379	1380	1382
2149	4	1381	1380	1382
2150	1	1380	1382	1383
2151	9	1382	1383	1384
2152	2	1382	1383	1385
2153	5	1384	1383	1385
2154	1	1383	1385	1386
2155	10	1385	1386	1387
2156	2	1385	1386	1388
2157	6	1387	1386	1388
2158	1	1386	1388	1389
2159	7	1388	1389	1390
2160	2	1388	1389	1391
2161	3	1390	1389	1391
2162	1	1389	1391	1392
2163	8	1391	1392	1393
2164	2	1391	1392	1394
2165	4	1393	1392	1394
2166	1	1392	1394	1395
2167	9	1394	1395	1396
2168	2	1394	1395	1397
2169	5	1396	1395	1397
2170	1	1395	1397	1398
2171	8	1397	1398	1399
2172	2	1397	1398	1400
2173	4	1399	1398	1400
2174	1	1398	1400	1401
2175	7	1400	1401	1402
2176	2	1400	1401	1403
2177	3	1402	1401	1403
2178	1	1401	1403	1404
2179	7	1403	1404	1405
2180	2	1403	1404	1406
2181	3	1405	1404	1406
2182	1	1404	1406	1407
2183	9	1406	1407	1408
2184	2	1406	1407	1409
2185	5	1408	1407	1409
2186	1	1407	1409	1410
2187	8	1409	1410	1411
2188	2	1409	1410	1412
2189	4	1411	1410	1412
2190	1	1410	1412	1413
2191	7	1412	1413	1414
2192	2	1412	1413	1415
2193	3	1414	1413	1415
2194	1	1413	1415	1416
2195	10	1415	1416	1417
2196	2	1415	1416	1418
2197	6	1417	1416	1418
2198	1	1416	1418	1419
2199	8	1418	1419	1420
2200	2	1418	1419	1421
2201	4	1420	1419	1421
2202	1	1419	1421	1422
2203	9	1421	1422	1423
2204	2	1421	1422	1424
2205	5	1423	1422	1424
2206	1	1422	1424	1425
2207	9	1424	1425	1426
2208	2	1424	1425	1427
2209	5	1426	1425	1427
2210	1	1425	1427	1428
2211	10	1427	1428	1429
2212	2	1427	1428	1430
2213	6	1429	1428	1430
2214	1	1428	1430	1431
2215	10	1430	1431	1432
2216	2	1430	1431	1433
2217	6	1432	1431	1433
2218	1	1431	1433	1434
2219	9	1433	1434	1435
2220	2	1433	1434	1436
2221	5	1435	1434	1436
2222	1	1434	1436	1437
2223	10	1436	1437	1438
2224	2	1436	1437	1439
2225	6	1438	1437	1439
2226	1	1437	1439	1440
2227	10	1439	1440	1441
2228	2	1439	1440	1442
2229	6	1441	1440	1442
2230	1	1440	1442	1443
2231	7	1442	1443	1444
2232	2	1442	1443	1445
2233	3	1444	1443	1445
2234	1	1443	1445	1446
2235	8	1445	1446	1447
2236	2	1445	1446	1448
2237	4	1447	1446	1448
2238	1	1446	1448	1449
2239	9	1448	1449	1450
2240	2	1448	1449	1451
2241	5	1450	1449	1451
2242	1	1449	1451	1452
2243	9	1451	1452	1453
2244	2	1451	1452	1454
2245	5	1453	1452	1454
2246	1	1452	1454	1455
2247	7	1454	1455	1456
2248	2	1454	1455	1457
2249	3	1456	1455	1457
2250	1	1455	1457	1458
2251	9	1457	1458	1459
2252	2	1457	1458	1460
2253	5	1459	1458	1460
2254	1	1458	1460	1461
2255	7	1460	1461	1462
2256	2	1460	1461	1463
2257	3	1462	1461	1463
2258	1	1461	1463	1464
2259	7	1463	1464	1465
2260	2	1463	1464	1466
2261	3	1465	1464	1466
2262	1	1464	1466	1467
2263	8	1466	1467	1468
2264	2	1466	1467	1469
2265	4	1468	1467	1469
2266	1	1467	1469	1470
2267	10	1469	1470	1471
2268	2	1469	1470	1472
2269	6	1471	1470	1472
2270	1	1470	1472	1473
2271	7	1472	1473	1474
2272	2	1472	1473	1475
2273	3	1474	1473	1475
2274	1	1473	1475	1476
2275	10	1475	1476	1477
2276	2	1475	1476	1478
2277	6	1477	1476	1478
2278	1	1476	1478	1479
2279	10	1478	1479	1480
2280	2	1478	1479	1481
2281	6	1480	1479	1481
2282	1	1479	1481	1482
2283	8	1481	1482	1483
2284	2	1481	1482	1484
2285	4	1483	1482	1484
2286	1	1482	1484	1485
2287	9	1484	1485	1486
2288	2	1484	1485	1487
2289	5	1486	1485	1487
2290	1	1485	1487	1488
2291	10	1487	1488	1489
2292	2	1487	1488	1490
2293	6	1489	1488	1490
2294	1	1488	1490	1491
2295	7	1490	1491	1492
2296	2	1490	1491	1493
2297	3	1492	1491	1493
2298	1	1491	1493	1494
2299	9	1493	1494	1495
2300	2	1493	1494	1496
2301	5	1495	1494	1496
2302	1	1494	1496	1497
2303	7	1496	1497	1498
2304	2	1496	1497	1499
2305	3	1498	1497	1499
2306	1	1497	1499	1500
2307	8	1499	1500	1501
2308	2	1499	1500	1502
2309	4	1501	1500	1502
2310	1	1500	1502	1503
2311	7	1502	1503	1504
2312	2	1502	1503	1505
2313	3	1504	1503	1505
2314	1	1503	1505	1506
2315	10	1505	1506	1507
2316	2	1505	1506	1508
2317	6	1507	1506	1508
2318	1	1506	1508	1509
2319	8	1508	1509	1510
2320	2	1508	1509	1511
2321	4	1510	1509	1511
2322	1	1509	1511	1512
2323	7	1511	1512	1513
2324	2	1511	1512	1514
2325	3	1513	1512	1514
2326	1	1512	1514	1515
2327	10	1514	1515	1516
2328	2	1514	1515	1517
2329	6	1516	1515	1517
2330	1	1515	1517	1518
2331	10	1517	1518	1519
2332	2	1517	1518	1520
2333	6	1519	1518	1520
2334	1	1518	1520	1521
2335	7	1520	1521	1522
2336	2	1520	1521	1523
2337	3	1522	1521	1523
2338	1	1521	1523	1524
2339	7	1523	1524	1525
2340	2	1523	1524	1526
2341	3	1525	1524	1526
2342	1	1524	1526	1527
2343	7	1526	1527	1528
2344	2	1526	1527	1529
2345	3	1528	1527	1529
2346	1	1527	1529	1530
2347	7	1529	1530	1531
2348	2	1529	1530	1532
2349	3	1531	1530	1532
2350	1	1530	1532	1533
2351	9	1532	1533	1534
2352	2	1532	1533	1535
2353	5	1534	1533	1535
2354	1	1533	1535	1536
2355	8	1535	1536	1537
2356	2	1535	1536	1538
2357	4	1537	1536	1538
2358	1	1536	1538	1539
2359	9	1538	1539	1540
2360	2	1538	1539	1541
2361	5	1540	1539	1541
2362	1	1539	1541	1542
2363	8	1541	1542	1543
2364	2	1541	1542	1544
2365	4	1543	1542	1544
2366	1	1542	1544	1545
2367	7	1544	1545	1546
2368	2	1544	1545	1547
2369	3	1546	1545	1547
2370	1	1545	1547	1548
2371	8	1547	1548	1549
2372	2	1547	1548	1550
2373	4	1549	1548	1550
2374	1	1548	1550	1551
2375	8	1550	1551	1552
2376	2	1550	1551	1553
2377	4	1552	1551	1553
2378	1	1551	1553	1554
2379	8	1553	1554	1555
2380	2	1553	1554	1556
2381	4	1555	1554	1556
2382	1	1554	1556	1557
2383	9	1556	1557	1558
2384	2	1556	1557	1559
2385	5	1558	1557	1559
2386	1	1557	1559	1560
2387	9	1559	1560	1561
2388	2	1559	1560	1562
2389	5	1561	1560	1562
2390	1	1560	1562	1563
2391	7	1562	1563	1564
2392	2	1562	1563	1565
2393	3	1564	1563	1565
2394	1	1563	1565	1566
2395	7	1565	1566	1567
2396	2	1565	1566	1568
2397	3	1567	1566	1568
2398	1	1566	1568	1569
2399	7	1568	1569	1570
2400	2	1568	1569	1571
2401	3	1570	1569	1571
2402	1	1569	1571	1572
2403	10	1571	1572	1573
2404	2	1571	1572	1574
2405	6	1573	1572	1574
2406	1	1572	1574	1575
2407	8	1574	1575	1576
2408	2	1574	1575	1577
2409	4	1576	1575	1577
2410	1	1575	1577	1578
2411	9	1577	1578	1579
2412	2	1577	1578	1580
2413	5	1579	1578	1580
2414	1	1578	1580	1581
2415	10	1580	1581	1582
2416	2	1580	1581	1583
2417	6	1582	1581	1583
2418	1	1581	1583	1584
2419	8	1583	1584	1585
2420	2	1583	1584	1586
2421	4	1585	1584	1586
2422	1	1584	1586	1587
2423	10	1586	1587	1588
2424	2	1586	1587	1589
2425	6	1588	1587	1589
2426	1	1587	1589	1590
2427	10	1589	1590	1591
2428	2	1589	1590	1592
2429	6	1591	1590	1592
2430	1	1590	1592	1593
2431	7	1592	1593	1594
2432	2	1592	1593	1595
2433	3	1594	1593	1595
2434	1	1593	1595	1596
2435	8	1595	1596	1597
2436	2	1595	1596	1598
2437	4	1597	1596	1598
2438	1	1596	1598	1599
2439	10	1598	1599	1600
2440	2	1598	1599	1601
2441	6	1600	1599	1601
2442	1	1599	1601	1602
2443	7	1601	1602	1603
2444	2	1601	1602	1604
2445	3	1603	1602	1604
2446	1	1602	1604	1605
2447	7	1604	1605	1606
2448	2	1604	1605	1607
2449	3	1606	1605	1607
2450	1	1605	1607	1608
2451	7	1607	1608	1609
2452	2	1607	1608	1610
2453	3	1609	1608	1610
2454	1	1608	1610	1611
2455	7	1610	1611	1612
2456	2	1610	1611	1613
2457	3	1612	1611	1613
2458	1	1611	1613	1614
2459	9	1613	1614	1615
2460	2	1613	1614	1616
2461	5	1615	1614	1616
2462	1	1614	1616	1617
2463	9	1616	1617	1618
2464	2	1616	1617	1619
2465	5	1618	1617	1619
2466	1	1617	1619	1620
2467	10	1619	1620	1621
2468	2	1619	1620	1622
2469	6	1621	1620	1622
2470	1	1620	1622	1623
2471	7	1622	1623	1624
2472	2	1622	1623	1625
2473	3	1624	1623	1625
2474	1	1623	1625	1626
2475	8	1625	1626	1627
2476	2	1625	1626	1628
2477	4	1627	1626	1628
2478	1	1626	1628	1629
2479	9	1628	1629	1630
2480	2	1628	1629	1631
2481	5	1630	1629	1631
2482	1	1629	1631	1632
2483	8	1631	1632	1633
2484	2	1631	1632	1634
2485	4	1633	1632	1634
2486	1	1632	1634	1635
2487	8	1634	1635	1636
2488	2	1634	1635	1637
2489	4	1636	1635	1637
2490	1	1635	1637	1638
2491	10	1637	1638	1639
2492	2	1637	1638	1640
2493	6	1639	1638	1640
2494	1	1638	1640	1641
2495	7	1640	1641	1642
2496	2	1640	1641	1643
2497	3	1642	1641	1643
2498	1	1641	1643	1644
2499	9	1643	1644	1645
2500	2	1643	1644	1646
2501	5	1645	1644	1646
2502	1	1644	1646	1647
2503	10	1646	1647	1648
2504	2	1646	1647	1649
2505	6	1648	1647	1649
2506	1	1647	1649	1650
2507	8	1649	1650	1651
2508	2	1649	1650	1652
2509	4	1651	1650	1652
2510	1	1650	1652	1653
2511	9	1652	1653	1654
2512	2	1652	1653	1655
2513	5	1654	1653	1655
2514	1	1653	1655	1656
2515	9	1655	1656	1657
2516	2	1655	1656	1658
2517	5	1657	1656	1658
2518	1	1656	1658	1659
2519	7	1658	1659	1660
2520	2	1658	1659	1661
2521	3	1660	1659	1661
2522	1	1659	1661	1662
2523	7	1661	1662	1663
2524	2	1661	1662	1664
2525	3	1663	1662	1664
2526	1	1662	1664	1665
2527	8	1664	1665	1666
2528	2	1664	1665	1667
2529	4	1666	1665	1667
2530	1	1665	1667	1668
2531	10	1667	1668	1669
2532	2	1667	1668	1670
2533	6	1669	1668	1670
2534	1	1668	1670	1671
2535	10	1670	1671	1672
2536	2	1670	1671	1673
2537	6	1672	1671	1673
2538	1	1671	1673	1674
2539	7	1673	1674	1675
2540	2	1673	1674	1676
2541	3	1675	1674	1676
2542	1	1674	1676	1677
2543	9	1676	1677	1678
2544	2	1676	1677	1679
2545	5	1678	1677	1679
2546	1	1677	1679	1680
2547	10	1679	1680	1681
2548	2	1679	1680	1682
2549	6	1681	1680	1682
2550	1	1680	1682	1683
2551	8	1682	1683	1684
2552	2	1682	1683	1685
2553	4	1684	1683	1685
2554	1	1683	1685	1686
2555	9	1685	1686	1687
2556	2	1685	1686	1688
2557	5	1687	1686	1688
2558	1	1686	1688	1689
2559	7	1688	1689	1690
2560	2	1688	1689	1691
2561	3	1690	1689	1691
2562	1	1689	1691	1692
2563	7	1691	1692	1693
2564	2	1691	1692	1694
2565	3	1693	1692	1694
2566	1	1692	1694	1695
2567	10	1694	1695	1696
2568	2	1694	1695	1697
2569	6	1696	1695	1697
2570	1	1695	1697	1698
2571	7	1697	1698	1699
2572	2	1697	1698	1700
2573	3	1699	1698	1700
2574	1	1698	1700	1701
2575	8	1700	1701	1702
2576	2	1700	1701	1703
2577	4	1702	1701	1703
2578	1	1701	1703	1704
2579	9	1703	1704	1705
2580	2	1703	1704	1706
2581	5	1705	1704	1706
2582	1	1704	1706	1707
2583	10	1706	1707	1708
2584	2	1706	1707	1709
2585	6	1708	1707	1709
2586	1	1707	1709	1710
2587	10	1709	1710	1711
2588	2	1709	1710	1712
2589	6	1711	1710	1712
2590	1	1710	1712	1713
2591	8	1712	1713	1714
2592	2	1712	1713	1715
2593	4	1714	1713	1715
2594	1	1713	1715	1716
2595	8	1715	1716	1717
2596	2	1715	1716	1718
2597	4	1717	1716	1718
2598	1	1716	1718	1719
2599	8	1718	1719	1720
2600	2	1718	1719	1721
2601	4	1720	1719	1721
2602	1	1719	1721	1722
2603	8	1721	1722	1723
2604	2	1721	1722	1724
2605	4	1723	1722	1724
2606	1	1722	1724	1725
2607	9	1724	1725	1726
2608	2	1724	1725	1727
2609	5	1726	1725	1727
2610	1	1725	1727	1728
2611	7	1727	1728	1729
2612	2	1727	1728	1730
2613	3	1729	1728	1730
2614	1	1728	1730	1731
2615	8	1730	1731	1732
2616	2	1730	1731	1733
2617	4	1732	1731	1733
2618	1	1731	1733	1734
2619	9	1733	1734	1735
2620	2	1733	1734	1736
2621	5	1735	1734	1736
2622	1	1734	1736	1737
2623	9	1736	1737	1738
2624	2	1736	1737	1739
2625	5	1738	1737	1739
2626	1	1737	1739	1740
2627	7	1739	1740	1741
2628	2	1739	1740	1742
2629	3	1741	1740	1742
2630	1	1740	1742	1743
2631	9	1742	1743	1744
2632	2	1742	1743	1745
2633	5	1744	1743	1745
2634	1	1743	1745	1746
2635	10	1745	1746	1747
2636	2	1745	1746	1748
2637	6	1747	1746	1748
2638	1	1746	1748	1749
2639	7	1748	1749	1750
2640	2	1748	1749	1751
2641	3	1750	1749	1751
2642	1	1749	1751	1752
2643	9	1751	1752	1753
2644	2	1751	1752	1754
2645	5	1753	1752	1754
2646	1	1752	1754	1755
2647	8	1754	1755	1756
2648	2	1754	1755	1757
2649	4	1756	1755	1757
2650	1	1755	1757	1758
2651	8	1757	1758	1759
2652	2	1757	1758	1760
2653	4	1759	1758	1760
2654	1	1758	1760	1761
2655	8	1760	1761	1762
2656	2	1760	1761	1763
2657	4	1762	1761	1763
2658	1	1761	1763	1764
2659	10	1763	1764	1765
2660	2	1763	1764	1766
2661	6	1765	1764	1766
2662	1	1764	1766	1767
2663	10	1766	1767	1768
2664	2	1766	1767	1769
2665	6	1768	1767	1769
2666	1	1767	1769	1770
2667	7	1769	1770	1771
2668	2	1769	1770	1772
2669	3	1771	1770	1772
2670	1	1770	1772	1773
2671	7	1772	1773	1774
2672	2	1772	1773	1775
2673	3	1774	1773	1775
2674	1	1773	1775	1776
2675	7	1775	1776	1777
2676	2	1775	1776	1778
2677	3	1777	1776	1778
2678	1	1776	1778	1779
2679	8	1778	1779	1780
2680	2	1778	1779	1781
2681	4	1780	1779	1781
2682	1	1779	1781	1782
2683	7	1781	1782	1783
2684	2	1781	1782	1784
2685	3	1783	1782	1784
2686	1	1782	1784	1785
2687	10	1784	1785	1786
2688	2	1784	1785	1787
2689	6	1786	1785	1787
2690	1	1785	1787	1788
2691	7	1787	1788	1789
2692	2	1787	1788	1790
2693	3	1789	1788	1790
2694	1	1788	1790	1791
2695	10	1790	1791	1792
2696	2	1790	1791	1793
2697	6	1792	1791	1793
2698	1	1791	1793	1794
2699	8	1793	1794	1795
2700	2	1793	1794	1796
2701	4	1795	1794	1796
2702	1	1794	1796	1797
2703	8	1796	1797	1798
2704	2	1796	1797	1799
2705	4	1798	1797	1799
2706	1	1797	1799	1800
2707	8	1799	1800	1801
2708	2	1799	1800	1802
2709	4	1801	1800	1802
2710	1	1800	1802	1803
2711	8	1802	1803	1804
2712	2	1802	1803	1805
2713	4	1804	1803	1805
2714	1	1803	1805	1806
2715	9	1805	1806	1807
2716	2	1805	1806	1808
2717	5	1807	1806	1808
2718	1	1806	1808	1809
2719	9	1808	1809	1810
2720	2	1808	1809	1811
2721	5	1810	1809	1811
2722	1	1809	1811	1812
2723	8	1811	1812	1813
2724	2	1811	1812	1814
2725	4	1813	1812	1814
2726	1	1812	1814	1815
2727	7	1814	1815	1816
2728	2	1814	1815	1817
2729	3	1816	1815	1817
2730	1	1815	1817	1818
2731	9	1817	1818	1819
2732	2	1817	1818	1820
2733	5	1819	1818	1820
2734	1	1818	1820	1821
2735	8	1820	1821	1822
2736	2	1820	1821	1823
2737	4	1822	1821	1823
2738	1	1821	1823	1824
2739	7	1823	1824	1825
2740	2	1823	1824	1826
2741	3	1825	1824	1826
2742	1	1824	1826	1827
2743	8	1826	1827	1828
2744	2	1826	1827	1829
2745	4	1828	1827	1829
2746	1	1827	1829	1830
2747	10	1829	1830	1831
2748	2	1829	1830	1832
2749	6	1831	1830	1832
2750	1	1830	1832	1833
2751	8	1832	1833	1834
2752	2	1832	1833	1835
2753	4	1834	1833	1835
2754	1	1833	1835	1836
2755	9	1835	1836	1837
2756	2	1835	1836	1838
2757	5	1837	1836	1838
2758	1	1836	1838	1839
2759	10	1838	1839	1840
2760	2	1838	1839	1841
2761	6	1840	1839	1841
2762	1	1839	1841	1842
2763	7	1841	1842	1843
2764	2	1841	1842	1844
2765	3	1843	1842	1844
2766	1	1842	1844	1845
2767	9	1844	1845	1846
2768	2	1844	1845	1847
2769	5	1846	1845	1847
2770	1	1845	1847	1848
2771	9	1847	1848	1849
2772	2	1847	1848	1850
2773	5	1849	1848	1850
2774	1	1848	1850	1851
2775	8	1850	1851	1852
2776	2	1850	1851	1853
2777	4	1852	1851	1853
2778	1	1851	1853	1854
2779	8	1853	1854	1855
2780	2	1853	1854	1856
2781	4	1855	1854	1856
2782	1	1854	1856	1857
2783	7	1856	1857	1858
2784	2	1856	1857	1859
2785	3	1858	1857	1859
2786	1	1857	1859	1860
2787	10	1859	1860	1861
2788	2	1859	1860	1862
2789	6	1861	1860	1862
2790	1	1860	1862	1863
2791	7	1862	1863	1864
2792	2	1862	1863	1865
2793	3	1864	1863	1865
2794	1	1863	1865	1866
2795	8	1865	1866	1867
2796	2	1865	1866	1868
2797	4	1867	1866	1868
2798	1	1866	1868	1869
2799	10	1868	1869	1870
2800	2	1868	1869	1871
2801	6	1870	1869	1871
2802	1	1869	1871	1872
2803	10	1871	1872	1873
2804	2	1871	1872	1874
2805	6	1873	1872	1874
2806	1	1872	1874	1875
2807	8	1874	1875	1876
2808	2	1874	1875	1877
2809	4	1876	1875	1877
2810	1	1875	1877	1878
2811	9	1877	1878	1879
2812	2	1877	1878	1880
2813	5	1879	1878	1880
2814	1	1878	1880	1881
2815	8	1880	1881	1882
2816	24	942	943	946
2817	17	945	946	949
2818	21	948	949	952
2819	19	951	952	955
2820	13	954	955	958
2821	19	957	958	961
2822	11	960	961	964
2823	12	963	964	967
2824	18	966	967	970
2825	23	969	970	973
2826	14	972	973	976
2827	26	975	976	979
2828	24	978	979	982
2829	17	981	982	985
2830	22	984	985	988
2831	23	987	988	991
2832	13	990	991	994
2833	19	993	994	997
2834	12	996	997	1000
2835	15	999	1000	1003
2836	14	1002	1003	1006
2837	24	1005	1006	1009
2838	15	1008	1009	1012
2839	14	1011	1012	1015
2840	26	1014	1015	1018
2841	23	1017	1018	1021
2842	11	1020	1021	1024
2843	11	1023	1024	1027
2844	11	1026	1027	1030
2845	13	1029	1030	1033
2846	20	1032	1033	1036
2847	17	1035	1036	1039
2848	20	1038	1039	1042
2849	15	1041	1042	1045
2850	12	1044	1045	1048
2851	16	1047	1048	1051
2852	16	1050	1051	1054
2853	17	1053	1054	1057
2854	21	1056	1057	1060
2855	19	1059	1060	1063
2856	11	1062	1063	1066
2857	11	1065	1066	1069
2858	14	1068	1069	1072
2859	24	1071	1072	1075
2860	17	1074	1075	1078
2861	22	1077	1078	1081
2862	24	1080	1081	1084
2863	18	1083	1084	1087
2864	26	1086	1087	1090
2865	23	1089	1090	1093
2866	12	1092	1093	1096
2867	18	1095	1096	1099
2868	23	1098	1099	1102
2869	11	1101	1102	1105
2870	11	1104	1105	1108
2871	11	1107	1108	1111
2872	13	1110	1111	1114
2873	21	1113	1114	1117
2874	22	1116	1117	1120
2875	23	1119	1120	1123
2876	12	1122	1123	1126
2877	17	1125	1126	1129
2878	20	1128	1129	1132
2879	16	1131	1132	1135
2880	18	1134	1135	1138
2881	23	1137	1138	1141
2882	13	1140	1141	1144
2883	22	1143	1144	1147
2884	24	1146	1147	1150
2885	17	1149	1150	1153
2886	21	1152	1153	1156
2887	19	1155	1156	1159
2888	11	1158	1159	1162
2889	12	1161	1162	1165
2890	18	1164	1165	1168
2891	26	1167	1168	1171
2892	23	1170	1171	1174
2893	13	1173	1174	1177
2894	22	1176	1177	1180
2895	24	1179	1180	1183
2896	17	1182	1183	1186
2897	19	1185	1186	1189
2898	11	1188	1189	1192
2899	14	1191	1192	1195
2900	23	1194	1195	1198
2901	12	1197	1198	1201
2902	17	1200	1201	1204
2903	22	1203	1204	1207
2904	26	1206	1207	1210
2905	24	1209	1210	1213
2906	16	1212	1213	1216
2907	16	1215	1216	1219
2908	16	1218	1219	1222
2909	17	1221	1222	1225
2910	19	1224	1225	1228
2911	12	1227	1228	1231
2912	17	1230	1231	1234
2913	21	1233	1234	1237
2914	19	1236	1237	1240
2915	13	1239	1240	1243
2916	22	1242	1243	1246
2917	23	1245	1246	1249
2918	13	1248	1249	1252
2919	20	1251	1252	1255
2920	16	1254	1255	1258
2921	16	1257	1258	1261
2922	18	1260	1261	1264
2923	26	1263	1264	1267
2924	23	1266	1267	1270
2925	11	1269	1270	1273
2926	11	1272	1273	1276
2927	12	1275	1276	1279
2928	15	1278	1279	1282
2929	14	1281	1282	1285
2930	23	1284	1285	1288
2931	14	1287	1288	1291
2932	24	1290	1291	1294
2933	16	1293	1294	1297
2934	16	1296	1297	1300
2935	16	1299	1300	1303
2936	17	1302	1303	1306
2937	21	1305	1306	1309
2938	20	1308	1309	1312
2939	15	1311	1312	1315
2940	13	1314	1315	1318
2941	20	1317	1318	1321
2942	15	1320	1321	1324
2943	12	1323	1324	1327
2944	18	1326	1327	1330
2945	24	1329	1330	1333
2946	17	1332	1333	1336
2947	22	1335	1336	1339
2948	23	1338	1339	1342
2949	13	1341	1342	1345
2950	21	1344	1345	1348
2951	20	1347	1348	1351
2952	16	1350	1351	1354
2953	15	1353	1354	1357
2954	14	1356	1357	1360
2955	23	1359	1360	1363
2956	12	1362	1363	1366
2957	18	1365	1366	1369
2958	26	1368	1369	1372
2959	24	1371	1372	1375
2960	17	1374	1375	1378
2961	20	1377	1378	1381
2962	17	1380	1381	1384
2963	22	1383	1384	1387
2964	23	1386	1387	1390
2965	12	1389	1390	1393
2966	17	1392	1393	1396
2967	20	1395	1396	1399
2968	15	1398	1399	1402
2969	11	1401	1402	1405
2970	13	1404	1405	1408
2971	20	1407	1408	1411
2972	15	1410	1411	1414
2973	14	1413	1414	1417
2974	24	1416	1417	1420
2975	17	1419	1420	1423
2976	21	1422	1423	1426
2977	22	1425	1426	1429
2978	26	1428	1429	1432
2979	25	1431	1432	1435
2980	22	1434	1435	1438
2981	26	1437	1438	1441
2982	23	1440	1441	1444
2983	12	1443	1444	1447
2984	17	1446	1447	1450
2985	21	1449	1450	1453
2986	19	1452	1453	1456
2987	13	1455	1456	1459
2988	19	1458	1459	1462
2989	11	1461	1462	1465
2990	12	1464	1465	1468
2991	18	1467	1468	1471
2992	23	1470	1471	1474
2993	14	1473	1474	1477
2994	26	1476	1477	1480
2995	24	1479	1480	1483
2996	17	1482	1483	1486
2997	22	1485	1486	1489
2998	23	1488	1489	1492
2999	13	1491	1492	1495
3000	19	1494	1495	1498
3001	12	1497	1498	1501
3002	15	1500	1501	1504
3003	14	1503	1504	1507
3004	24	1506	1507	1510
3005	15	1509	1510	1513
3006	14	1512	1513	1516
3007	26	1515	1516	1519
3008	23	1518	1519	1522
3009	11	1521	1522	1525
3010	11	1524	1525	1528
3011	11	1527	1528	1531
3012	13	1530	1531	1534
3013	20	1533	1534	1537
3014	17	1536	1537	1540
3015	20	1539	1540	1543
3016	15	1542	1543	1546
3017	12	1545	1546	1549
3018	16	1548	1549	1552
3019	16	1551	1552	1555
3020	17	1554	1555	1558
3021	21	1557	1558	1561
3022	19	1560	1561	1564
3023	11	1563	1564	1567
3024	11	1566	1567	1570
3025	14	1569	1570	1573
3026	24	1572	1573	1576
3027	17	1575	1576	1579
3028	22	1578	1579	1582
3029	24	1581	1582	1585
3030	18	1584	1585	1588
3031	26	1587	1588	1591
3032	23	1590	1591	1594
3033	12	1593	1594	1597
3034	18	1596	1597	1600
3035	23	1599	1600	1603
3036	11	1602	1603	1606
3037	11	1605	1606	1609
3038	11	1608	1609	1612
3039	13	1611	1612	1615
3040	21	1614	1615	1618
3041	22	1617	1618	1621
3042	23	1620	1621	1624
3043	12	1623	1624	1627
3044	17	1626	1627	1630
3045	20	1629	1630	1633
3046	16	1632	1633	1636
3047	18	1635	1636	1639
3048	23	1638	1639	1642
3049	13	1641	1642	1645
3050	22	1644	1645	1648
3051	24	1647	1648	1651
3052	17	1650	1651	1654
3053	21	1653	1654	1657
3054	19	1656	1657	1660
3055	11	1659	1660	1663
3056	12	1662	1663	1666
3057	18	1665	1666	1669
3058	26	1668	1669	1672
3059	23	1671	1672	1675
3060	13	1674	1675	1678
3061	22	1677	1678	1681
3062	24	1680	1681	1684
3063	17	1683	1684	1687
3064	19	1686	1687	1690
3065	11	1689	1690	1693
3066	14	1692	1693	1696
3067	23	1695	1696	1699
3068	12	1698	1699	1702
3069	17	1701	1702	1705
3070	22	1704	1705	1708
3071	26	1707	1708	1711
3072	24	1710	1711	1714
3073	16	1713	1714	1717
3074	16	1716	1717	1720
3075	16	1719	1720	1723
3076	17	1722	1723	1726
3077	19	1725	1726	1729
3078	12	1728	1729	1732
3079	17	1731	1732	1735
3080	21	1734	1735	1738
3081	19	1737	1738	1741
3082	13	1740	1741	1744
3083	22	1743	1744	1747
3084	23	1746	1747	1750
3085	13	1749	1750	1753
3086	20	1752	1753	1756
3087	16	1755	1756	1759
3088	16	1758	1759	1762
3089	18	1761	1762	1765
3090	26	1764	1765	1768
3091	23	1767	1768	1771
3092	11	1770	1771	1774
3093	11	1773	1774	1777
3094	12	1776	1777	1780
3095	15	1779	1780	1783
3096	14	1782	1783	1786
3097	23	1785	1786	1789
3098	14	1788	1789	1792
3099	24	1791	1792	1795
3100	16	1794	1795	1798
3101	16	1797	1798	1801
3102	16	1800	1801	1804
3103	17	1803	1804	1807
3104	21	1806	1807	1810
3105	20	1809	1810	1813
3106	15	1812	1813	1816
3107	13	1815	1816	1819
3108	20	1818	1819	1822
3109	15	1821	1822	1825
3110	12	1824	1825	1828
3111	18	1827	1828	1831
3112	24	1830	1831	1834
3113	17	1833	1834	1837
3114	22	1836	1837	1840
3115	23	1839	1840	1843
3116	13	1842	1843	1846
3117	21	1845	1846	1849
3118	20	1848	1849	1852
3119	16	1851	1852	1855
3120	15	1854	1855	1858
3121	14	1857	1858	1861
3122	23	1860	1861	1864
3123	12	1863	1864	1867
3124	18	1866	1867	1870
3125	26	1869	1870	1873
3126	24	1872	1873	1876
3127	17	1875	1876	1879
3128	20	1878	1879	1882
