44	45	46	47	218.7955752	5.9751500000e-01
45	46	47	48	237.2568865	5.9751500000e-01
46	47	48	49	227.2770156	5.9751500000e-01
47	48	49	50	233.1582593	5.9751500000e-01
48	49	50	51	228.6682025	5.9751500000e-01
49	50	51	52	234.199388	5.9751500000e-01
50	51	52	53	225.4629132	5.9751500000e-01
51	52	53	54	230.0232565	5.9751500000e-01
52	53	54	55	221.2390117	5.9751500000e-01
53	54	55	56	236.4736666	5.9751500000e-01
54	55	56	57	231.692824	5.9751500000e-01
55	56	57	58	241.3434702	5.9751500000e-01
56	57	58	59	22.26658394	5.9751500000e-01
57	58	59	60	307.8263584	5.9751500000e-01
58	59	60	61	83.29097562	5.9751500000e-01
59	60	61	62	23.75761894	5.9751500000e-01
60	61	62	63	255.2688491	5.9751500000e-01
61	62	63	64	80.34843189	5.9751500000e-01
62	63	64	65	49.32416264	5.9751500000e-01
63	64	65	66	224.8656265	5.9751500000e-01
64	65	66	67	229.3171937	5.9751500000e-01
65	66	67	68	228.1117829	5.9751500000e-01
66	67	68	69	232.0010498	5.9751500000e-01
67	68	69	70	231.8901676	5.9751500000e-01
68	69	70	71	230.1197309	5.9751500000e-01
69	70	71	72	229.4962385	5.9751500000e-01
70	71	72	73	227.4768684	5.9751500000e-01
71	72	73	74	231.463521	5.9751500000e-01
72	73	74	75	225.9514758	5.9751500000e-01
73	74	75	76	229.6119228	5.9751500000e-01
74	75	76	77	245.3891827	5.9751500000e-01
75	76	77	78	242.9274774	5.9751500000e-01
76	77	78	79	215.3971531	5.9751500000e-01
77	78	79	80	181.270263	5.9751500000e-01
78	79	80	81	45.16359761	5.9751500000e-01
79	80	81	82	205.1745398	5.9751500000e-01
80	81	82	83	338.8071112	5.9751500000e-01
81	82	83	84	27.14797576	5.9751500000e-01
82	83	84	85	35.12068893	5.9751500000e-01
83	84	85	86	55.4732758	5.9751500000e-01
84	85	86	87	59.96104234	5.9751500000e-01
85	86	87	88	233.8032371	5.9751500000e-01
86	87	88	89	241.4643558	5.9751500000e-01
87	88	89	90	223.8421162	5.9751500000e-01
88	89	90	91	229.7334101	5.9751500000e-01
89	90	91	92	232.5320937	5.9751500000e-01
90	91	92	93	229.1266166	5.9751500000e-01
91	92	93	94	227.5660146	5.9751500000e-01
92	93	94	95	229.3586996	5.9751500000e-01
93	94	95	96	224.0091753	5.9751500000e-01
94	95	96	97	229.0776934	5.9751500000e-01
95	96	97	98	225.8804532	5.9751500000e-01
96	97	98	99	229.9189733	5.9751500000e-01
97	98	99	100	230.2976801	5.9751500000e-01
98	99	100	101	224.5160775	5.9751500000e-01
99	100	101	102	231.1372177	5.9751500000e-01
100	101	102	103	226.1731813	5.9751500000e-01
101	102	103	104	232.7147741	5.9751500000e-01
102	103	104	105	232.4510341	5.9751500000e-01
103	104	105	106	235.0908547	5.9751500000e-01
104	105	106	107	221.947655	5.9751500000e-01
105	106	107	108	232.8152225	5.9751500000e-01
106	107	108	109	232.9272497	5.9751500000e-01
107	108	109	110	231.9938577	5.9751500000e-01
108	109	110	111	231.5952436	5.9751500000e-01
109	110	111	112	228.7826607	5.9751500000e-01
110	111	112	113	226.8999944	5.9751500000e-01
111	112	113	114	240.6466229	5.9751500000e-01
112	113	114	115	229.601069	5.9751500000e-01
113	114	115	116	73.83528795	5.9751500000e-01
114	115	116	117	299.9906958	5.9751500000e-01
115	116	117	118	19.94733352	5.9751500000e-01
116	117	118	119	264.8732929	5.9751500000e-01
117	118	119	120	45.59344501	5.9751500000e-01
118	119	120	121	6.15972845	5.9751500000e-01
119	120	121	122	79.79327203	5.9751500000e-01
120	121	122	123	240.2250296	5.9751500000e-01
121	122	123	124	233.3239722	5.9751500000e-01
122	123	124	125	225.7769674	5.9751500000e-01
123	124	125	126	230.1293716	5.9751500000e-01
124	125	126	127	229.0075898	5.9751500000e-01
125	126	127	128	229.5245289	5.9751500000e-01
126	127	128	129	226.8953277	5.9751500000e-01
127	128	129	130	232.0619737	5.9751500000e-01
128	129	130	131	225.1305447	5.9751500000e-01
129	130	131	132	235.8340378	5.9751500000e-01
130	131	132	133	64.17765915	5.9751500000e-01
131	132	133	134	293.8387088	5.9751500000e-01
132	133	134	135	200.1249551	5.9751500000e-01
160	161	162	163	234.1497879	5.9751500000e-01
161	162	163	164	253.1559129	5.9751500000e-01
162	163	164	165	269.4464322	5.9751500000e-01
163	164	165	166	38.24747303	5.9751500000e-01
164	165	166	167	63.85529062	5.9751500000e-01
165	166	167	168	233.0691629	5.9751500000e-01
166	167	168	169	228.8614032	5.9751500000e-01
167	168	169	170	228.8511741	5.9751500000e-01
168	169	170	171	231.8796324	5.9751500000e-01
169	170	171	172	230.4187951	5.9751500000e-01
170	171	172	173	229.8421099	5.9751500000e-01
171	172	173	174	229.9665148	5.9751500000e-01
172	173	174	175	233.4748446	5.9751500000e-01
173	174	175	176	229.7388274	5.9751500000e-01
174	175	176	177	235.9658979	5.9751500000e-01
175	176	177	178	73.313567	5.9751500000e-01
176	177	178	179	332.3311362	5.9751500000e-01
177	178	179	180	0.370181673	5.9751500000e-01
178	179	180	181	209.2827695	5.9751500000e-01
179	180	181	182	20.11634918	5.9751500000e-01
180	181	182	183	51.07385766	5.9751500000e-01
181	182	183	184	59.250657	5.9751500000e-01
182	183	184	185	237.8011458	5.9751500000e-01
183	184	185	186	263.635583	5.9751500000e-01
184	185	186	187	243.0000557	5.9751500000e-01
185	186	187	188	219.775367	5.9751500000e-01
186	187	188	189	234.2924295	5.9751500000e-01
187	188	189	190	229.2817056	5.9751500000e-01
188	189	190	191	233.4927912	5.9751500000e-01
189	190	191	192	230.4311523	5.9751500000e-01
190	191	192	193	225.3717224	5.9751500000e-01
191	192	193	194	230.3938022	5.9751500000e-01
192	193	194	195	232.799491	5.9751500000e-01
193	194	195	196	228.9077357	5.9751500000e-01
194	195	196	197	231.0801633	5.9751500000e-01
195	196	197	198	223.1687605	5.9751500000e-01
196	197	198	199	234.4982745	5.9751500000e-01
197	198	199	200	226.1695063	5.9751500000e-01
198	199	200	201	219.1132104	5.9751500000e-01
199	200	201	202	227.8386359	5.9751500000e-01
200	201	202	203	239.4323487	5.9751500000e-01
201	202	203	204	220.6081245	5.9751500000e-01
202	203	204	205	233.3576662	5.9751500000e-01
203	204	205	206	227.9604517	5.9751500000e-01
204	205	206	207	238.0884117	5.9751500000e-01
205	206	207	208	224.9433509	5.9751500000e-01
206	207	208	209	233.7634847	5.9751500000e-01
207	208	209	210	224.1550306	5.9751500000e-01
208	209	210	211	236.5039328	5.9751500000e-01
209	210	211	212	231.1556835	5.9751500000e-01
210	211	212	213	58.19575385	5.9751500000e-01
211	212	213	214	322.4107779	5.9751500000e-01
212	213	214	215	22.45447644	5.9751500000e-01
213	214	215	216	256.1948467	5.9751500000e-01
214	215	216	217	44.16238893	5.9751500000e-01
215	216	217	218	24.75491148	5.9751500000e-01
216	217	218	219	66.70291303	5.9751500000e-01
217	218	219	220	235.7516382	5.9751500000e-01
218	219	220	221	235.4472494	5.9751500000e-01
219	220	221	222	223.7723268	5.9751500000e-01
220	221	222	223	231.4805142	5.9751500000e-01
221	222	223	224	225.8171869	5.9751500000e-01
222	223	224	225	230.1003474	5.9751500000e-01
223	224	225	226	228.1307131	5.9751500000e-01
224	225	226	227	232.6528516	5.9751500000e-01
225	226	227	228	229.1825201	5.9751500000e-01
226	227	228	229	236.1137771	5.9751500000e-01
227	228	229	230	73.95258684	5.9751500000e-01
228	229	230	231	289.8597848	5.9751500000e-01
229	230	231	232	8.680125439	5.9751500000e-01
230	231	232	233	22.16981687	5.9751500000e-01
231	232	233	234	25.03259585	5.9751500000e-01
232	233	234	235	230.6898048	5.9751500000e-01
233	234	235	236	254.5204371	5.9751500000e-01
234	235	236	237	280.4469955	5.9751500000e-01
258	259	260	261	319.8669225	5.9751500000e-01
259	260	261	262	20.37882831	5.9751500000e-01
260	261	262	263	260.2470957	5.9751500000e-01
261	262	263	264	83.45846686	5.9751500000e-01
262	263	264	265	5.045587313	5.9751500000e-01
263	264	265	266	234.3041778	5.9751500000e-01
264	265	266	267	224.8203765	5.9751500000e-01
265	266	267	268	231.4619432	5.9751500000e-01
266	267	268	269	231.3126495	5.9751500000e-01
267	268	269	270	226.4568305	5.9751500000e-01
268	269	270	271	229.8213692	5.9751500000e-01
269	270	271	272	233.2024712	5.9751500000e-01
270	271	272	273	223.9326866	5.9751500000e-01
271	272	273	274	231.8719843	5.9751500000e-01
272	273	274	275	243.2021102	5.9751500000e-01
273	274	275	276	55.66429933	5.9751500000e-01
274	275	276	277	322.3522536	5.9751500000e-01
275	276	277	278	164.7521599	5.9751500000e-01
276	277	278	279	73.859388	5.9751500000e-01
277	278	279	280	209.7412734	5.9751500000e-01
278	279	280	281	19.49733524	5.9751500000e-01
279	280	281	282	44.99581085	5.9751500000e-01
280	281	282	283	68.55358846	5.9751500000e-01
281	282	283	284	232.2565045	5.9751500000e-01
282	283	284	285	255.4521342	5.9751500000e-01
283	284	285	286	223.2298015	5.9751500000e-01
284	285	286	287	234.0084568	5.9751500000e-01
285	286	287	288	222.7484627	5.9751500000e-01
286	287	288	289	228.2034326	5.9751500000e-01
287	288	289	290	229.4773439	5.9751500000e-01
288	289	290	291	232.0505617	5.9751500000e-01
289	290	291	292	227.6625077	5.9751500000e-01
290	291	292	293	227.6256995	5.9751500000e-01
291	292	293	294	229.5110492	5.9751500000e-01
292	293	294	295	230.5523819	5.9751500000e-01
293	294	295	296	225.9078416	5.9751500000e-01
294	295	296	297	233.4356336	5.9751500000e-01
295	296	297	298	229.7316577	5.9751500000e-01
296	297	298	299	231.7258173	5.9751500000e-01
297	298	299	300	222.8988713	5.9751500000e-01
298	299	300	301	228.962737	5.9751500000e-01
299	300	301	302	233.9969632	5.9751500000e-01
300	301	302	303	218.8718811	5.9751500000e-01
301	302	303	304	231.9571148	5.9751500000e-01
302	303	304	305	230.6822773	5.9751500000e-01
303	304	305	306	233.8136275	5.9751500000e-01
304	305	306	307	229.1127776	5.9751500000e-01
305	306	307	308	230.1008207	5.9751500000e-01
306	307	308	309	227.310059	5.9751500000e-01
307	308	309	310	234.4825629	5.9751500000e-01
308	309	310	311	226.6294781	5.9751500000e-01
309	310	311	312	68.81222632	5.9751500000e-01
310	311	312	313	308.6756813	5.9751500000e-01
311	312	313	314	18.15416735	5.9751500000e-01
312	313	314	315	251.4498456	5.9751500000e-01
313	314	315	316	48.98961014	5.9751500000e-01
314	315	316	317	358.4618058	5.9751500000e-01
315	316	317	318	91.12267574	5.9751500000e-01
316	317	318	319	242.1156294	5.9751500000e-01
317	318	319	320	229.358724	5.9751500000e-01
318	319	320	321	231.7186326	5.9751500000e-01
319	320	321	322	227.2138918	5.9751500000e-01
320	321	322	323	228.704815	5.9751500000e-01
321	322	323	324	230.0927108	5.9751500000e-01
322	323	324	325	221.4243724	5.9751500000e-01
323	324	325	326	225.3802043	5.9751500000e-01
324	325	326	327	231.6912919	5.9751500000e-01
325	326	327	328	258.0212087	5.9751500000e-01
326	327	328	329	30.48606292	5.9751500000e-01
327	328	329	330	220.8796987	5.9751500000e-01
328	329	330	331	225.9911292	5.9751500000e-01
329	330	331	332	236.5704	5.9751500000e-01
330	331	332	333	224.218029	5.9751500000e-01
331	332	333	334	231.1308199	5.9751500000e-01
332	333	334	335	215.3080714	5.9751500000e-01
333	334	335	336	307.6270157	5.9751500000e-01
334	335	336	337	215.718556	5.9751500000e-01
335	336	337	338	280.2937454	5.9751500000e-01
336	337	338	339	29.5870553	5.9751500000e-01
337	338	339	340	29.26929208	5.9751500000e-01
338	339	340	341	56.70203633	5.9751500000e-01
339	340	341	342	189.8392596	5.9751500000e-01
340	341	342	343	299.8571952	5.9751500000e-01
341	342	343	344	14.62663252	5.9751500000e-01
342	343	344	345	103.4522441	5.9751500000e-01
343	344	345	346	93.06243318	5.9751500000e-01
344	345	346	347	78.23112196	5.9751500000e-01
345	346	347	348	331.897734	5.9751500000e-01
346	347	348	349	1.500681794	5.9751500000e-01
347	348	349	350	65.03934546	5.9751500000e-01
348	349	350	351	56.48434154	5.9751500000e-01
349	350	351	352	240.9067801	5.9751500000e-01
401	402	403	404	230.9658368	5.9751500000e-01
402	403	404	405	230.7356625	5.9751500000e-01
403	404	405	406	232.8221544	5.9751500000e-01
404	405	406	407	225.4297108	5.9751500000e-01
405	406	407	408	236.888028	5.9751500000e-01
406	407	408	409	231.5603133	5.9751500000e-01
407	408	409	410	234.5008395	5.9751500000e-01
408	409	410	411	211.1647434	5.9751500000e-01
409	410	411	412	198.5523099	5.9751500000e-01
410	411	412	413	5.130685153	5.9751500000e-01
411	412	413	414	218.5285308	5.9751500000e-01
412	413	414	415	280.1267597	5.9751500000e-01
413	414	415	416	16.01604504	5.9751500000e-01
414	415	416	417	42.66907465	5.9751500000e-01
415	416	417	418	56.35686157	5.9751500000e-01
416	417	418	419	68.13422821	5.9751500000e-01
417	418	419	420	233.6039956	5.9751500000e-01
418	419	420	421	226.4322605	5.9751500000e-01
419	420	421	422	232.4990921	5.9751500000e-01
420	421	422	423	232.2403583	5.9751500000e-01
421	422	423	424	230.6483084	5.9751500000e-01
422	423	424	425	229.1956123	5.9751500000e-01
423	424	425	426	232.8020442	5.9751500000e-01
424	425	426	427	227.6857908	5.9751500000e-01
425	426	427	428	232.6112158	5.9751500000e-01
426	427	428	429	225.0999714	5.9751500000e-01
427	428	429	430	226.7378712	5.9751500000e-01
428	429	430	431	231.013195	5.9751500000e-01
429	430	431	432	223.4472518	5.9751500000e-01
430	431	432	433	234.4054235	5.9751500000e-01
431	432	433	434	223.6733373	5.9751500000e-01
432	433	434	435	230.0667153	5.9751500000e-01
433	434	435	436	221.829167	5.9751500000e-01
434	435	436	437	227.9879983	5.9751500000e-01
435	436	437	438	229.7806778	5.9751500000e-01
436	437	438	439	227.4900171	5.9751500000e-01
437	438	439	440	228.9983231	5.9751500000e-01
438	439	440	441	232.9446205	5.9751500000e-01
439	440	441	442	225.3685711	5.9751500000e-01
440	441	442	443	233.1356725	5.9751500000e-01
441	442	443	444	227.2393602	5.9751500000e-01
442	443	444	445	226.3382683	5.9751500000e-01
443	444	445	446	235.7847144	5.9751500000e-01
444	445	446	447	222.354577	5.9751500000e-01
445	446	447	448	62.44068834	5.9751500000e-01
446	447	448	449	321.856483	5.9751500000e-01
447	448	449	450	19.64823982	5.9751500000e-01
448	449	450	451	256.1562402	5.9751500000e-01
449	450	451	452	29.77317629	5.9751500000e-01
450	451	452	453	357.796895	5.9751500000e-01
451	452	453	454	88.37535207	5.9751500000e-01
452	453	454	455	244.6039923	5.9751500000e-01
453	454	455	456	225.3101349	5.9751500000e-01
454	455	456	457	231.8698646	5.9751500000e-01
455	456	457	458	229.9840339	5.9751500000e-01
456	457	458	459	224.3384831	5.9751500000e-01
457	458	459	460	233.1558103	5.9751500000e-01
458	459	460	461	232.1302957	5.9751500000e-01
459	460	461	462	229.1435507	5.9751500000e-01
460	461	462	463	226.1034405	5.9751500000e-01
461	462	463	464	217.8071811	5.9751500000e-01
462	463	464	465	249.7036992	5.9751500000e-01
463	464	465	466	63.43938753	5.9751500000e-01
464	465	466	467	104.3767077	5.9751500000e-01
465	466	467	468	205.9092016	5.9751500000e-01
466	467	468	469	235.556727	5.9751500000e-01
467	468	469	470	226.8726068	5.9751500000e-01
468	469	470	471	234.1347914	5.9751500000e-01
469	470	471	472	218.4061148	5.9751500000e-01
470	471	472	473	233.4060897	5.9751500000e-01
471	472	473	474	228.4406178	5.9751500000e-01
472	473	474	475	231.3886507	5.9751500000e-01
473	474	475	476	223.5496103	5.9751500000e-01
474	475	476	477	230.0226355	5.9751500000e-01
475	476	477	478	225.2539412	5.9751500000e-01
476	477	478	479	231.2991695	5.9751500000e-01
477	478	479	480	230.0588556	5.9751500000e-01
478	479	480	481	226.195538	5.9751500000e-01
479	480	481	482	231.5119445	5.9751500000e-01
480	481	482	483	224.7072592	5.9751500000e-01
481	482	483	484	233.0633233	5.9751500000e-01
482	483	484	485	225.2226596	5.9751500000e-01
483	484	485	486	250.058271	5.9751500000e-01
484	485	486	487	267.5920759	5.9751500000e-01
531	532	533	534	219.2791083	5.9751500000e-01
532	533	534	535	237.7372096	5.9751500000e-01
533	534	535	536	225.8057743	5.9751500000e-01
534	535	536	537	234.0855713	5.9751500000e-01
535	536	537	538	228.5943553	5.9751500000e-01
536	537	538	539	235.0958269	5.9751500000e-01
537	538	539	540	225.649949	5.9751500000e-01
538	539	540	541	229.5249533	5.9751500000e-01
539	540	541	542	220.6508249	5.9751500000e-01
540	541	542	543	237.0785794	5.9751500000e-01
541	542	543	544	230.9317417	5.9751500000e-01
542	543	544	545	243.8158517	5.9751500000e-01
543	544	545	546	19.78987324	5.9751500000e-01
544	545	546	547	305.2823717	5.9751500000e-01
545	546	547	548	85.026244	5.9751500000e-01
546	547	548	549	25.23344292	5.9751500000e-01
547	548	549	550	255.8211364	5.9751500000e-01
548	549	550	551	78.48710374	5.9751500000e-01
549	550	551	552	49.61340666	5.9751500000e-01
550	551	552	553	223.6494913	5.9751500000e-01
551	552	553	554	231.092288	5.9751500000e-01
552	553	554	555	227.8756162	5.9751500000e-01
553	554	555	556	234.6292351	5.9751500000e-01
554	555	556	557	230.2585025	5.9751500000e-01
555	556	557	558	232.1543587	5.9751500000e-01
556	557	558	559	228.2479553	5.9751500000e-01
557	558	559	560	226.5745694	5.9751500000e-01
558	559	560	561	230.7498776	5.9751500000e-01
559	560	561	562	223.8578547	5.9751500000e-01
560	561	562	563	227.328707	5.9751500000e-01
561	562	563	564	236.6001112	5.9751500000e-01
562	563	564	565	236.5625967	5.9751500000e-01
563	564	565	566	222.350919	5.9751500000e-01
564	565	566	567	179.4446756	5.9751500000e-01
565	566	567	568	45.68180722	5.9751500000e-01
566	567	568	569	211.4829265	5.9751500000e-01
567	568	569	570	332.7724807	5.9751500000e-01
568	569	570	571	18.99568727	5.9751500000e-01
569	570	571	572	37.66151662	5.9751500000e-01
570	571	572	573	52.38122259	5.9751500000e-01
571	572	573	574	55.46873669	5.9751500000e-01
572	573	574	575	235.8090217	5.9751500000e-01
573	574	575	576	241.2268966	5.9751500000e-01
574	575	576	577	224.5958483	5.9751500000e-01
575	576	577	578	229.6890571	5.9751500000e-01
576	577	578	579	233.2305267	5.9751500000e-01
577	578	579	580	227.5464487	5.9751500000e-01
578	579	580	581	228.5128153	5.9751500000e-01
579	580	581	582	228.9922288	5.9751500000e-01
580	581	582	583	223.8683873	5.9751500000e-01
581	582	583	584	230.9939306	5.9751500000e-01
582	583	584	585	225.5153867	5.9751500000e-01
583	584	585	586	229.78505	5.9751500000e-01
584	585	586	587	230.9272567	5.9751500000e-01
585	586	587	588	223.9948309	5.9751500000e-01
586	587	588	589	231.2141657	5.9751500000e-01
587	588	589	590	226.5950411	5.9751500000e-01
588	589	590	591	231.6775338	5.9751500000e-01
589	590	591	592	232.4729804	5.9751500000e-01
590	591	592	593	235.0089469	5.9751500000e-01
591	592	593	594	222.2100563	5.9751500000e-01
592	593	594	595	232.5624377	5.9751500000e-01
593	594	595	596	232.6233775	5.9751500000e-01
594	595	596	597	233.4297295	5.9751500000e-01
595	596	597	598	230.2272416	5.9751500000e-01
596	597	598	599	228.2357363	5.9751500000e-01
597	598	599	600	228.1277387	5.9751500000e-01
598	599	600	601	239.0231723	5.9751500000e-01
599	600	601	602	229.9660001	5.9751500000e-01
600	601	602	603	76.01204061	5.9751500000e-01
601	602	603	604	298.6227825	5.9751500000e-01
602	603	604	605	19.70261525	5.9751500000e-01
603	604	605	606	265.8586116	5.9751500000e-01
604	605	606	607	42.43920114	5.9751500000e-01
605	606	607	608	4.454495124	5.9751500000e-01
606	607	608	609	84.15976725	5.9751500000e-01
607	608	609	610	239.3169665	5.9751500000e-01
608	609	610	611	233.9306222	5.9751500000e-01
609	610	611	612	226.5449771	5.9751500000e-01
610	611	612	613	230.2910637	5.9751500000e-01
611	612	613	614	229.2076468	5.9751500000e-01
612	613	614	615	228.7076379	5.9751500000e-01
613	614	615	616	227.7603373	5.9751500000e-01
614	615	616	617	230.4264077	5.9751500000e-01
615	616	617	618	225.8266279	5.9751500000e-01
616	617	618	619	235.7933709	5.9751500000e-01
617	618	619	620	62.18071945	5.9751500000e-01
618	619	620	621	297.3125432	5.9751500000e-01
619	620	621	622	195.9295922	5.9751500000e-01
647	648	649	650	245.0099987	5.9751500000e-01
648	649	650	651	254.7835066	5.9751500000e-01
649	650	651	652	262.6968582	5.9751500000e-01
650	651	652	653	22.62480697	5.9751500000e-01
651	652	653	654	68.57935519	5.9751500000e-01
652	653	654	655	230.4774911	5.9751500000e-01
653	654	655	656	229.9187438	5.9751500000e-01
654	655	656	657	225.5964083	5.9751500000e-01
655	656	657	658	233.9543619	5.9751500000e-01
656	657	658	659	229.946817	5.9751500000e-01
657	658	659	660	228.1187476	5.9751500000e-01
658	659	660	661	230.0420933	5.9751500000e-01
659	660	661	662	232.9202819	5.9751500000e-01
660	661	662	663	228.3300467	5.9751500000e-01
661	662	663	664	236.49176	5.9751500000e-01
662	663	664	665	71.21992266	5.9751500000e-01
663	664	665	666	331.4678438	5.9751500000e-01
664	665	666	667	1.471461378	5.9751500000e-01
665	666	667	668	208.7806428	5.9751500000e-01
666	667	668	669	16.23572809	5.9751500000e-01
667	668	669	670	50.54347809	5.9751500000e-01
668	669	670	671	64.6669593	5.9751500000e-01
669	670	671	672	238.1573492	5.9751500000e-01
670	671	672	673	264.925487	5.9751500000e-01
671	672	673	674	241.7397914	5.9751500000e-01
672	673	674	675	219.8352125	5.9751500000e-01
673	674	675	676	234.2982899	5.9751500000e-01
674	675	676	677	228.7781504	5.9751500000e-01
675	676	677	678	232.4469777	5.9751500000e-01
676	677	678	679	230.3737979	5.9751500000e-01
677	678	679	680	226.7434693	5.9751500000e-01
678	679	680	681	229.1876125	5.9751500000e-01
679	680	681	682	234.7576116	5.9751500000e-01
680	681	682	683	225.928721	5.9751500000e-01
681	682	683	684	230.4088517	5.9751500000e-01
682	683	684	685	223.0136623	5.9751500000e-01
683	684	685	686	234.6423475	5.9751500000e-01
684	685	686	687	228.2051262	5.9751500000e-01
685	686	687	688	220.1834574	5.9751500000e-01
686	687	688	689	228.1183224	5.9751500000e-01
687	688	689	690	237.9183162	5.9751500000e-01
688	689	690	691	219.7390872	5.9751500000e-01
689	690	691	692	233.8537862	5.9751500000e-01
690	691	692	693	226.3990951	5.9751500000e-01
691	692	693	694	237.3450486	5.9751500000e-01
692	693	694	695	226.1362583	5.9751500000e-01
693	694	695	696	231.3307827	5.9751500000e-01
694	695	696	697	224.2065122	5.9751500000e-01
695	696	697	698	236.4587735	5.9751500000e-01
696	697	698	699	230.1719361	5.9751500000e-01
697	698	699	700	60.05492236	5.9751500000e-01
698	699	700	701	318.0139192	5.9751500000e-01
699	700	701	702	23.7929653	5.9751500000e-01
700	701	702	703	256.6199728	5.9751500000e-01
701	702	703	704	45.58725308	5.9751500000e-01
702	703	704	705	27.83255362	5.9751500000e-01
703	704	705	706	65.00671331	5.9751500000e-01
704	705	706	707	237.0156323	5.9751500000e-01
705	706	707	708	235.2478377	5.9751500000e-01
706	707	708	709	224.8463551	5.9751500000e-01
707	708	709	710	231.6362512	5.9751500000e-01
708	709	710	711	225.4809828	5.9751500000e-01
709	710	711	712	230.3633451	5.9751500000e-01
710	711	712	713	227.9456255	5.9751500000e-01
711	712	713	714	231.475524	5.9751500000e-01
712	713	714	715	233.0076312	5.9751500000e-01
713	714	715	716	231.680162	5.9751500000e-01
714	715	716	717	73.36479467	5.9751500000e-01
715	716	717	718	294.0915304	5.9751500000e-01
716	717	718	719	10.02420366	5.9751500000e-01
717	718	719	720	21.21023116	5.9751500000e-01
718	719	720	721	19.70487069	5.9751500000e-01
719	720	721	722	231.0196199	5.9751500000e-01
720	721	722	723	255.2971576	5.9751500000e-01
721	722	723	724	99.53625402	5.9751500000e-01
745	746	747	748	318.3316311	5.9751500000e-01
746	747	748	749	21.00820946	5.9751500000e-01
747	748	749	750	266.9722969	5.9751500000e-01
748	749	750	751	79.17255374	5.9751500000e-01
749	750	751	752	4.21228519	5.9751500000e-01
750	751	752	753	231.9761491	5.9751500000e-01
751	752	753	754	228.0677337	5.9751500000e-01
752	753	754	755	230.3944569	5.9751500000e-01
753	754	755	756	230.8338824	5.9751500000e-01
754	755	756	757	226.3191982	5.9751500000e-01
755	756	757	758	231.0401696	5.9751500000e-01
756	757	758	759	231.0885479	5.9751500000e-01
757	758	759	760	227.2808403	5.9751500000e-01
758	759	760	761	223.295252	5.9751500000e-01
759	760	761	762	251.5487576	5.9751500000e-01
760	761	762	763	50.64489435	5.9751500000e-01
761	762	763	764	319.6266459	5.9751500000e-01
762	763	764	765	166.3421942	5.9751500000e-01
763	764	765	766	74.25259416	5.9751500000e-01
764	765	766	767	202.4387065	5.9751500000e-01
765	766	767	768	26.47219382	5.9751500000e-01
766	767	768	769	46.97688041	5.9751500000e-01
767	768	769	770	65.79879552	5.9751500000e-01
768	769	770	771	230.9859064	5.9751500000e-01
769	770	771	772	256.8437071	5.9751500000e-01
770	771	772	773	224.4686211	5.9751500000e-01
771	772	773	774	231.8815736	5.9751500000e-01
772	773	774	775	224.4652918	5.9751500000e-01
773	774	775	776	225.4503241	5.9751500000e-01
774	775	776	777	232.3626418	5.9751500000e-01
775	776	777	778	231.8238589	5.9751500000e-01
776	777	778	779	228.0510892	5.9751500000e-01
777	778	779	780	229.3661796	5.9751500000e-01
778	779	780	781	227.2329886	5.9751500000e-01
779	780	781	782	231.1406888	5.9751500000e-01
780	781	782	783	226.9073148	5.9751500000e-01
781	782	783	784	231.9121107	5.9751500000e-01
782	783	784	785	229.4675481	5.9751500000e-01
783	784	785	786	233.4837535	5.9751500000e-01
784	785	786	787	220.496141	5.9751500000e-01
785	786	787	788	230.2657757	5.9751500000e-01
786	787	788	789	233.2296474	5.9751500000e-01
787	788	789	790	221.0392399	5.9751500000e-01
788	789	790	791	228.2888613	5.9751500000e-01
789	790	791	792	232.6796776	5.9751500000e-01
790	791	792	793	230.3678581	5.9751500000e-01
791	792	793	794	230.1453448	5.9751500000e-01
792	793	794	795	229.6779767	5.9751500000e-01
793	794	795	796	230.7197194	5.9751500000e-01
794	795	796	797	232.1748268	5.9751500000e-01
795	796	797	798	231.2464932	5.9751500000e-01
796	797	798	799	73.10564236	5.9751500000e-01
797	798	799	800	303.9716887	5.9751500000e-01
798	799	800	801	16.54987968	5.9751500000e-01
799	800	801	802	252.9481273	5.9751500000e-01
800	801	802	803	47.42064238	5.9751500000e-01
801	802	803	804	358.6706577	5.9751500000e-01
802	803	804	805	91.91546166	5.9751500000e-01
803	804	805	806	242.1794011	5.9751500000e-01
804	805	806	807	229.9581369	5.9751500000e-01
805	806	807	808	230.5758286	5.9751500000e-01
806	807	808	809	227.70636	5.9751500000e-01
807	808	809	810	228.5142066	5.9751500000e-01
808	809	810	811	229.8152374	5.9751500000e-01
809	810	811	812	220.7863675	5.9751500000e-01
810	811	812	813	227.5474268	5.9751500000e-01
811	812	813	814	230.2753853	5.9751500000e-01
812	813	814	815	259.83395	5.9751500000e-01
813	814	815	816	28.15476538	5.9751500000e-01
814	815	816	817	220.2595665	5.9751500000e-01
815	816	817	818	226.0169467	5.9751500000e-01
816	817	818	819	235.6916556	5.9751500000e-01
817	818	819	820	224.5445458	5.9751500000e-01
818	819	820	821	230.9968174	5.9751500000e-01
819	820	821	822	215.6241072	5.9751500000e-01
820	821	822	823	305.7740848	5.9751500000e-01
821	822	823	824	216.713565	5.9751500000e-01
822	823	824	825	280.6779739	5.9751500000e-01
823	824	825	826	30.72081348	5.9751500000e-01
824	825	826	827	28.15340024	5.9751500000e-01
825	826	827	828	54.90318696	5.9751500000e-01
826	827	828	829	189.8068791	5.9751500000e-01
827	828	829	830	301.4884977	5.9751500000e-01
828	829	830	831	15.22686035	5.9751500000e-01
829	830	831	832	102.5891667	5.9751500000e-01
830	831	832	833	90.98042664	5.9751500000e-01
831	832	833	834	79.97916819	5.9751500000e-01
832	833	834	835	330.7172174	5.9751500000e-01
833	834	835	836	1.308284933	5.9751500000e-01
834	835	836	837	65.39878594	5.9751500000e-01
835	836	837	838	53.70491775	5.9751500000e-01
836	837	838	839	243.1398465	5.9751500000e-01
888	889	890	891	230.6675784	5.9751500000e-01
889	890	891	892	234.0284606	5.9751500000e-01
890	891	892	893	231.6291982	5.9751500000e-01
891	892	893	894	228.9154583	5.9751500000e-01
892	893	894	895	237.2656536	5.9751500000e-01
893	894	895	896	233.110659	5.9751500000e-01
894	895	896	897	231.0205048	5.9751500000e-01
895	896	897	898	212.2108776	5.9751500000e-01
896	897	898	899	196.1746883	5.9751500000e-01
897	898	899	900	1.913487895	5.9751500000e-01
898	899	900	901	223.2191241	5.9751500000e-01
899	900	901	902	275.9650333	5.9751500000e-01
900	901	902	903	15.93492917	5.9751500000e-01
901	902	903	904	41.96382254	5.9751500000e-01
902	903	904	905	56.80817915	5.9751500000e-01
903	904	905	906	67.99238622	5.9751500000e-01
904	905	906	907	231.1337748	5.9751500000e-01
905	906	907	908	228.1040645	5.9751500000e-01
906	907	908	909	232.6554871	5.9751500000e-01
907	908	909	910	233.1543867	5.9751500000e-01
908	909	910	911	232.8063208	5.9751500000e-01
909	910	911	912	228.2820016	5.9751500000e-01
910	911	912	913	231.4127382	5.9751500000e-01
911	912	913	914	228.1504904	5.9751500000e-01
912	913	914	915	233.4882564	5.9751500000e-01
913	914	915	916	223.7046033	5.9751500000e-01
914	915	916	917	230.0202858	5.9751500000e-01
915	916	917	918	230.1339461	5.9751500000e-01
916	917	918	919	224.3271292	5.9751500000e-01
917	918	919	920	234.741849	5.9751500000e-01
918	919	920	921	225.85646	5.9751500000e-01
919	920	921	922	227.6267884	5.9751500000e-01
920	921	922	923	223.0488155	5.9751500000e-01
921	922	923	924	225.6627718	5.9751500000e-01
922	923	924	925	230.6965754	5.9751500000e-01
923	924	925	926	226.7745985	5.9751500000e-01
924	925	926	927	230.1989339	5.9751500000e-01
925	926	927	928	233.2206261	5.9751500000e-01
926	927	928	929	224.9171217	5.9751500000e-01
927	928	929	930	235.5312653	5.9751500000e-01
928	929	930	931	223.9845311	5.9751500000e-01
929	930	931	932	229.6916303	5.9751500000e-01
930	931	932	933	233.3576227	5.9751500000e-01
931	932	933	934	224.4377862	5.9751500000e-01
932	933	934	935	64.1876655	5.9751500000e-01
933	934	935	936	321.8486346	5.9751500000e-01
934	935	936	937	20.78984261	5.9751500000e-01
935	936	937	938	258.9670115	5.9751500000e-01
936	937	938	939	27.40217398	5.9751500000e-01
937	938	939	940	353.2109562	5.9751500000e-01
938	939	940	941	90.56113717	5.9751500000e-01
939	940	941	942	244.2561126	5.9751500000e-01
940	941	942	943	226.0219846	5.9751500000e-01
941	942	943	944	231.7442627	5.9751500000e-01
942	943	944	945	228.9802812	5.9751500000e-01
943	944	945	946	223.8269166	5.9751500000e-01
944	945	946	947	233.1407181	5.9751500000e-01
945	946	947	948	231.1303978	5.9751500000e-01
946	947	948	949	230.8481155	5.9751500000e-01
947	948	949	950	225.1592546	5.9751500000e-01
948	949	950	951	218.6281066	5.9751500000e-01
949	950	951	952	249.370415	5.9751500000e-01
950	951	952	953	68.07903026	5.9751500000e-01
951	952	953	954	99.37928647	5.9751500000e-01
952	953	954	955	207.361228	5.9751500000e-01
953	954	955	956	236.9561802	5.9751500000e-01
954	955	956	957	229.267936	5.9751500000e-01
955	956	957	958	233.5311934	5.9751500000e-01
956	957	958	959	220.0926357	5.9751500000e-01
957	958	959	960	233.1200382	5.9751500000e-01
958	959	960	961	226.4232963	5.9751500000e-01
959	960	961	962	231.1420546	5.9751500000e-01
960	961	962	963	225.797334	5.9751500000e-01
961	962	963	964	229.0100296	5.9751500000e-01
962	963	964	965	228.3212024	5.9751500000e-01
963	964	965	966	232.2233883	5.9751500000e-01
964	965	966	967	228.6902936	5.9751500000e-01
965	966	967	968	228.8909466	5.9751500000e-01
966	967	968	969	227.8965018	5.9751500000e-01
967	968	969	970	223.9661099	5.9751500000e-01
968	969	970	971	230.2037933	5.9751500000e-01
969	970	971	972	228.2714895	5.9751500000e-01
970	971	972	973	228.9601291	5.9751500000e-01
971	972	973	974	291.3795332	5.9751500000e-01
1018	1019	1020	1021	218.7977305	5.9751500000e-01
1019	1020	1021	1022	237.2566611	5.9751500000e-01
1020	1021	1022	1023	227.2552118	5.9751500000e-01
1021	1022	1023	1024	233.169645	5.9751500000e-01
1022	1023	1024	1025	228.6589746	5.9751500000e-01
1023	1024	1025	1026	234.2104728	5.9751500000e-01
1024	1025	1026	1027	225.4699052	5.9751500000e-01
1025	1026	1027	1028	230.0239076	5.9751500000e-01
1026	1027	1028	1029	221.2294943	5.9751500000e-01
1027	1028	1029	1030	236.4873845	5.9751500000e-01
1028	1029	1030	1031	231.681032	5.9751500000e-01
1029	1030	1031	1032	241.362378	5.9751500000e-01
1030	1031	1032	1033	22.27826727	5.9751500000e-01
1031	1032	1033	1034	307.8278343	5.9751500000e-01
1032	1033	1034	1035	83.27555884	5.9751500000e-01
1033	1034	1035	1036	23.76315879	5.9751500000e-01
1034	1035	1036	1037	255.276757	5.9751500000e-01
1035	1036	1037	1038	80.34045833	5.9751500000e-01
1036	1037	1038	1039	49.31512952	5.9751500000e-01
1037	1038	1039	1040	224.8804514	5.9751500000e-01
1038	1039	1040	1041	229.3165136	5.9751500000e-01
1039	1040	1041	1042	228.1054192	5.9751500000e-01
1040	1041	1042	1043	232.0180675	5.9751500000e-01
1041	1042	1043	1044	231.8859743	5.9751500000e-01
1042	1043	1044	1045	230.1129753	5.9751500000e-01
1043	1044	1045	1046	229.5005455	5.9751500000e-01
1044	1045	1046	1047	227.4689926	5.9751500000e-01
1045	1046	1047	1048	231.4714006	5.9751500000e-01
1046	1047	1048	1049	225.9452263	5.9751500000e-01
1047	1048	1049	1050	229.6201054	5.9751500000e-01
1048	1049	1050	1051	245.3705194	5.9751500000e-01
1049	1050	1051	1052	242.9154117	5.9751500000e-01
1050	1051	1052	1053	215.4169059	5.9751500000e-01
1051	1052	1053	1054	181.2718803	5.9751500000e-01
1052	1053	1054	1055	45.16439887	5.9751500000e-01
1053	1054	1055	1056	205.154487	5.9751500000e-01
1054	1055	1056	1057	338.8027852	5.9751500000e-01
1055	1056	1057	1058	27.14489398	5.9751500000e-01
1056	1057	1058	1059	35.13426146	5.9751500000e-01
1057	1058	1059	1060	55.46400844	5.9751500000e-01
1058	1059	1060	1061	59.95237837	5.9751500000e-01
1059	1060	1061	1062	233.8204636	5.9751500000e-01
1060	1061	1062	1063	241.4529914	5.9751500000e-01
1061	1062	1063	1064	223.8430136	5.9751500000e-01
1062	1063	1064	1065	229.7321744	5.9751500000e-01
1063	1064	1065	1066	232.5358234	5.9751500000e-01
1064	1065	1066	1067	229.1320816	5.9751500000e-01
1065	1066	1067	1068	227.5524755	5.9751500000e-01
1066	1067	1068	1069	229.3715915	5.9751500000e-01
1067	1068	1069	1070	224.0331548	5.9751500000e-01
1068	1069	1070	1071	229.059742	5.9751500000e-01
1069	1070	1071	1072	225.87526	5.9751500000e-01
1070	1071	1072	1073	229.9349367	5.9751500000e-01
1071	1072	1073	1074	230.3040563	5.9751500000e-01
1072	1073	1074	1075	224.5025256	5.9751500000e-01
1073	1074	1075	1076	231.1357406	5.9751500000e-01
1074	1075	1076	1077	226.1710832	5.9751500000e-01
1075	1076	1077	1078	232.7158831	5.9751500000e-01
1076	1077	1078	1079	232.4434759	5.9751500000e-01
1077	1078	1079	1080	235.0980326	5.9751500000e-01
1078	1079	1080	1081	221.9444769	5.9751500000e-01
1079	1080	1081	1082	232.8006346	5.9751500000e-01
1080	1081	1082	1083	232.9299872	5.9751500000e-01
1081	1082	1083	1084	231.9907945	5.9751500000e-01
1082	1083	1084	1085	231.5903889	5.9751500000e-01
1083	1084	1085	1086	228.7706054	5.9751500000e-01
1084	1085	1086	1087	226.9145038	5.9751500000e-01
1085	1086	1087	1088	240.6155164	5.9751500000e-01
1086	1087	1088	1089	229.6150724	5.9751500000e-01
1087	1088	1089	1090	73.80298822	5.9751500000e-01
1088	1089	1090	1091	300.0035596	5.9751500000e-01
1089	1090	1091	1092	19.95326946	5.9751500000e-01
1090	1091	1092	1093	264.8777768	5.9751500000e-01
1091	1092	1093	1094	45.61088412	5.9751500000e-01
1092	1093	1094	1095	6.183585612	5.9751500000e-01
1093	1094	1095	1096	79.76243281	5.9751500000e-01
1094	1095	1096	1097	240.2076486	5.9751500000e-01
1095	1096	1097	1098	233.3459344	5.9751500000e-01
1096	1097	1098	1099	225.7702265	5.9751500000e-01
1097	1098	1099	1100	230.1633049	5.9751500000e-01
1098	1099	1100	1101	228.986341	5.9751500000e-01
1099	1100	1101	1102	229.5346949	5.9751500000e-01
1100	1101	1102	1103	226.8825017	5.9751500000e-01
1101	1102	1103	1104	232.0624875	5.9751500000e-01
1102	1103	1104	1105	225.1458743	5.9751500000e-01
1103	1104	1105	1106	235.8240207	5.9751500000e-01
1104	1105	1106	1107	64.17872675	5.9751500000e-01
1105	1106	1107	1108	293.8162125	5.9751500000e-01
1106	1107	1108	1109	200.1330047	5.9751500000e-01
1134	1135	1136	1137	234.1504662	5.9751500000e-01
1135	1136	1137	1138	253.1548999	5.9751500000e-01
1136	1137	1138	1139	269.4469024	5.9751500000e-01
1137	1138	1139	1140	38.2466526	5.9751500000e-01
1138	1139	1140	1141	63.85928915	5.9751500000e-01
1139	1140	1141	1142	233.0648712	5.9751500000e-01
1140	1141	1142	1143	228.8757363	5.9751500000e-01
1141	1142	1143	1144	228.8390063	5.9751500000e-01
1142	1143	1144	1145	231.8803962	5.9751500000e-01
1143	1144	1145	1146	230.4169737	5.9751500000e-01
1144	1145	1146	1147	229.8321936	5.9751500000e-01
1145	1146	1147	1148	229.966518	5.9751500000e-01
1146	1147	1148	1149	233.5008658	5.9751500000e-01
1147	1148	1149	1150	229.7190578	5.9751500000e-01
1148	1149	1150	1151	235.989606	5.9751500000e-01
1149	1150	1151	1152	73.32373462	5.9751500000e-01
1150	1151	1152	1153	332.3104673	5.9751500000e-01
1151	1152	1153	1154	0.3714557237	5.9751500000e-01
1152	1153	1154	1155	209.2957915	5.9751500000e-01
1153	1154	1155	1156	20.12054985	5.9751500000e-01
1154	1155	1156	1157	51.06036641	5.9751500000e-01
1155	1156	1157	1158	59.25971936	5.9751500000e-01
1156	1157	1158	1159	237.8112927	5.9751500000e-01
1157	1158	1159	1160	263.6497036	5.9751500000e-01
1158	1159	1160	1161	242.9865283	5.9751500000e-01
1159	1160	1161	1162	219.7736417	5.9751500000e-01
1160	1161	1162	1163	234.2948754	5.9751500000e-01
1161	1162	1163	1164	229.2688369	5.9751500000e-01
1162	1163	1164	1165	233.5067651	5.9751500000e-01
1163	1164	1165	1166	230.4190727	5.9751500000e-01
1164	1165	1166	1167	225.3851206	5.9751500000e-01
1165	1166	1167	1168	230.3871345	5.9751500000e-01
1166	1167	1168	1169	232.8124624	5.9751500000e-01
1167	1168	1169	1170	228.9317777	5.9751500000e-01
1168	1169	1170	1171	231.0752538	5.9751500000e-01
1169	1170	1171	1172	223.1599659	5.9751500000e-01
1170	1171	1172	1173	234.5013197	5.9751500000e-01
1171	1172	1173	1174	226.1505272	5.9751500000e-01
1172	1173	1174	1175	219.1285968	5.9751500000e-01
1173	1174	1175	1176	227.8253514	5.9751500000e-01
1174	1175	1176	1177	239.4263089	5.9751500000e-01
1175	1176	1177	1178	220.6128187	5.9751500000e-01
1176	1177	1178	1179	233.3414186	5.9751500000e-01
1177	1178	1179	1180	227.9668566	5.9751500000e-01
1178	1179	1180	1181	238.0877557	5.9751500000e-01
1179	1180	1181	1182	224.9458982	5.9751500000e-01
1180	1181	1182	1183	233.7653859	5.9751500000e-01
1181	1182	1183	1184	224.1547495	5.9751500000e-01
1182	1183	1184	1185	236.4872132	5.9751500000e-01
1183	1184	1185	1186	231.1609823	5.9751500000e-01
1184	1185	1186	1187	58.18502383	5.9751500000e-01
1185	1186	1187	1188	322.3983774	5.9751500000e-01
1186	1187	1188	1189	22.44502295	5.9751500000e-01
1187	1188	1189	1190	256.2015641	5.9751500000e-01
1188	1189	1190	1191	44.14665701	5.9751500000e-01
1189	1190	1191	1192	24.7602736	5.9751500000e-01
1190	1191	1192	1193	66.71639237	5.9751500000e-01
1191	1192	1193	1194	235.7650962	5.9751500000e-01
1192	1193	1194	1195	235.4468668	5.9751500000e-01
1193	1194	1195	1196	223.7677956	5.9751500000e-01
1194	1195	1196	1197	231.4772695	5.9751500000e-01
1195	1196	1197	1198	225.8090458	5.9751500000e-01
1196	1197	1198	1199	230.1064588	5.9751500000e-01
1197	1198	1199	1200	228.1248347	5.9751500000e-01
1198	1199	1200	1201	232.6778305	5.9751500000e-01
1199	1200	1201	1202	229.1539214	5.9751500000e-01
1200	1201	1202	1203	236.1229865	5.9751500000e-01
1201	1202	1203	1204	73.93217143	5.9751500000e-01
1202	1203	1204	1205	289.8429346	5.9751500000e-01
1203	1204	1205	1206	8.677546043	5.9751500000e-01
1204	1205	1206	1207	22.16661716	5.9751500000e-01
1205	1206	1207	1208	25.02304475	5.9751500000e-01
1206	1207	1208	1209	230.719097	5.9751500000e-01
1207	1208	1209	1210	254.5167384	5.9751500000e-01
1208	1209	1210	1211	280.4640227	5.9751500000e-01
1232	1233	1234	1235	319.8452203	5.9751500000e-01
1233	1234	1235	1236	20.37301451	5.9751500000e-01
1234	1235	1236	1237	260.2666444	5.9751500000e-01
1235	1236	1237	1238	83.44952494	5.9751500000e-01
1236	1237	1238	1239	5.072269555	5.9751500000e-01
1237	1238	1239	1240	234.2975452	5.9751500000e-01
1238	1239	1240	1241	224.8452288	5.9751500000e-01
1239	1240	1241	1242	231.4589098	5.9751500000e-01
1240	1241	1242	1243	231.3317753	5.9751500000e-01
1241	1242	1243	1244	226.4476265	5.9751500000e-01
1242	1243	1244	1245	229.8075449	5.9751500000e-01
1243	1244	1245	1246	233.2236371	5.9751500000e-01
1244	1245	1246	1247	223.9191499	5.9751500000e-01
1245	1246	1247	1248	231.8776587	5.9751500000e-01
1246	1247	1248	1249	243.2137004	5.9751500000e-01
1247	1248	1249	1250	55.66730887	5.9751500000e-01
1248	1249	1250	1251	322.3502392	5.9751500000e-01
1249	1250	1251	1252	164.7358362	5.9751500000e-01
1250	1251	1252	1253	73.86622247	5.9751500000e-01
1251	1252	1253	1254	209.7248314	5.9751500000e-01
1252	1253	1254	1255	19.49926441	5.9751500000e-01
1253	1254	1255	1256	45.01169878	5.9751500000e-01
1254	1255	1256	1257	68.5376059	5.9751500000e-01
1255	1256	1257	1258	232.2762341	5.9751500000e-01
1256	1257	1258	1259	255.4382655	5.9751500000e-01
1257	1258	1259	1260	223.2239747	5.9751500000e-01
1258	1259	1260	1261	234.0130921	5.9751500000e-01
1259	1260	1261	1262	222.7432169	5.9751500000e-01
1260	1261	1262	1263	228.2146644	5.9751500000e-01
1261	1262	1263	1264	229.4923056	5.9751500000e-01
1262	1263	1264	1265	232.0406595	5.9751500000e-01
1263	1264	1265	1266	227.6670041	5.9751500000e-01
1264	1265	1266	1267	227.6243742	5.9751500000e-01
1265	1266	1267	1268	229.5066909	5.9751500000e-01
1266	1267	1268	1269	230.5549296	5.9751500000e-01
1267	1268	1269	1270	225.9077172	5.9751500000e-01
1268	1269	1270	1271	233.4274949	5.9751500000e-01
1269	1270	1271	1272	229.7378184	5.9751500000e-01
1270	1271	1272	1273	231.7311548	5.9751500000e-01
1271	1272	1273	1274	222.9064185	5.9751500000e-01
1272	1273	1274	1275	228.958307	5.9751500000e-01
1273	1274	1275	1276	233.9916318	5.9751500000e-01
1274	1275	1276	1277	218.8853351	5.9751500000e-01
1275	1276	1277	1278	231.9492489	5.9751500000e-01
1276	1277	1278	1279	230.6923488	5.9751500000e-01
1277	1278	1279	1280	233.8027752	5.9751500000e-01
1278	1279	1280	1281	229.1077221	5.9751500000e-01
1279	1280	1281	1282	230.1066497	5.9751500000e-01
1280	1281	1282	1283	227.2939682	5.9751500000e-01
1281	1282	1283	1284	234.4772848	5.9751500000e-01
1282	1283	1284	1285	226.6243944	5.9751500000e-01
1283	1284	1285	1286	68.80760669	5.9751500000e-01
1284	1285	1286	1287	308.6695232	5.9751500000e-01
1285	1286	1287	1288	18.15584082	5.9751500000e-01
1286	1287	1288	1289	251.4421523	5.9751500000e-01
1287	1288	1289	1290	48.97360816	5.9751500000e-01
1288	1289	1290	1291	358.4545408	5.9751500000e-01
1289	1290	1291	1292	91.16122881	5.9751500000e-01
1290	1291	1292	1293	242.1168359	5.9751500000e-01
1291	1292	1293	1294	229.3619473	5.9751500000e-01
1292	1293	1294	1295	231.7309008	5.9751500000e-01
1293	1294	1295	1296	227.2106112	5.9751500000e-01
1294	1295	1296	1297	228.719011	5.9751500000e-01
1295	1296	1297	1298	230.101692	5.9751500000e-01
1296	1297	1298	1299	221.4112899	5.9751500000e-01
1297	1298	1299	1300	225.3803481	5.9751500000e-01
1298	1299	1300	1301	231.6926979	5.9751500000e-01
1299	1300	1301	1302	258.0093872	5.9751500000e-01
1300	1301	1302	1303	30.48718957	5.9751500000e-01
1301	1302	1303	1304	220.887652	5.9751500000e-01
1302	1303	1304	1305	225.9914038	5.9751500000e-01
1303	1304	1305	1306	236.5812782	5.9751500000e-01
1304	1305	1306	1307	224.2054606	5.9751500000e-01
1305	1306	1307	1308	231.1454023	5.9751500000e-01
1306	1307	1308	1309	215.2956167	5.9751500000e-01
1307	1308	1309	1310	307.6430496	5.9751500000e-01
1308	1309	1310	1311	215.717273	5.9751500000e-01
1309	1310	1311	1312	280.3209227	5.9751500000e-01
1310	1311	1312	1313	29.56775213	5.9751500000e-01
1311	1312	1313	1314	29.26359898	5.9751500000e-01
1312	1313	1314	1315	56.68368575	5.9751500000e-01
1313	1314	1315	1316	189.8341437	5.9751500000e-01
1314	1315	1316	1317	299.8424217	5.9751500000e-01
1315	1316	1317	1318	14.63645532	5.9751500000e-01
1316	1317	1318	1319	103.4475968	5.9751500000e-01
1317	1318	1319	1320	93.06972532	5.9751500000e-01
1318	1319	1320	1321	78.24322973	5.9751500000e-01
1319	1320	1321	1322	331.8821431	5.9751500000e-01
1320	1321	1322	1323	1.504786776	5.9751500000e-01
1321	1322	1323	1324	65.06632101	5.9751500000e-01
1322	1323	1324	1325	56.47117693	5.9751500000e-01
1323	1324	1325	1326	240.8987748	5.9751500000e-01
1375	1376	1377	1378	230.9496427	5.9751500000e-01
1376	1377	1378	1379	230.7391524	5.9751500000e-01
1377	1378	1379	1380	232.8194285	5.9751500000e-01
1378	1379	1380	1381	225.4305342	5.9751500000e-01
1379	1380	1381	1382	236.8926359	5.9751500000e-01
1380	1381	1382	1383	231.5798455	5.9751500000e-01
1381	1382	1383	1384	234.4998276	5.9751500000e-01
1382	1383	1384	1385	211.1640991	5.9751500000e-01
1383	1384	1385	1386	198.5593213	5.9751500000e-01
1384	1385	1386	1387	5.133927346	5.9751500000e-01
1385	1386	1387	1388	218.5315217	5.9751500000e-01
1386	1387	1388	1389	280.1386719	5.9751500000e-01
1387	1388	1389	1390	16.02867775	5.9751500000e-01
1388	1389	1390	1391	42.66079958	5.9751500000e-01
1389	1390	1391	1392	56.34097324	5.9751500000e-01
1390	1391	1392	1393	68.13442525	5.9751500000e-01
1391	1392	1393	1394	233.6068582	5.9751500000e-01
1392	1393	1394	1395	226.4178707	5.9751500000e-01
1393	1394	1395	1396	232.513309	5.9751500000e-01
1394	1395	1396	1397	232.2448545	5.9751500000e-01
1395	1396	1397	1398	230.6407522	5.9751500000e-01
1396	1397	1398	1399	229.1960132	5.9751500000e-01
1397	1398	1399	1400	232.7991143	5.9751500000e-01
1398	1399	1400	1401	227.6690869	5.9751500000e-01
1399	1400	1401	1402	232.6027684	5.9751500000e-01
1400	1401	1402	1403	225.1037965	5.9751500000e-01
1401	1402	1403	1404	226.7198256	5.9751500000e-01
1402	1403	1404	1405	231.0207614	5.9751500000e-01
1403	1404	1405	1406	223.4547354	5.9751500000e-01
1404	1405	1406	1407	234.3932682	5.9751500000e-01
1405	1406	1407	1408	223.6727361	5.9751500000e-01
1406	1407	1408	1409	230.0716621	5.9751500000e-01
1407	1408	1409	1410	221.8079263	5.9751500000e-01
1408	1409	1410	1411	227.995714	5.9751500000e-01
1409	1410	1411	1412	229.7833498	5.9751500000e-01
1410	1411	1412	1413	227.4875804	5.9751500000e-01
1411	1412	1413	1414	229.0127615	5.9751500000e-01
1412	1413	1414	1415	232.9212723	5.9751500000e-01
1413	1414	1415	1416	225.3881349	5.9751500000e-01
1414	1415	1416	1417	233.1147926	5.9751500000e-01
1415	1416	1417	1418	227.2657252	5.9751500000e-01
1416	1417	1418	1419	226.3308871	5.9751500000e-01
1417	1418	1419	1420	235.7898633	5.9751500000e-01
1418	1419	1420	1421	222.3632237	5.9751500000e-01
1419	1420	1421	1422	62.43377224	5.9751500000e-01
1420	1421	1422	1423	321.8811144	5.9751500000e-01
1421	1422	1423	1424	19.64058125	5.9751500000e-01
1422	1423	1424	1425	256.1143463	5.9751500000e-01
1423	1424	1425	1426	29.75958986	5.9751500000e-01
1424	1425	1426	1427	357.7831955	5.9751500000e-01
1425	1426	1427	1428	88.40279545	5.9751500000e-01
1426	1427	1428	1429	244.6028713	5.9751500000e-01
1427	1428	1429	1430	225.3067338	5.9751500000e-01
1428	1429	1430	1431	231.8733554	5.9751500000e-01
1429	1430	1431	1432	229.9818623	5.9751500000e-01
1430	1431	1432	1433	224.3552833	5.9751500000e-01
1431	1432	1433	1434	233.1426802	5.9751500000e-01
1432	1433	1434	1435	232.1511241	5.9751500000e-01
1433	1434	1435	1436	229.1412704	5.9751500000e-01
1434	1435	1436	1437	226.1044817	5.9751500000e-01
1435	1436	1437	1438	217.8263909	5.9751500000e-01
1436	1437	1438	1439	249.692756	5.9751500000e-01
1437	1438	1439	1440	63.4329304	5.9751500000e-01
1438	1439	1440	1441	104.3649092	5.9751500000e-01
1439	1440	1441	1442	205.9149544	5.9751500000e-01
1440	1441	1442	1443	235.5417384	5.9751500000e-01
1441	1442	1443	1444	226.8802427	5.9751500000e-01
1442	1443	1444	1445	234.1498853	5.9751500000e-01
1443	1444	1445	1446	218.4007871	5.9751500000e-01
1444	1445	1446	1447	233.3971126	5.9751500000e-01
1445	1446	1447	1448	228.4647628	5.9751500000e-01
1446	1447	1448	1449	231.3617986	5.9751500000e-01
1447	1448	1449	1450	223.5797354	5.9751500000e-01
1448	1449	1450	1451	230.0022841	5.9751500000e-01
1449	1450	1451	1452	225.2682158	5.9751500000e-01
1450	1451	1452	1453	231.2967322	5.9751500000e-01
1451	1452	1453	1454	230.0617494	5.9751500000e-01
1452	1453	1454	1455	226.1879476	5.9751500000e-01
1453	1454	1455	1456	231.515153	5.9751500000e-01
1454	1455	1456	1457	224.7066246	5.9751500000e-01
1455	1456	1457	1458	233.0631909	5.9751500000e-01
1456	1457	1458	1459	225.2059946	5.9751500000e-01
1457	1458	1459	1460	250.0603435	5.9751500000e-01
1458	1459	1460	1461	267.5876939	5.9751500000e-01
1505	1506	1507	1508	219.2946553	5.9751500000e-01
1506	1507	1508	1509	237.739139	5.9751500000e-01
1507	1508	1509	1510	225.7982745	5.9751500000e-01
1508	1509	1510	1511	234.081535	5.9751500000e-01
1509	1510	1511	1512	228.6052067	5.9751500000e-01
1510	1511	1512	1513	235.1104195	5.9751500000e-01
1511	1512	1513	1514	225.6309972	5.9751500000e-01
1512	1513	1514	1515	229.5341379	5.9751500000e-01
1513	1514	1515	1516	220.6488781	5.9751500000e-01
1514	1515	1516	1517	237.081179	5.9751500000e-01
1515	1516	1517	1518	230.9296386	5.9751500000e-01
1516	1517	1518	1519	243.8195589	5.9751500000e-01
1517	1518	1519	1520	19.77812828	5.9751500000e-01
1518	1519	1520	1521	305.2851808	5.9751500000e-01
1519	1520	1521	1522	85.02019698	5.9751500000e-01
1520	1521	1522	1523	25.23064282	5.9751500000e-01
1521	1522	1523	1524	255.826942	5.9751500000e-01
1522	1523	1524	1525	78.50530519	5.9751500000e-01
1523	1524	1525	1526	49.60959919	5.9751500000e-01
1524	1525	1526	1527	223.658056	5.9751500000e-01
1525	1526	1527	1528	231.0725218	5.9751500000e-01
1526	1527	1528	1529	227.8886382	5.9751500000e-01
1527	1528	1529	1530	234.6288259	5.9751500000e-01
1528	1529	1530	1531	230.2664189	5.9751500000e-01
1529	1530	1531	1532	232.1404422	5.9751500000e-01
1530	1531	1532	1533	228.2476055	5.9751500000e-01
1531	1532	1533	1534	226.5663052	5.9751500000e-01
1532	1533	1534	1535	230.7573413	5.9751500000e-01
1533	1534	1535	1536	223.847632	5.9751500000e-01
1534	1535	1536	1537	227.3422569	5.9751500000e-01
1535	1536	1537	1538	236.6053148	5.9751500000e-01
1536	1537	1538	1539	236.5483602	5.9751500000e-01
1537	1538	1539	1540	222.361974	5.9751500000e-01
1538	1539	1540	1541	179.438395	5.9751500000e-01
1539	1540	1541	1542	45.66907854	5.9751500000e-01
1540	1541	1542	1543	211.4901496	5.9751500000e-01
1541	1542	1543	1544	332.7410382	5.9751500000e-01
1542	1543	1544	1545	18.984807	5.9751500000e-01
1543	1544	1545	1546	37.67281206	5.9751500000e-01
1544	1545	1546	1547	52.40151789	5.9751500000e-01
1545	1546	1547	1548	55.45613093	5.9751500000e-01
1546	1547	1548	1549	235.8235589	5.9751500000e-01
1547	1548	1549	1550	241.2074937	5.9751500000e-01
1548	1549	1550	1551	224.6040756	5.9751500000e-01
1549	1550	1551	1552	229.6801027	5.9751500000e-01
1550	1551	1552	1553	233.2369796	5.9751500000e-01
1551	1552	1553	1554	227.5389569	5.9751500000e-01
1552	1553	1554	1555	228.5211512	5.9751500000e-01
1553	1554	1555	1556	228.9875168	5.9751500000e-01
1554	1555	1556	1557	223.8677358	5.9751500000e-01
1555	1556	1557	1558	230.9985155	5.9751500000e-01
1556	1557	1558	1559	225.5126691	5.9751500000e-01
1557	1558	1559	1560	229.7680336	5.9751500000e-01
1558	1559	1560	1561	230.945421	5.9751500000e-01
1559	1560	1561	1562	223.9906091	5.9751500000e-01
1560	1561	1562	1563	231.229243	5.9751500000e-01
1561	1562	1563	1564	226.5770947	5.9751500000e-01
1562	1563	1564	1565	231.6956746	5.9751500000e-01
1563	1564	1565	1566	232.4767055	5.9751500000e-01
1564	1565	1566	1567	234.9934918	5.9751500000e-01
1565	1566	1567	1568	222.2313236	5.9751500000e-01
1566	1567	1568	1569	232.5535525	5.9751500000e-01
1567	1568	1569	1570	232.6309807	5.9751500000e-01
1568	1569	1570	1571	233.4311206	5.9751500000e-01
1569	1570	1571	1572	230.2407983	5.9751500000e-01
1570	1571	1572	1573	228.2311022	5.9751500000e-01
1571	1572	1573	1574	228.12687	5.9751500000e-01
1572	1573	1574	1575	239.0149066	5.9751500000e-01
1573	1574	1575	1576	229.9710589	5.9751500000e-01
1574	1575	1576	1577	76.01225723	5.9751500000e-01
1575	1576	1577	1578	298.6325301	5.9751500000e-01
1576	1577	1578	1579	19.69647602	5.9751500000e-01
1577	1578	1579	1580	265.8848603	5.9751500000e-01
1578	1579	1580	1581	42.43504599	5.9751500000e-01
1579	1580	1581	1582	4.471078771	5.9751500000e-01
1580	1581	1582	1583	84.12939699	5.9751500000e-01
1581	1582	1583	1584	239.3171671	5.9751500000e-01
1582	1583	1584	1585	233.9382259	5.9751500000e-01
1583	1584	1585	1586	226.5250209	5.9751500000e-01
1584	1585	1586	1587	230.3051823	5.9751500000e-01
1585	1586	1587	1588	229.1952389	5.9751500000e-01
1586	1587	1588	1589	228.7181661	5.9751500000e-01
1587	1588	1589	1590	227.7647003	5.9751500000e-01
1588	1589	1590	1591	230.4109162	5.9751500000e-01
1589	1590	1591	1592	225.8284408	5.9751500000e-01
1590	1591	1592	1593	235.8048033	5.9751500000e-01
1591	1592	1593	1594	62.18352797	5.9751500000e-01
1592	1593	1594	1595	297.2921	5.9751500000e-01
1593	1594	1595	1596	195.9345985	5.9751500000e-01
1621	1622	1623	1624	244.9951916	5.9751500000e-01
1622	1623	1624	1625	254.7788966	5.9751500000e-01
1623	1624	1625	1626	262.7296483	5.9751500000e-01
1624	1625	1626	1627	22.64546395	5.9751500000e-01
1625	1626	1627	1628	68.54240702	5.9751500000e-01
1626	1627	1628	1629	230.4976819	5.9751500000e-01
1627	1628	1629	1630	229.910664	5.9751500000e-01
1628	1629	1630	1631	225.6017643	5.9751500000e-01
1629	1630	1631	1632	233.9538298	5.9751500000e-01
1630	1631	1632	1633	229.9572642	5.9751500000e-01
1631	1632	1633	1634	228.094331	5.9751500000e-01
1632	1633	1634	1635	230.0639485	5.9751500000e-01
1633	1634	1635	1636	232.9079833	5.9751500000e-01
1634	1635	1636	1637	228.3338035	5.9751500000e-01
1635	1636	1637	1638	236.4726166	5.9751500000e-01
1636	1637	1638	1639	71.21488297	5.9751500000e-01
1637	1638	1639	1640	331.4632638	5.9751500000e-01
1638	1639	1640	1641	1.456784789	5.9751500000e-01
1639	1640	1641	1642	208.7989588	5.9751500000e-01
1640	1641	1642	1643	16.19837653	5.9751500000e-01
1641	1642	1643	1644	50.53632628	5.9751500000e-01
1642	1643	1644	1645	64.69268451	5.9751500000e-01
1643	1644	1645	1646	238.1621086	5.9751500000e-01
1644	1645	1646	1647	264.9388041	5.9751500000e-01
1645	1646	1647	1648	241.7417323	5.9751500000e-01
1646	1647	1648	1649	219.838309	5.9751500000e-01
1647	1648	1649	1650	234.2898619	5.9751500000e-01
1648	1649	1650	1651	228.7897198	5.9751500000e-01
1649	1650	1651	1652	232.4242008	5.9751500000e-01
1650	1651	1652	1653	230.3702699	5.9751500000e-01
1651	1652	1653	1654	226.7475485	5.9751500000e-01
1652	1653	1654	1655	229.1669859	5.9751500000e-01
1653	1654	1655	1656	234.7595341	5.9751500000e-01
1654	1655	1656	1657	225.9180146	5.9751500000e-01
1655	1656	1657	1658	230.4160046	5.9751500000e-01
1656	1657	1658	1659	223.0245847	5.9751500000e-01
1657	1658	1659	1660	234.6338453	5.9751500000e-01
1658	1659	1660	1661	228.2187972	5.9751500000e-01
1659	1660	1661	1662	220.1769521	5.9751500000e-01
1660	1661	1662	1663	228.1189205	5.9751500000e-01
1661	1662	1663	1664	237.9268466	5.9751500000e-01
1662	1663	1664	1665	219.7328165	5.9751500000e-01
1663	1664	1665	1666	233.8674286	5.9751500000e-01
1664	1665	1666	1667	226.3886837	5.9751500000e-01
1665	1666	1667	1668	237.3503267	5.9751500000e-01
1666	1667	1668	1669	226.1380999	5.9751500000e-01
1667	1668	1669	1670	231.331825	5.9751500000e-01
1668	1669	1670	1671	224.2126012	5.9751500000e-01
1669	1670	1671	1672	236.4590713	5.9751500000e-01
1670	1671	1672	1673	230.1699873	5.9751500000e-01
1671	1672	1673	1674	60.05700943	5.9751500000e-01
1672	1673	1674	1675	318.0290157	5.9751500000e-01
1673	1674	1675	1676	23.79122861	5.9751500000e-01
1674	1675	1676	1677	256.6069478	5.9751500000e-01
1675	1676	1677	1678	45.59860424	5.9751500000e-01
1676	1677	1678	1679	27.85338934	5.9751500000e-01
1677	1678	1679	1680	64.98362037	5.9751500000e-01
1678	1679	1680	1681	237.0147841	5.9751500000e-01
1679	1680	1681	1682	235.2556203	5.9751500000e-01
1680	1681	1682	1683	224.8549815	5.9751500000e-01
1681	1682	1683	1684	231.6379248	5.9751500000e-01
1682	1683	1684	1685	225.4787396	5.9751500000e-01
1683	1684	1685	1686	230.3824888	5.9751500000e-01
1684	1685	1686	1687	227.9364525	5.9751500000e-01
1685	1686	1687	1688	231.4766118	5.9751500000e-01
1686	1687	1688	1689	233.0145672	5.9751500000e-01
1687	1688	1689	1690	231.6577869	5.9751500000e-01
1688	1689	1690	1691	73.38701607	5.9751500000e-01
1689	1690	1691	1692	294.106507	5.9751500000e-01
1690	1691	1692	1693	10.01851639	5.9751500000e-01
1691	1692	1693	1694	21.20490789	5.9751500000e-01
1692	1693	1694	1695	19.70436309	5.9751500000e-01
1693	1694	1695	1696	231.0276777	5.9751500000e-01
1694	1695	1696	1697	255.2918919	5.9751500000e-01
1695	1696	1697	1698	99.56304004	5.9751500000e-01
1719	1720	1721	1722	318.3264855	5.9751500000e-01
1720	1721	1722	1723	21.01155645	5.9751500000e-01
1721	1722	1723	1724	266.9826593	5.9751500000e-01
1722	1723	1724	1725	79.15321182	5.9751500000e-01
1723	1724	1725	1726	4.209218178	5.9751500000e-01
1724	1725	1726	1727	232.0016764	5.9751500000e-01
1725	1726	1727	1728	228.0332801	5.9751500000e-01
1726	1727	1728	1729	230.4270353	5.9751500000e-01
1727	1728	1729	1730	230.8228278	5.9751500000e-01
1728	1729	1730	1731	226.3370171	5.9751500000e-01
1729	1730	1731	1732	231.0376514	5.9751500000e-01
1730	1731	1732	1733	231.0868182	5.9751500000e-01
1731	1732	1733	1734	227.2670791	5.9751500000e-01
1732	1733	1734	1735	223.313175	5.9751500000e-01
1733	1734	1735	1736	251.5488352	5.9751500000e-01
1734	1735	1736	1737	50.64844531	5.9751500000e-01
1735	1736	1737	1738	319.6154843	5.9751500000e-01
1736	1737	1738	1739	166.3352599	5.9751500000e-01
1737	1738	1739	1740	74.25930446	5.9751500000e-01
1738	1739	1740	1741	202.465751	5.9751500000e-01
1739	1740	1741	1742	26.4643572	5.9751500000e-01
1740	1741	1742	1743	46.93774849	5.9751500000e-01
1741	1742	1743	1744	65.79270224	5.9751500000e-01
1742	1743	1744	1745	231.0047997	5.9751500000e-01
1743	1744	1745	1746	256.8462553	5.9751500000e-01
1744	1745	1746	1747	224.4501279	5.9751500000e-01
1745	1746	1747	1748	231.8724164	5.9751500000e-01
1746	1747	1748	1749	224.462791	5.9751500000e-01
1747	1748	1749	1750	225.4510979	5.9751500000e-01
1748	1749	1750	1751	232.3751673	5.9751500000e-01
1749	1750	1751	1752	231.8112129	5.9751500000e-01
1750	1751	1752	1753	228.0624032	5.9751500000e-01
1751	1752	1753	1754	229.3540648	5.9751500000e-01
1752	1753	1754	1755	227.2276533	5.9751500000e-01
1753	1754	1755	1756	231.1601501	5.9751500000e-01
1754	1755	1756	1757	226.9073411	5.9751500000e-01
1755	1756	1757	1758	231.9156639	5.9751500000e-01
1756	1757	1758	1759	229.4842372	5.9751500000e-01
1757	1758	1759	1760	233.472812	5.9751500000e-01
1758	1759	1760	1761	220.5194802	5.9751500000e-01
1759	1760	1761	1762	230.2471163	5.9751500000e-01
1760	1761	1762	1763	233.2539891	5.9751500000e-01
1761	1762	1763	1764	221.0314333	5.9751500000e-01
1762	1763	1764	1765	228.2832314	5.9751500000e-01
1763	1764	1765	1766	232.6964824	5.9751500000e-01
1764	1765	1766	1767	230.3772987	5.9751500000e-01
1765	1766	1767	1768	230.1329641	5.9751500000e-01
1766	1767	1768	1769	229.6978782	5.9751500000e-01
1767	1768	1769	1770	230.7074619	5.9751500000e-01
1768	1769	1770	1771	232.180964	5.9751500000e-01
1769	1770	1771	1772	231.2376759	5.9751500000e-01
1770	1771	1772	1773	73.11194488	5.9751500000e-01
1771	1772	1773	1774	303.9697941	5.9751500000e-01
1772	1773	1774	1775	16.54726599	5.9751500000e-01
1773	1774	1775	1776	252.938501	5.9751500000e-01
1774	1775	1776	1777	47.45445568	5.9751500000e-01
1775	1776	1777	1778	358.6885652	5.9751500000e-01
1776	1777	1778	1779	91.88267721	5.9751500000e-01
1777	1778	1779	1780	242.1780672	5.9751500000e-01
1778	1779	1780	1781	229.9697583	5.9751500000e-01
1779	1780	1781	1782	230.5646735	5.9751500000e-01
1780	1781	1782	1783	227.7112621	5.9751500000e-01
1781	1782	1783	1784	228.5155456	5.9751500000e-01
1782	1783	1784	1785	229.8059815	5.9751500000e-01
1783	1784	1785	1786	220.7920424	5.9751500000e-01
1784	1785	1786	1787	227.5458383	5.9751500000e-01
1785	1786	1787	1788	230.2700788	5.9751500000e-01
1786	1787	1788	1789	259.8317986	5.9751500000e-01
1787	1788	1789	1790	28.13659436	5.9751500000e-01
1788	1789	1790	1791	220.2700213	5.9751500000e-01
1789	1790	1791	1792	226.0257259	5.9751500000e-01
1790	1791	1792	1793	235.6815871	5.9751500000e-01
1791	1792	1793	1794	224.5636644	5.9751500000e-01
1792	1793	1794	1795	230.9983676	5.9751500000e-01
1793	1794	1795	1796	215.6185863	5.9751500000e-01
1794	1795	1796	1797	305.7802853	5.9751500000e-01
1795	1796	1797	1798	216.7202308	5.9751500000e-01
1796	1797	1798	1799	280.6940132	5.9751500000e-01
1797	1798	1799	1800	30.69049106	5.9751500000e-01
1798	1799	1800	1801	28.13042274	5.9751500000e-01
1799	1800	1801	1802	54.92107544	5.9751500000e-01
1800	1801	1802	1803	189.8090113	5.9751500000e-01
1801	1802	1803	1804	301.500924	5.9751500000e-01
1802	1803	1804	1805	15.21007382	5.9751500000e-01
1803	1804	1805	1806	102.545546	5.9751500000e-01
1804	1805	1806	1807	91.04500026	5.9751500000e-01
1805	1806	1807	1808	79.9676569	5.9751500000e-01
1806	1807	1808	1809	330.6925143	5.9751500000e-01
1807	1808	1809	1810	1.306718278	5.9751500000e-01
1808	1809	1810	1811	65.39475291	5.9751500000e-01
1809	1810	1811	1812	53.69956076	5.9751500000e-01
1810	1811	1812	1813	243.1446896	5.9751500000e-01
1862	1863	1864	1865	230.6504158	5.9751500000e-01
1863	1864	1865	1866	234.0174407	5.9751500000e-01
1864	1865	1866	1867	231.6263712	5.9751500000e-01
1865	1866	1867	1868	228.9087788	5.9751500000e-01
1866	1867	1868	1869	237.2635774	5.9751500000e-01
1867	1868	1869	1870	233.1334921	5.9751500000e-01
1868	1869	1870	1871	231.0169941	5.9751500000e-01
1869	1870	1871	1872	212.2120961	5.9751500000e-01
1870	1871	1872	1873	196.1725225	5.9751500000e-01
1871	1872	1873	1874	1.923236279	5.9751500000e-01
1872	1873	1874	1875	223.2116604	5.9751500000e-01
1873	1874	1875	1876	275.9536834	5.9751500000e-01
1874	1875	1876	1877	15.93884451	5.9751500000e-01
1875	1876	1877	1878	41.96141606	5.9751500000e-01
1876	1877	1878	1879	56.81829034	5.9751500000e-01
1877	1878	1879	1880	67.98277124	5.9751500000e-01
1878	1879	1880	1881	231.1376719	5.9751500000e-01
1879	1880	1881	1882	228.1003363	5.9751500000e-01
1880	1881	1882	1883	232.6550994	5.9751500000e-01
1881	1882	1883	1884	233.1748764	5.9751500000e-01
1882	1883	1884	1885	232.7942959	5.9751500000e-01
1883	1884	1885	1886	228.2904148	5.9751500000e-01
1884	1885	1886	1887	231.4139094	5.9751500000e-01
1885	1886	1887	1888	228.146845	5.9751500000e-01
1886	1887	1888	1889	233.4882737	5.9751500000e-01
1887	1888	1889	1890	223.712776	5.9751500000e-01
1888	1889	1890	1891	230.0248296	5.9751500000e-01
1889	1890	1891	1892	230.1249367	5.9751500000e-01
1890	1891	1892	1893	224.331253	5.9751500000e-01
1891	1892	1893	1894	234.7302273	5.9751500000e-01
1892	1893	1894	1895	225.8663063	5.9751500000e-01
1893	1894	1895	1896	227.627507	5.9751500000e-01
1894	1895	1896	1897	223.0342161	5.9751500000e-01
1895	1896	1897	1898	225.6711645	5.9751500000e-01
1896	1897	1898	1899	230.6950478	5.9751500000e-01
1897	1898	1899	1900	226.7676494	5.9751500000e-01
1898	1899	1900	1901	230.1957701	5.9751500000e-01
1899	1900	1901	1902	233.2342437	5.9751500000e-01
1900	1901	1902	1903	224.9131995	5.9751500000e-01
1901	1902	1903	1904	235.5173879	5.9751500000e-01
1902	1903	1904	1905	223.993927	5.9751500000e-01
1903	1904	1905	1906	229.695287	5.9751500000e-01
1904	1905	1906	1907	233.3492149	5.9751500000e-01
1905	1906	1907	1908	224.4550113	5.9751500000e-01
1906	1907	1908	1909	64.17852747	5.9751500000e-01
1907	1908	1909	1910	321.8666348	5.9751500000e-01
1908	1909	1910	1911	20.78450137	5.9751500000e-01
1909	1910	1911	1912	258.9763681	5.9751500000e-01
1910	1911	1912	1913	27.37797873	5.9751500000e-01
1911	1912	1913	1914	353.1789227	5.9751500000e-01
1912	1913	1914	1915	90.58877362	5.9751500000e-01
1913	1914	1915	1916	244.2401671	5.9751500000e-01
1914	1915	1916	1917	226.0481324	5.9751500000e-01
1915	1916	1917	1918	231.7448024	5.9751500000e-01
1916	1917	1918	1919	228.9681855	5.9751500000e-01
1917	1918	1919	1920	223.8545913	5.9751500000e-01
1918	1919	1920	1921	233.1169253	5.9751500000e-01
1919	1920	1921	1922	231.1324169	5.9751500000e-01
1920	1921	1922	1923	230.8481566	5.9751500000e-01
1921	1922	1923	1924	225.1363981	5.9751500000e-01
1922	1923	1924	1925	218.6474654	5.9751500000e-01
1923	1924	1925	1926	249.3465518	5.9751500000e-01
1924	1925	1926	1927	68.08831632	5.9751500000e-01
1925	1926	1927	1928	99.35864703	5.9751500000e-01
1926	1927	1928	1929	207.3949848	5.9751500000e-01
1927	1928	1929	1930	236.9352948	5.9751500000e-01
1928	1929	1930	1931	229.2718306	5.9751500000e-01
1929	1930	1931	1932	233.5204388	5.9751500000e-01
1930	1931	1932	1933	220.1075555	5.9751500000e-01
1931	1932	1933	1934	233.1152521	5.9751500000e-01
1932	1933	1934	1935	226.4190421	5.9751500000e-01
1933	1934	1935	1936	231.1420255	5.9751500000e-01
1934	1935	1936	1937	225.7919517	5.9751500000e-01
1935	1936	1937	1938	229.0043154	5.9751500000e-01
1936	1937	1938	1939	228.3037919	5.9751500000e-01
1937	1938	1939	1940	232.2191466	5.9751500000e-01
1938	1939	1940	1941	228.6873021	5.9751500000e-01
1939	1940	1941	1942	228.8936467	5.9751500000e-01
1940	1941	1942	1943	227.8898268	5.9751500000e-01
1941	1942	1943	1944	223.9833014	5.9751500000e-01
1942	1943	1944	1945	230.2029702	5.9751500000e-01
1943	1944	1945	1946	228.2619523	5.9751500000e-01
1944	1945	1946	1947	228.9787437	5.9751500000e-01
1945	1946	1947	1948	291.3680992	5.9751500000e-01
