# i j
1503 1504
8660 8661
11596 11597
4778 4780
4754 4756
6227 6229
506 508
5881 5883
8911 8912
4254 4256
8292 8294
1960 1962
1858 1859
5259 5260
6214 6216
6969 6970
1974 1975
3546 3548
8418 8419
10239 10240
5257 5259
10135 10137
492 494
9604 9605
2797 2798
9013 9014
7311 7312
7542 7543
2440 2441
5736 5737
8668 8670
7178 7180
6586 6588
9609 9610
11233 11234
870 871
7189 7190
5232 5234
10619 10620
9149 9150
1966 1968
1128 1130
1494 1496
7940 7941
3896 3898
8427 8428
7341 7342
3069 3071
3308 3309
10723 10724
8784 8786
1963 1965
852 854
7055 7057
4388 4389
6574 6575
10735 10737
2792 2794
525 527
7682 7683
2307 2308
8783 8784
10626 10628
10968 10970
3177 3179
6084 6085
1986 1987
4032 4033
4144 4145
8640 8641
7675 7676
40 41
879 881
625 626
2092 2093
2194 2196
8531 8533
4535 4536
1476 1478
2925 2926
10584 10586
7335 7337
1015 1017
10966 10967
9500 9501
1838 1839
622 624
3163 3164
1479 1481
7821 7822
10582 10583
860 861
7558 7559
7802 7803
1708 1709
6964 6965
6691 6692
1847 1848
10371 10372
9127 9129
871 872
6197 6199
6471 6473
252 254
5710 5712
256 258
10622 10624
10740 10742
2325 2327
6707 6708
5992 5993
10376 10377
4287 4288
1596 1597
8654 8656
6213 6215
4760 4761
1819 1820
7172 7173
5229 5230
4052 4054
4908 4910
516 518
3413 3414
1337 1338
10745 10746
988 989
863 864
3303 3305
642 643
10243 10244
11555 11557
999 1000
10589 10590
8316 8318
384 386
7792 7794
6721 6723
9892 9893
881 882
7316 7318
6221 6223
4283 4285
5749 5750
10115 10116
5028 5030
11356 11358
7180 7181
1352 1354
5495 5497
7937 7939
520 522
7656 7658
9639 9640
854 856
9011 9012
5381 5382
8033 8034
1465 1466
352 353
7824 7825
1972 1973
11084 11085
6717 6719
7324 7326
3561 3563
4768 4770
5263 5265
7334 7335
1599 1601
10716 10717
986 988
10370 10371
7170 7172
9151 9152
11590 11591
8797 8798
11582 11583
8801 8802
11094 11095
5982 5983
11344 11345
3917 3919
2923 2924
9284 9286
9148 9150
4912 4914
1700 1702
2922 2924
1611 1612
8770 8772
4142 4143
8416 8417
11216 11217
8038 8040
3549 3551
5395 5397
4267 4268
10109 10111
11203 11204
246 247
10265 10267
8634 8635
6361 6362
4896 4898
9504 9506
7945 7946
11215 11217
3409 3410
8422 8423
6094 6096
1813 1814
8048 8050
8320 8322
10734 10735
11081 11083
6685 6686
11093 11095
2575 2576
6823 6825
5223 5224
502 504
8429 8431
4286 4287
9142 9143
7933 7934
10714 10716
8678 8680
4249 4250
6225 6227
157 158
7556 7557
9117 9118
10743 10744
6701 6702
6215 6216
5982 5984
9764 9766
3795 3796
7687 7689
8288 8289
10246 10247
6973 6975
9991 9992
1985 1986
1812 1813
8904 8906
5024 5026
1331 1333
5238 5240
9005 9007
8152 8153
8176 8178
9778 9780
1855 1857
9646 9647
8430 8432
3429 3431
10750 10751
9497 9499
1123 1124
10483 10485
6340 6341
8301 8303
1487 1489
3558 3559
6088 6089
7442 7443
6345 6347
2341 2342
10257 10258
10602 10603
1345 1346
8032 8034
3923 3924
6339 6341
4902 4903
9006 9007
4627 4629
2948 2949
5744 5745
35 37
5861 5862
7063 7064
5383 5385
6848 6849
8673 8674
11440 11441
1112 1113
366 367
2438 2439
2682 2683
1364 1365
6348 6349
1481 1483
2963 2965
10858 10859
8796 8798
5866 5868
6240 6242
8189 8190
2320 2321
7662 7664
3448 3449
6482 6484
9493 9495
375 376
7799 7800
10747 10749
640 641
6957 6958
10621 10623
4635 4637
140 141
8160 8162
7659 7661
4051 4052
1608 1609
5855 5856
7312 7313
724 725
2190 2191
9895 9897
2955 2956
5511 5513
10581 10582
6954 6955
10471 10473
8145 8147
10849 10851
10620 10621
7318 7320
1489 1490
9650 9652
2448 2449
5728 5729
4044 4045
4148 4149
4899 4900
11341 11343
2800 2801
629 630
11072 11074
1002 1003
11567 11569
2106 2108
1958 1959
496 498
7680 7682
9887 9889
11071 11073
10110 10112
7460 7461
2815 2816
1126 1128
6365 6367
2313 2315
6353 6355
7693 7695
6000 6001
10368 10369
4637 4639
138 140
10857 10859
4897 4899
3805 3806
3765 3767
4421 4423
1502 1503
7202 7203
2938 2939
9978 9979
8787 8789
1849 1851
4758 4759
4289 4290
8902 8903
9003 9005
9150 9151
143 145
846 848
3930 3931
6713 6714
1703 1704
7800 7802
4875 4876
9158 9160
9621 9622
2811 2812
2344 2345
2943 2944
2339 2340
9619 9621
10240 10241
4739 4740
1221 1222
8039 8040
5025 5027
9766 9767
1979 1980
3312 3314
10717 10719
4872 4874
2199 2201
11105 11107
1977 1979
10733 10734
1502 1504
11583 11584
8924 8926
4389 4391
974 976
7832 7833
5018 5020
2578 2579
6480 6481
9888 9889
2803 2804
9743 9744
1472 1474
4145 4147
41 43
4752 4754
7329 7331
1486 1487
1363 1364
5717 5718
1339 1340
7949 7951
2686 2687
1971 1972
6955 6956
1359 1360
2934 2935
5258 5259
4893 4895
8167 8168
7699 7700
9624 9625
1601 1603
5247 5248
6572 6573
6708 6709
3320 3321
10263 10265
7698 7700
2964 2966
5613 5615
3162 3163
4415 4417
9503 9505
10366 10368
9756 9757
1959 1960
3787 3789
6099 6101
4523 4524
8315 8317
5510 5512
3296 3298
4880 4882
1491 1492
3790 3792
10726 10727
3067 3068
5735 5737
5266 5268
5242 5244
6696 6698
489 491
9773 9775
10958 10959
9411 9413
3658 3659
4534 4535
2788 2789
8665 8667
393 395
7817 7819
8915 8917
10116 10117
391 392
1951 1952
2924 2925
2791 2792
3307 3309
10121 10122
8280 8281
3274 3275
9012 9013
3915 3917
8150 8152
378 380
1468 1470
1604 1606
6573 6574
3783 3784
2582 2583
5851 5852
5008 5010
10102 10104
9164 9166
8184 8186
3661 3662
3418 3420
1119 1120
9767 9768
3078 3080
9755 9757
8045 8047
9138 9139
11219 11220
1857 1859
8650 8651
11104 11105
10868 10870
1988 1990
6972 6974
5373 5375
9263 9265
6086 6087
10855 10856
7670 7672
9004 9006
11593 11594
11577 11578
4043 4045
1110 1112
7325 7326
4749 4751
7685 7686
4387 4389
5979 5980
8657 8658
5252 5254
4414 4416
727 729
1462 1464
4133 4134
4407 4408
1348 1350
5874 5876
10262 10263
4271 4273
7207 7209
9124 9126
1704 1706
6224 6226
8173 8175
6489 6491
6686 6687
3427 3429
5733 5735
4138 4140
9877 9879
5241 5243
880 881
5848 5850
9499 9501
5748 5749
3929 3930
7440 7442
9745 9747
3173 3174
10249 10250
5862 5863
4910 4912
5260 5262
9017 9019
9505 9506
3428 3430
5844 5846
10470 10472
8674 8676
7215 7216
377 379
3451 3453
514 516
350 352
4422 4423
6372 6374
5012 5013
9389 9391
5222 5223
5261 5262
510 512
3166 3167
3555 3557
1008 1009
7175 7176
6686 6688
2583 2584
1615 1617
3285 3286
7448 7449
6331 6332
239 241
5858 5860
1227 1229
7543 7544
1837 1838
8415 8417
7941 7942
4255 4256
3556 3558
4881 4883
9409 9411
5718 5719
4252 4253
6826 6828
8909 8911
7929 7931
5363 5364
6837 6838
8433 8435
11206 11207
2828 2829
5367 5369
9261 9263
10233 10234
1498 1500
7305 7307
10133 10135
9139 9140
5109 5110
8527 8528
3166 3168
392 393
4525 4527
4772 4773
7932 7933
1848 1850
361 362
499 500
1965 1966
11069 11071
6831 6833
4620 4621
7668 7669
8675 8676
5009 5011
3788 3790
28 29
8805 8807
6218 6220
10238 10239
10365 10367
8920 8922
2956 2957
7306 7308
7200 7202
2321 2323
7443 7444
10583 10584
1984 1985
6682 6683
4250 4252
9490 9491
6367 6368
146 148
9129 9130
1851 1853
7830 7831
3928 3930
4393 4395
11227 11228
4531 4533
3075 3077
1485 1486
8918 8919
11562 11563
241 242
3421 3423
9749 9751
7209 7210
8425 8426
4139 4140
3761 3763
9119 9120
6233 6234
1115 1116
2675 2677
10381 10382
10623 10624
11083 11085
10860 10862
11221 11223
8636 8638
8772 8774
5362 5364
10951 10952
1843 1845
6827 6829
2449 2451
374 376
3064 3066
10375 10377
9752 9753
729 731
8287 8288
867 869
5392 5393
5221 5223
10472 10474
10578 10580
9893 9894
10118 10120
6083 6084
8040 8041
7461 7463
2954 2956
3417 3418
4521 4523
6859 6860
4417 4419
8790 8791
1360 1361
8305 8306
8188 8189
8297 8298
8435 8436
6723 6724
1841 1843
1831 1833
10852 10854
10095 10096
3299 3300
2098 2099
6483 6484
9607 9609
11598 11600
3301 3303
3553 3555
10231 10232
2939 2941
7825 7826
5503 5505
10614 10615
9507 9509
1980 1981
6212 6213
1216 1217
10247 10249
3430 3431
995 997
6217 6219
2083 2084
11554 11556
4631 4633
11064 11066
10869 10870
4413 4415
9392 9394
11242 11243
8645 8646
3160 3162
2087 2089
5396 5397
3412 3414
10127 10129
1823 1825
10241 10243
3292 3293
3554 3555
10595 10597
3794 3796
11591 11592
1969 1971
9635 9637
2931 2933
11587 11589
5269 5270
2688 2690
5501 5502
6216 6217
238 239
3439 3441
2310 2311
136 138
1699 1700
6683 6684
2188 2190
3563 3564
5398 5399
7320 7322
7700 7701
3656 3658
10385 10387
5850 5851
985 987
7561 7563
3159 3161
4281 4283
247 248
6333 6335
7559 7560
6842 6843
6693 6695
8423 8424
11575 11577
1860 1861
373 375
4264 4265
1332 1333
4251 4252
8525 8527
7935 7937
5738 5739
7065 7067
874 876
6196 6198
6694 6695
9293 9294
11451 11452
2816 2818
7806 7808
738 740
2785 2787
6 8
4397 4398
9155 9156
9994 9995
2821 2822
11455 11456
9610 9612
9761 9763
9141 9143
1361 1362
11214 11216
9880 9881
3778 3780
6710 6711
10124 10126
3443 3444
9275 9277
529 530
5741 5742
3057 3059
6469 6470
501 503
7213 7215
7199 7201
10594 10595
6237 6239
2185 2187
4050 4052
7548 7549
7554 7555
5883 5885
2193 2194
7814 7816
10 12
6839 6841
4293 4295
2944 2946
7194 7196
3441 3442
5716 5717
7205 7206
4265 4266
10603 10604
8428 8429
3912 3914
1355 1356
9987 9989
6477 6478
4539 4540
3906 3908
5120 5122
4767 4769
10724 10725
5870 5872
5384 5386
7073 7074
9606 9608
10719 10721
3544 3546
8669 8670
6206 6207
3297 3298
11210 11211
11336 11337
6100 6101
7676 7677
4750 4751
1329 1331
5994 5995
10737 10739
6488 6490
6575 6577
10729 10731
9651 9653
8638 8639
1702 1703
853 854
8321 8323
994 996
2089 2090
7545 7547
639 641
10113 10114
8300 8301
8283 8284
1483 1484
10136 10137
4034 4036
8906 8907
6966 6967
11574 11575
3164 3165
2586 2588
1832 1833
6344 6345
5742 5743
634 635
390 391
5512 5514
34 36
2834 2836
10618 10620
9897 9898
242 244
8426 8428
2476 2478
9615 9617
11359 11360
3282 3284
7661 7662
5250 5252
1816 1818
11224 11226
8672 8674
8768 8769
11075 11077
4890 4891
9982 9984
9254 9256
3660 3661
5515 5517
5754 5756
10099 10100
6711 6712
7441 7442
11068 11070
7188 7189
9885 9887
11586 11587
6358 6359
11350 11352
5389 5391
4395 4396
8183 8184
5382 5384
5607 5608
8179 8181
5605 5606
6854 6856
6853 6855
10590 10591
10362 10363
5707 5709
5006 5007
5226 5227
7332 7334
10580 10582
9018 9020
4383 4385
7196 7197
989 991
1846 1848
633 635
245 246
2690 2692
5849 5850
1488 1490
11 12
149 150
1218 1220
381 382
10607 10609
6720 6722
9775 9777
4253 4255
8780 8782
10755 10757
5116 5118
6687 6689
9502 9503
1371 1373
11101 11103
7833 7834
1617 1619
5246 5247
5371 5373
9889 9890
10754 10756
9393 9395
10468 10470
1117 1118
4420 4421
5756 5758
9157 9159
10862 10863
6363 6365
1974 1976
498 499
8309 8310
4288 4290
5231 5232
9132 9134
5877 5879
7542 7544
2195 2196
509 510
870 872
11594 11596
7946 7947
29 31
1463 1465
3662 3663
998 999
6366 6367
1499 1501
4891 4892
396 398
7796 7798
9757 9758
7201 7202
6961 6963
9502 9504
4143 4145
3898 3899
5220 5222
980 982
2093 2095
4405 4407
11446 11447
10732 10734
11217 11219
11241 11242
9986 9988
10727 10728
10259 10260
2962 2963
5230 5231
7345 7346
10232 10233
7703 7705
10966 10968
5493 5494
11080 11082
11092 11094
2808 2810
1114 1115
8661 8662
0 2
11074 11076
1828 1829
8147 8149
10582 10584
7558 7560
3663 3664
5379 5380
6366 6368
1955 1957
2104 2105
5393 5395
3275 3276
9491 9492
10865 10866
8434 8435
9647 9649
144 146
8905 8906
7819 7820
6203 6204
1610 1611
6582 6583
8154 8156
20 22
2581 2583
9257 9258
10114 10115
3309 3310
1213 1215
743 744
7667 7669
10872 10874
3918 3919
5387 5388
8651 8652
387 389
1956 1957
11100 11101
1616 1617
6090 6092
845 847
5727 5729
3781 3782
488 489
8641 8642
6820 6822
8042 8044
11339 11340
1613 1614
8664 8665
1370 1372
5730 5731
9992 9994
7177 7179
1839 1840
5397 5399
6585 6587
9982 9983
7339 7340
7057 7058
24 26
2585 2587
7455 7456
2336 2338
10605 10607
4528 4529
2573 2574
4885 4886
11442 11444
3646 3648
10138 10140
6568 6569
11564 11565
2443 2445
6002 6003
371 372
9277 9279
2088 2090
5610 5612
2927 2928
8807 8808
4046 4047
10579 10580
10756 10758
7673 7674
3899 3900
10625 10627
11103 11104
8795 8797
4401 4402
7321 7322
978 980
3063 3064
3919 3920
5596 5598
11239 11240
3059 3061
10091 10093
6832 6833
5244 5246
11235 11237
7334 7336
18 20
4386 4388
5372 5373
5376 5377
2823 2824
1328 1330
3304 3305
6236 6238
11592 11594
2464 2466
9161 9162
11590 11592
1357 1358
357 359
11094 11096
2469 2470
5118 5119
2830 2832
4149 4150
4423 4424
8656 8658
1125 1126
10959 10961
6369 6370
4529 4530
11444 11445
1698 1700
6569 6570
6689 6690
4047 4048
5983 5985
9494 9495
1130 1132
246 248
641 643
6334 6336
5986 5987
8422 8424
8785 8787
2299 2301
5504 5505
2951 2952
7798 7799
7203 7205
6470 6471
7060 7061
10475 10477
2829 2830
3902 3904
7551 7552
9142 9144
8311 8313
4410 4412
6098 6099
376 377
9391 9392
3425 3427
7444 7446
4773 4774
7808 7809
10246 10248
2826 2827
4741 4742
5121 5122
11556 11558
8631 8633
855 856
4879 4881
5599 5600
6704 6706
8914 8915
7679 7680
3558 3560
5265 5266
5494 5495
3647 3648
2452 2453
5740 5741
4538 4540
4745 4746
3168 3169
4902 4904
5224 5226
1132 1134
2674 2675
7936 7937
8432 8433
3908 3910
4272 4274
3080 3081
11571 11573
983 984
5007 5009
8635 8636
2942 2944
4526 4527
842 844
8907 8909
9121 9122
2438 2440
9612 9613
9144 9145
1129 1131
6082 6083
7179 7180
2319 2321
6338 6340
4136 4137
360 362
7816 7818
9753 9754
10234 10236
877 878
7794 7796
11569 11571
11559 11561
1949 1951
6579 6581
1330 1331
3655 3657
6830 6831
3438 3440
4775 4776
11234 11236
3316 3318
10364 10365
9742 9744
1713 1715
10122 10123
2945 2946
4763 4765
838 839
627 629
11086 11087
2315 2316
5729 5730
5508 5510
2453 2454
1477 1479
7931 7932
9014 9015
512 513
6341 6342
1484 1486
1016 1018
3799 3800
2447 2449
240 242
1950 1951
3808 3809
8424 8426
7944 7946
9007 9008
8530 8532
10615 10616
1005 1006
3903 3904
7197 7199
1369 1370
495 496
6095 6097
8166 8167
9613 9614
837 839
9642 9643
4764 4765
8671 8672
1958 1960
7330 7332
5124 5125
6202 6203
9769 9771
7347 7349
8148 8150
1365 1366
6349 6350
9165 9166
4411 4412
3922 3923
9163 9165
4738 4739
10229 10230
7823 7824
11087 11088
2333 2335
10227 10229
4758 4760
4416 4417
8902 8904
7701 7702
3449 3450
5720 5721
8304 8306
2687 2688
5126 5127
3066 3067
8296 8298
9506 9508
5268 5270
6844 6846
11452 11454
1950 1952
3911 3913
2588 2589
5604 5605
9758 9759
3552 3553
5608 5610
9637 9638
2099 2100
10378 10380
3311 3312
883 885
8293 8294
5985 5986
2790 2791
3653 3655
8187 8188
4762 4764
9766 9768
11067 11069
8644 8646
7446 7447
3782 3783
7657 7659
11558 11559
11454 11456
866 867
7326 7327
9881 9882
1111 1113
9259 9260
5122 5124
2678 2679
5386 5388
11357 11358
8647 8649
6097 6098
4039 4041
3769 3770
10952 10953
4258 4259
10746 10747
7067 7068
10106 10108
875 876
3771 3773
7 8
11584 11586
9758 9760
2468 2470
2935 2937
2934 2936
6709 6711
9875 9876
7191 7192
2812 2814
1501 1503
8034 8036
737 739
2324 2326
991 993
1 2
372 373
7820 7821
10585 10586
4624 4626
4759 4760
2681 2682
11585 11587
8524 8525
2105 2107
527 528
1009 1011
7326 7328
7068 7070
5364 5365
3763 3765
3897 3898
11579 11580
4278 4279
5885 5886
10726 10728
137 139
8802 8804
10721 10723
2189 2191
145 146
2191 2192
2591 2592
3419 3420
5981 5982
9747 9748
3665 3666
21 22
1818 1820
7315 7317
9751 9753
4534 4536
3797 3799
6468 6470
6239 6241
11240 11241
6081 6082
500 501
5743 5744
8908 8910
4887 4888
2086 2087
1858 1860
8676 8677
5731 5733
10137 10138
8418 8420
5243 5245
3807 3809
1496 1498
2582 2584
3900 3901
4292 4293
9288 9289
2798 2799
5394 5395
25 26
6712 6714
370 371
2337 2338
975 976
10751 10753
1814 1815
356 358
3547 3548
5984 5986
10384 10386
1492 1494
6476 6478
4291 4293
3410 3411
9401 9403
2807 2808
7682 7684
5015 5016
6086 6088
1986 1988
6974 6976
1116 1117
359 361
7560 7562
1495 1497
10736 10737
10728 10729
3649 3650
9268 9270
8779 8780
6359 6360
5377 5379
11109 11111
7544 7545
353 355
2306 2307
2465 2466
4909 4910
6223 6224
10264 10266
872 873
5852 5854
10262 10264
3780 3781
10093 10095
3921 3922
9782 9783
1326 1328
1612 1613
3785 3787
4 5
7802 7804
142 143
10611 10612
8773 8774
7948 7949
8436 8437
5999 6000
6699 6701
4276 4278
5509 5511
4906 4907
3300 3301
4892 4893
11353 11355
5862 5864
11345 11347
8181 8182
6727 6728
6719 6720
5019 5021
3436 3437
4756 4757
2441 2442
6478 6479
10097 10098
8314 8315
6968 6970
2435 2436
11568 11570
8 9
5980 5982
3664 3666
4422 4424
11226 11227
2817 2819
11346 11347
7456 7457
5222 5224
2685 2687
642 644
2570 2571
8291 8292
1131 1133
4625 4627
1717 1719
10465 10466
2957 2958
7445 7446
5020 5021
7208 7209
9160 9161
5598 5599
4256 4257
11557 11558
6576 6578
3306 3307
856 858
3905 3906
3564 3565
7069 7071
2472 2474
6851 6853
3077 3079
9273 9274
8639 8641
2332 2333
8289 8291
244 246
5718 5720
7211 7212
2459 2461
8420 8422
3433 3435
4269 4271
4400 4401
380 382
11206 11208
9262 9264
6702 6704
3924 3925
4041 4043
7453 7454
1840 1842
5991 5992
9781 9783
147 148
5594 5595
9774 9775
7070 7071
10479 10481
32 33
2832 2833
8174 8176
151 153
9492 9494
10370 10372
3295 3297
10230 10231
5598 5600
6975 6976
8912 8914
8171 8173
6716 6717
1461 1463
9879 9880
2928 2930
4270 4272
8308 8310
1829 1830
4903 4905
4137 4139
3920 3922
9771 9773
1214 1215
508 510
7684 7686
5113 5114
9398 9399
2813 2814
850 851
9390 9391
8031 8032
638 639
4907 4908
515 516
886 887
2689 2690
1705 1707
7830 7832
861 862
8634 8636
4290 4291
519 521
6241 6242
7552 7554
8046 8047
10367 10368
2960 2961
8918 8920
10965 10967
5746 5747
9399 9400
3776 3778
7070 7072
623 624
7340 7342
11223 11224
839 841
9126 9127
6360 6361
10268 10269
9744 9745
2825 2827
1957 1958
2805 2806
4048 4050
9278 9279
3651 3653
5391 5393
11589 11591
9270 9271
2941 2942
8670 8671
8159 8160
3450 3451
3273 3275
4425 4427
5492 5494
1833 1835
8660 8662
11596 11598
6227 6228
5881 5882
740 741
10587 10589
10963 10965
8790 8792
876 877
5257 5258
10135 10136
2458 2459
9604 9606
1226 1227
9898 9899
8284 8285
1954 1955
2440 2442
5736 5738
7442 7444
8663 8665
5399 5401
10752 10753
10602 10604
10614 10616
7940 7942
8794 8795
3069 3070
494 496
3430 3432
5853 5855
3308 3310
1963 1964
5390 5392
7055 7056
8670 8672
4388 4390
1961 1963
10735 10736
525 526
868 869
1006 1007
11600 11601
2682 2684
3177 3178
6084 6086
4032 4034
4144 4146
8640 8642
5361 5363
1004 1005
40 42
10858 10860
879 880
2092 2094
8531 8532
7204 7205
4398 4399
7335 7336
9995 9997
7550 7551
1015 1016
2310 2312
9500 9502
9876 9877
10604 10605
5398 5400
11456 11457
8769 8771
1479 1480
860 862
2679 2681
1708 1710
6964 6966
9295 9297
9989 9991
996 997
10960 10961
3310 3312
6954 6956
9127 9128
6197 6198
6471 6472
6467 6469
2325 2326
10478 10479
9396 9397
5992 5994
10376 10378
8789 8791
1596 1598
2801 2803
6213 6214
4760 4762
9748 9749
1002 1004
7172 7174
8165 8167
6710 6712
7547 7549
4622 4624
988 990
10601 10603
3303 3304
10739 10741
10613 10615
1854 1856
11560 11561
1118 1119
7686 7687
11572 11573
7202 7204
6475 6477
11555 11556
2938 2940
9978 9980
9983 9985
2471 2473
6721 6722
9892 9894
1953 1955
6221 6222
4283 4284
3930 3932
8146 8147
8658 8659
10850 10851
7180 7182
5495 5496
5115 5117
8182 8183
7937 7938
10473 10475
352 354
7824 7826
1972 1974
11084 11086
1982 1984
6717 6718
8281 8283
2680 2681
3561 3562
10126 10128
5263 5264
1118 1120
1599 1600
10716 10718
1821 1823
1358 1359
5251 5253
11111 11113
10128 10129
1702 1704
2578 2580
2308 2309
5884 5885
5709 5711
626 627
11344 11346
4743 4745
3917 3918
7198 7199
16 17
10853 10855
979 981
7691 7693
6966 6968
11574 11576
390 392
5258 5260
8416 8418
11216 11218
3549 3550
5395 5396
4634 4635
10109 10110
7942 7943
10265 10266
6093 6095
10610 10611
11215 11216
11081 11082
11093 11094
5 7
6692 6693
3162 3164
1373 1375
6823 6824
10372 10373
10624 10625
8429 8430
10120 10121
4274 4275
4871 4873
6225 6226
7556 7558
7064 7065
11070 11072
10599 10601
6358 6360
7687 7688
7198 7200
4779 4781
8288 8290
399 401
2470 2471
6222 6224
6973 6974
733 735
3658 3660
2936 2937
9 11
1812 1814
1331 1332
9005 9006
8152 8154
7193 7195
1855 1856
7457 7459
3429 3430
9294 9295
8143 8145
3648 3649
3274 3276
9497 9498
10244 10245
10483 10484
6340 6342
8301 8302
1487 1488
4761 4763
6088 6090
5865 5867
4257 4259
6345 6346
6466 6467
9605 9607
7947 7949
6339 6340
8307 8309
3762 3763
4627 4628
4295 4297
7811 7813
2948 2950
8901 8903
5744 5746
9138 9140
1342 1344
6574 6576
7174 7175
8650 8652
35 36
5383 5384
6848 6850
11440 11442
1112 1114
39 41
7343 7345
8180 8181
1364 1366
6348 6350
1481 1482
2963 2964
6234 6235
9741 9743
10096 10097
4889 4891
2320 2322
2103 2105
33 35
3448 3450
9264 9265
742 743
7450 7451
9493 9494
8517 8519
10747 10748
640 642
10621 10622
9256 9257
990 991
6690 6691
1838 1840
4635 4636
140 142
7659 7660
6705 6707
1608 1610
7312 7314
7671 7673
724 726
6479 6481
5249 5251
6730 6731
998 1000
5513 5515
9895 9896
4285 4287
5511 5512
9883 9885
5228 5229
9253 9255
10471 10472
3904 3905
8145 8146
10849 10850
10620 10622
4037 4039
11595 11597
11446 11448
14 15
5017 5019
2448 2450
5728 5730
4044 4046
4148 4150
11341 11342
2800 2802
11567 11568
3062 3063
990 992
9887 9888
11071 11072
7460 7462
10269 10271
6365 6366
2313 2314
6353 6354
11238 11239
7693 7694
6000 6002
10368 10370
9884 9885
6836 6837
4637 4638
10857 10858
4897 4898
3765 3766
9009 9011
4421 4422
8787 8788
1849 1850
11090 11091
5506 5507
9003 9004
143 144
4746 4747
9608 9609
6724 6725
10101 10103
1964 1965
5112 5113
6729 6731
5847 5849
6582 6584
9614 9615
2344 2346
9619 9620
11079 11081
38 39
10240 10242
10720 10721
2571 2573
4883 4885
5025 5026
2331 2333
5875 5877
10717 10718
2199 2200
11105 11106
9754 9755
1977 1978
2102 2103
9128 9129
2822 2823
5370 5371
8521 8523
4389 4390
505 507
3314 3315
7832 7834
4527 4529
7463 7465
2804 2805
6480 6482
9888 9890
6362 6363
7809 7811
3545 3547
1362 1363
4145 4146
2940 2941
41 42
5497 5499
7329 7330
7949 7950
7678 7680
6682 6684
4142 4144
5880 5881
9495 9497
5011 5013
9490 9492
4893 4894
1493 1495
9624 9626
1601 1602
6195 6197
6572 6574
6708 6710
3320 3322
10263 10264
1351 1353
9638 9639
10734 10736
11562 11564
6347 6349
5613 5614
4415 4416
9503 9504
9756 9758
2932 2933
5611 5613
3787 3788
6099 6100
6211 6213
8315 8316
5264 5265
3068 3069
3789 3791
3321 3323
1222 1223
5735 5736
7557 7559
982 983
3298 3299
5723 5725
2827 2829
489 490
9773 9774
9411 9412
2788 2790
8665 8666
9494 9496
393 394
7817 7818
8915 8916
10116 10118
8800 8801
9646 9648
2924 2926
3307 3308
1341 1343
7062 7063
8280 8282
3060 3061
9779 9781
7798 7800
9012 9014
3915 3916
6470 6472
2098 2100
11236 11237
3927 3929
637 639
9286 9287
6718 6719
4623 4625
2330 2331
7181 7182
9006 9008
9755 9756
6971 6973
8045 8046
5873 5875
1857 1858
2580 2581
11242 11244
11104 11106
11599 11601
730 731
7462 7463
2346 2347
3798 3799
5373 5374
366 368
9263 9264
3554 3556
11441 11443
3770 3771
4043 4044
4749 4750
11205 11207
9281 9283
11201 11203
6856 6857
11358 11359
9388 9389
4387 4388
2475 2477
5494 5496
727 728
2309 2311
2584 2585
2686 2688
5850 5852
5987 5989
4271 4272
7207 7208
2190 2192
8173 8174
3432 3433
4744 4745
6489 6490
3427 3428
17 19
1340 1341
5733 5734
6842 6844
1614 1615
6578 6579
9877 9878
2200 2201
5241 5242
880 882
2474 2475
10953 10955
9499 9500
5748 5750
2802 2803
9745 9746
1850 1851
5738 5740
9017 9018
11338 11339
6373 6375
386 387
4541 4543
11358 11360
9994 9996
3767 3769
377 378
3451 3452
3420 3421
9636 9637
3803 3805
8186 8187
4524 4525
11212 11213
5368 5369
5012 5014
8917 8919
9389 9390
3555 3556
838 840
1008 1010
3567 3569
10594 10596
9014 9016
1615 1616
7554 7556
7448 7450
1978 1979
239 240
1227 1228
1603 1605
8415 8416
3916 3917
1225 1227
6473 6475
3277 3279
4409 4411
7822 7823
10482 10483
4881 4882
3071 3073
10474 10475
2343 2345
9409 9410
4252 4254
5869 5871
6210 6211
11570 11571
8909 8910
10245 10247
7929 7930
3548 3549
3931 3933
8433 8434
8166 8168
8677 8679
6231 6233
2828 2830
10108 10109
8318 8319
5367 5368
10112 10113
9261 9262
8310 8311
10867 10869
11588 11589
7305 7306
6976 6977
10133 10134
4424 4425
392 394
11210 11212
11209 11211
10131 10133
7447 7449
3058 3059
4525 4526
4630 4631
4772 4774
5994 5996
9267 9269
5255 5257
8519 8521
7932 7934
11069 11070
8921 8923
6831 6832
3415 3417
4620 4622
4537 4539
5009 5010
5126 5128
28 30
491 493
8805 8806
5997 5999
1486 1488
1598 1600
10365 10366
4520 4521
8667 8669
8906 8908
395 397
2956 2958
634 636
2318 2319
2321 2322
1984 1986
9265 9267
3774 3775
2437 2439
1851 1852
2790 2792
2789 2791
4393 4394
4531 4532
3075 3076
7323 7325
873 875
1011 1013
7446 7448
3421 3422
3782 3784
9749 9750
4890 4892
3761 3762
9616 9617
11558 11560
2675 2676
5360 5361
2303 2305
11439 11441
10228 10229
4403 4405
2678 2680
11083 11084
2819 2821
11221 11222
11586 11588
9134 9135
4638 4639
11095 11097
6481 6483
1843 1844
6827 6828
2449 2450
10375 10376
735 737
2806 2807
9752 9754
9123 9125
729 730
867 868
5392 5394
5221 5222
8642 8643
10958 10960
8040 8042
7461 7462
10362 10364
4521 4522
4886 4887
4417 4418
5226 5228
1001 1003
1360 1362
2342 2343
8188 8190
9631 9633
8778 8779
1841 1842
1831 1832
19 21
11351 11353
251 253
9607 9608
5750 5751
4280 4281
3301 3302
6332 6333
2947 2949
3553 3554
2939 2940
5503 5504
3291 3293
5603 5605
7674 7675
9507 9508
1815 1817
4278 4280
10254 10255
1980 1982
6212 6214
1216 1218
8799 8801
10247 10248
4638 4640
995 996
6217 6218
4631 4632
4413 4414
8144 8145
7689 7691
2087 2088
5396 5398
10127 10128
10600 10601
1823 1824
10241 10242
1466 1467
3292 3294
6726 6727
10612 10613
10595 10596
9768 9769
3566 3567
1969 1970
2086 2088
9635 9636
7310 7311
2931 2932
498 500
11587 11588
10481 10483
6216 6218
3439 3440
5357 5359
10962 10963
6370 6371
11566 11567
11355 11357
10377 10379
7700 7702
644 645
10385 10386
10856 10857
7946 7948
985 986
1814 1816
7561 7562
3159 3160
7322 7323
4281 4282
6333 6334
8798 8799
1120 1121
8777 8779
6693 6694
2446 2447
11575 11576
1860 1862
373 374
4264 4266
1332 1334
3898 3900
8525 8526
1618 1619
7935 7936
8157 8159
7065 7066
5385 5387
4621 4623
5753 5755
7805 7807
5225 5227
8771 8773
2460 2461
5732 5733
4742 4743
3284 3285
4140 4141
2962 2964
11213 11215
9761 9762
9141 9142
2198 2199
9880 9882
8646 8647
5111 5113
1607 1609
9894 9895
9275 9276
6846 6848
7452 7453
1114 1116
3057 3058
3283 3285
9782 9784
501 502
7213 7214
8798 8800
7199 7200
9402 9403
3435 3437
6237 6238
2185 2186
5734 5735
7548 7550
5883 5884
2327 2329
6839 6840
8434 8436
4293 4294
5716 5718
3317 3319
11218 11219
9760 9761
1610 1612
8659 8661
3937 3939
8428 8430
10125 10127
5378 5379
9987 9988
10114 10116
9649 9651
11112 11113
4767 4768
10724 10726
4533 4535
8766 8768
9640 9641
10719 10720
11336 11338
5879 5881
6100 6102
7676 7678
11222 11223
1329 1330
10737 10738
5730 5732
6575 6576
2455 2457
5601 5603
4877 4879
10729 10730
9651 9652
2203 2205
8321 8322
4777 4779
6829 6831
9645 9647
6343 6345
7545 7546
639 640
731 733
8300 8302
6002 6004
10136 10138
4399 4401
3164 3166
1832 1834
6344 6346
10129 10131
6684 6685
5602 5603
3280 3281
9615 9616
1605 1607
3175 3177
6220 6221
9981 9983
8768 8770
11075 11076
2201 2203
6703 6705
4905 4907
1835 1837
10230 10232
3660 3662
5515 5516
859 861
997 999
3169 3171
7188 7190
9885 9886
10261 10263
630 631
8044 8045
8516 8517
1856 1857
5507 5509
8806 8807
5389 5390
7074 7075
9618 9619
9632 9633
9398 9400
8179 8180
3072 3073
7702 7703
6853 6854
886 888
3170 3171
6368 6369
5986 5988
7938 7939
1014 1015
4383 4384
7196 7198
989 990
633 634
8414 8415
987 989
3936 3937
9126 9128
8172 8173
10607 10608
1715 1717
237 239
10119 10121
7071 7073
10469 10471
9775 9776
6098 6100
9270 9272
4253 4254
5500 5501
141 143
10755 10756
6687 6688
9763 9765
2826 2828
8041 8043
1371 1372
9015 9017
11101 11102
1617 1618
2202 2203
5371 5372
10094 10095
9393 9394
5267 5269
4420 4422
10237 10239
9157 9158
6959 6961
6363 6364
8786 8787
238 240
8914 8916
523 525
5877 5878
10742 10743
8414 8416
1852 1853
5606 5607
9628 9629
9292 9293
4259 4260
2187 2189
29 30
1463 1464
2674 2676
3423 3425
4263 4265
8169 8171
1499 1500
2347 2349
8775 8777
10369 10371
1497 1499
3559 3561
6961 6962
4143 4144
8279 8281
11449 11451
2093 2094
4405 4406
9405 9407
9016 9017
1212 1213
11217 11218
6082 6084
4776 4777
8520 8521
1844 1845
6828 6829
504 505
7928 7929
7059 7061
10232 10234
7703 7704
5722 5723
1330 1332
857 859
5496 5497
10251 10253
8633 8635
3440 3441
4736 4737
1828 1830
10122 10124
8147 8148
5854 5855
4396 4397
1955 1956
8653 8655
2104 2106
10098 10099
5393 5394
2793 2795
9647 9648
5867 5869
9022 9023
1344 1345
2581 2582
1213 1214
9642 9644
7827 7829
7667 7668
1211 1213
10749 10751
387 388
5375 5377
7190 7191
2824 2825
1956 1958
11100 11102
12 13
1616 1618
6202 6204
7815 7817
845 846
1215 1217
5246 5248
5727 5728
7184 7185
488 490
3922 3924
10577 10579
3074 3075
4750 4752
7686 7688
4738 4740
522 523
5854 5856
8664 8666
7177 7178
5397 5398
6585 6586
3424 3425
10374 10375
11220 11221
2585 2586
10748 10749
3066 3068
10605 10606
4528 4530
9777 9779
11578 11579
7660 7661
6568 6570
8182 8184
2443 2444
4262 4263
4639 4641
8662 8663
9277 9278
5742 5744
2672 2673
2952 2953
10625 10626
2196 2197
3768 3769
8795 8796
7795 7797
11447 11449
7943 7945
9153 9155
4392 4393
4053 4055
10091 10092
3059 3060
6832 6834
11235 11236
5372 5374
9496 9497
5376 5378
8035 8037
3304 3306
866 868
4247 4249
7793 7795
10250 10251
7195 7197
357 358
15 17
9280 9281
4898 4899
4258 4260
11091 11093
10746 10748
9977 9979
10959 10960
10260 10261
2461 2463
4275 4277
11444 11446
9290 9291
9886 9887
10466 10467
5983 5984
5006 5008
7942 7944
641 642
6967 6969
1709 1711
8785 8786
2299 2300
5504 5506
5010 5011
8302 8303
8163 8165
7203 7204
7060 7062
9988 9989
10866 10867
10475 10476
3901 3903
4261 4263
984 985
4895 4897
1824 1825
6352 6353
8311 8312
4152 4153
8299 8301
9020 9021
1220 1221
376 378
6204 6205
3425 3426
6725 6727
7808 7810
10718 10719
6371 6373
7546 7547
2470 2472
4878 4879
8631 8632
4879 4880
9886 9888
5388 5389
1219 1221
1830 1831
10862 10864
4629 4631
1224 1225
6472 6473
9896 9897
1952 1953
3276 3277
5394 5396
2452 2454
5740 5742
11597 11599
1010 1011
370 372
3168 3170
3662 3664
5253 5255
3800 3801
7936 7938
8432 8434
6242 6243
2592 2593
3080 3082
3410 3412
1367 1369
11571 11572
7174 7176
5007 5008
10718 10720
4633 4635
6819 6821
1975 1977
8907 8908
734 735
7458 7459
9612 9614
9144 9146
1129 1130
2319 2320
8177 8179
11066 11067
4136 4138
6835 6837
389 391
7210 7211
1820 1821
11569 11570
742 744
5230 5232
11559 11560
1949 1950
10105 10107
6579 6580
3655 3656
2306 2308
7818 7819
2795 2797
2933 2935
3079 3081
10364 10366
11582 11584
1713 1714
4763 4764
627 628
9147 9149
255 257
1477 1478
631 633
9633 9635
512 514
3073 3075
4906 4908
3281 3283
2445 2447
5245 5247
2447 2448
734 736
7451 7453
3808 3810
7697 7699
4419 4421
1948 1949
2787 2789
7328 7329
10592 10593
7197 7198
8314 8316
6095 6096
351 353
4764 4766
3062 3064
3061 3063
3918 3920
5124 5126
4286 4288
11226 11228
487 489
11099 11101
11238 11240
11346 11348
8161 8163
9769 9770
7347 7348
5499 5501
8319 8321
369 371
5514 5515
10870 10871
1827 1829
2570 2572
7337 7339
9163 9164
9603 9605
3786 3787
840 841
3934 3935
9122 9123
7672 7673
2333 2334
10227 10228
4416 4418
9750 9751
3306 3308
5711 5713
1007 1009
10464 10465
3911 3912
2588 2590
5604 5606
1464 1465
3552 3554
6852 6853
3907 3909
4046 4048
1217 1219
11073 11075
9746 9747
38 40
6857 6859
249 251
883 884
2301 2303
3653 3654
6342 6343
9629 9631
2091 2093
11067 11068
3914 3915
5594 5596
8285 8287
632 633
2102 2104
7657 7658
2822 2824
3934 3936
8808 8809
1111 1112
2926 2927
10130 10131
2950 2951
398 399
10480 10481
8647 8648
4039 4040
10952 10954
4035 4037
3288 3289
4888 4889
3771 3772
6335 6337
4384 4385
7801 7803
8313 8315
2935 2936
6709 6710
9272 9273
1501 1502
9156 9157
11445 11447
737 738
4290 4292
4042 4043
4882 4883
991 992
9638 9640
1619 1621
372 374
7820 7822
5746 5748
7665 7667
11585 11586
2316 2317
5876 5877
8524 8526
7171 7173
2105 2106
726 727
6698 6699
4782 4783
1009 1010
2579 2581
5364 5366
3763 3764
9400 9401
137 138
10721 10722
8294 8295
1222 1224
2189 2190
5016 5017
11352 11353
4266 4267
982 984
3450 3452
7666 7667
3562 3563
9622 9623
9751 9752
7315 7316
3797 3798
513 515
11097 11099
6239 6240
5989 5991
11240 11242
500 502
13 15
9891 9893
8676 8678
10380 10381
5731 5732
9143 9145
7185 7187
7062 7064
4412 4413
6581 6583
1600 1601
5243 5244
2458 2460
10258 10259
3807 3808
1226 1228
9898 9900
1954 1956
6715 6717
3900 3902
4292 4294
9996 9997
9288 9290
7927 7929
4418 4419
9286 9288
9150 9152
2090 2091
2084 2085
8794 8796
10751 10752
4291 4292
155 157
6825 6827
1714 1715
8526 8527
6960 6961
9401 9402
3422 3423
4526 4528
7462 7464
2100 2101
3798 3800
11581 11583
4135 4137
1116 1118
10252 10253
7333 7335
359 360
1495 1496
10736 10738
4900 4901
9508 9509
2576 2577
5600 5601
10728 10730
5248 5249
5027 5029
5377 5378
11109 11110
7544 7546
353 354
6830 6832
9260 9261
844 845
872 874
8185 8187
3780 3782
10093 10094
8191 8193
2794 2795
5609 5611
6953 6955
11561 11563
1612 1614
3785 3786
1842 1843
4 6
11086 11088
9770 9771
1354 1355
5860 5861
3933 3935
7948 7950
8436 8438
6699 6700
2442 2443
3422 3424
5509 5510
1350 1351
3300 3302
4892 4894
11353 11354
9133 9135
6850 6851
7555 7557
11345 11346
1989 1991
6346 6347
7072 7073
518 519
10956 10957
4268 4269
5019 5020
3436 3438
4756 4758
1122 1123
8 10
2817 2818
7456 7458
11580 11581
3437 3439
1970 1971
10255 10257
1482 1483
2685 2686
5988 5989
10596 10597
1131 1132
4625 4626
1717 1718
6205 6207
5020 5022
7208 7210
9160 9162
4256 4258
9406 9407
11082 11083
1822 1823
8421 8423
2953 2955
8146 8148
10850 10852
8658 8660
3564 3566
7069 7070
10107 10109
6851 6852
3077 3078
8639 8640
2332 2334
5237 5239
8289 8290
154 155
2459 2460
5845 5847
3433 3434
4269 4270
4400 4402
3759 3761
3924 3926
8310 8312
3565 3567
4041 4042
4134 4135
3804 3805
8803 8805
8913 8915
510 511
10363 10365
9781 9782
10479 10480
32 34
2832 2834
4630 4632
151 152
9762 9763
3295 3296
10467 10469
139 141
8171 8172
6716 6718
1461 1462
626 628
1822 1824
3650 3651
847 849
10586 10587
2463 2465
3766 3767
8630 8631
6354 6355
6958 6959
3557 3559
4903 4904
4137 4138
9771 9772
4735 4737
4279 4281
7346 7347
9159 9161
3932 3933
4634 4636
6824 6825
6238 6239
1705 1706
2574 2575
519 520
10610 10612
2960 2962
4147 4149
8437 8439
10965 10966
3801 3803
5359 5361
2323 2325
839 840
6360 6362
10268 10270
884 885
10731 10733
9744 9746
2825 2826
11096 11097
4274 4276
6337 6339
7934 7936
3651 3652
5391 5392
11589 11590
1967 1969
2806 2808
3273 3274
4425 4426
9266 9267
7553 7555
9258 9259
4766 4767
2436 2437
1833 1834
2937 2939
6238 6240
740 742
11113 11115
10587 10588
4886 4888
10963 10964
2691 2693
2342 2344
8652 8653
8788 8789
876 878
5014 5015
9255 9257
8284 8286
1012 1013
10871 10873
5750 5752
5399 5400
8663 8664
7813 7815
6466 6468
10752 10754
8529 8531
5755 5757
5853 5854
10861 10863
3791 3793
3762 3764
6230 6231
7212 7213
1961 1962
3065 3067
4766 4768
11077 11078
868 870
5021 5023
11600 11602
4402 4403
6726 6728
5125 5127
6234 6236
7454 7455
5361 5362
5713 5715
1004 1006
10609 10611
7204 7206
8518 8519
148 149
3772 3773
9995 9996
3414 3415
7450 7452
10863 10865
6690 6692
8151 8153
8523 8525
9876 9878
10604 10606
11456 11458
490 491
8769 8770
6571 6573
8666 8667
638 640
5022 5023
9630 9631
6730 6732
865 867
2679 2680
142 144
9295 9296
3318 3319
9989 9990
996 998
10960 10962
2833 2835
4385 4387
4530 4531
9283 9285
152 153
2302 2304
6570 6571
11457 11459
5595 5597
3764 3765
6467 6468
7454 7456
9396 9398
6478 6480
8789 8790
31 33
6235 6237
2801 2802
9748 9750
2317 2319
4742 4744
2198 2200
8165 8166
6834 6835
11110 11111
8646 8648
7547 7548
5118 5120
1372 1373
5998 5999
7058 7059
9634 9635
9894 9896
3657 3659
10601 10602
10739 10740
10613 10614
5022 5024
9630 9632
11560 11562
2961 2963
11572 11574
1325 1327
6475 6476
6364 6365
3289 3291
9983 9984
5734 5736
2471 2472
11090 11092
1953 1954
5506 5508
1976 1977
6200 6201
4277 4279
2096 2097
5115 5116
5358 5359
8158 8159
250 251
1229 1231
6485 6487
9878 9879
1845 1847
6962 6963
8910 8911
3290 3291
1500 1501
10725 10727
10473 10474
1981 1983
2085 2087
1336 1337
8281 8282
2680 2682
9754 9756
7826 7827
5712 5713
9774 9776
11222 11224
1821 1822
5370 5372
5251 5252
3314 3316
7688 7689
11111 11112
10128 10130
2308 2310
5884 5886
5709 5710
10753 10755
7550 7552
6362 6364
10969 10971
11107 11109
1362 1364
8417 8419
5005 5007
10253 10255
7934 7935
4743 4744
8158 8160
6681 6683
9509 9511
16 18
10853 10854
1973 1975
8782 8783
979 980
7691 7692
3279 3281
864 865
9390 9392
3796 3797
3913 3915
1109 1111
6093 6094
11228 11229
8046 8048
741 743
6091 6093
7309 7311
5502 5503
5 6
6692 6694
5107 5109
8043 8045
1373 1374
9410 9411
10372 10374
10624 10626
6818 6819
10120 10122
4871 4872
10134 10135
7064 7066
10599 10600
630 632
11343 11345
7206 7207
9985 9987
732 733
992 993
8806 8808
3298 3300
7831 7833
4779 4780
399 400
9146 9147
3315 3317
7702 7704
733 734
2936 2938
9 10
7695 7697
7193 7194
7307 7309
10123 10125
7457 7458
8143 8144
3648 3650
3434 3435
1014 1016
1470 1471
6722 6723
9282 9283
10244 10246
4737 4739
11225 11227
11237 11239
4761 4762
5865 5866
4257 4258
9605 9606
3176 3177
10092 10093
4284 4285
7947 7948
2330 2332
3784 3785
8307 8308
4295 4296
7811 7812
8901 8902
730 732
2094 2095
6096 6097
1006 1008
2346 2348
39 40
7343 7344
8180 8182
2302 2303
368 369
27 29
6583 6585
3770 3772
9741 9742
10096 10098
6206 6208
3294 3295
4398 4400
1356 1357
9772 9773
4889 4890
2103 2104
33 34
9264 9266
8517 8518
4876 4877
9256 9258
10742 10744
1333 1335
10477 10479
2949 2951
8638 8640
6705 6706
5606 5608
5725 5727
2684 2685
4740 4741
7671 7672
9979 9981
1469 1471
6479 6480
5249 5250
5513 5514
6578 6580
4285 4286
878 879
7314 7315
2474 2476
248 249
9883 9884
5228 5230
2300 2301
9253 9254
8781 8783
5117 5119
2802 2804
3904 3906
4037 4038
7176 7177
9740 9741
1850 1852
11595 11596
10478 10480
11338 11340
5017 5018
849 851
2 3
386 388
3294 3296
2676 2677
9397 9399
11202 11203
4040 4041
6956 6957
10269 10270
8186 8188
150 151
9884 9886
6836 6838
3278 3279
9009 9010
8312 8313
11450 11451
10132 10133
7797 7799
1978 1980
10954 10955
10606 10607
9608 9610
10744 10745
843 845
981 983
2298 2300
7664 7665
6724 6726
10101 10102
10482 10484
3560 3561
10474 10476
1964 1966
9269 9271
5112 5114
6729 6730
5847 5848
135 137
2328 2329
6210 6212
11570 11572
8037 8039
7319 7321
10235 10237
7549 7551
11079 11080
10720 10722
7190 7192
11342 11343
2571 2572
4883 4884
7183 7185
26 27
10964 10965
2331 2332
9611 9613
2809 2811
5875 5876
3058 3060
6970 6971
9128 9130
8521 8522
1358 1360
505 506
36 37
8793 8795
4527 4528
7463 7464
2804 2806
382 383
10374 10376
7459 7461
7809 7810
3545 3546
4781 4783
3760 3761
7834 7835
2940 2942
2456 2457
5497 5498
5724 5725
9890 9891
4262 4264
11337 11339
8662 8664
2958 2959
7677 7679
5868 5869
9131 9133
5880 5882
9495 9496
5011 5012
1493 1494
2335 2337
4636 4637
6226 6227
355 357
528 529
5871 5873
6195 6196
1351 1352
2589 2591
4901 4903
4151 4153
6347 6348
1127 1129
848 849
2932 2934
5611 5612
6211 6212
153 155
5264 5266
10383 10385
8922 8923
3068 3070
3789 3790
517 519
3321 3322
1121 1123
7557 7558
5723 5724
2827 2828
10854 10855
6209 6211
5026 5027
10738 10739
10730 10731
8800 8802
9294 9296
728 729
1341 1342
976 977
5597 5599
8778 8780
521 523
6487 6489
3060 3062
9779 9780
3654 3655
11236 11238
9641 9643
3927 3928
6351 6353
5374 5376
637 638
8036 8037
841 843
6229 6231
7674 7676
6201 6203
4623 4624
2097 2099
9274 9275
4769 4771
10117 10119
6971 6972
5023 5025
5873 5874
2580 2582
8637 8639
11599 11600
9620 9621
5993 5995
4540 4541
1466 1468
6855 6857
8792 8793
2466 2467
11441 11442
1830 1832
11205 11206
1711 1713
9281 9282
11201 11202
7692 7693
1701 1703
6856 6858
9388 9390
7327 7329
8164 8165
3792 3793
6370 6372
10962 10964
4757 4759
2475 2476
2309 2310
2584 2586
5236 5237
5987 5988
243 245
9776 9777
4150 4151
9162 9163
7322 7324
8419 8421
9140 9141
11340 11341
3432 3434
4744 4746
8533 8535
17 18
1340 1342
362 363
2200 2202
10953 10954
1602 1603
8767 8769
7655 7657
1618 1620
7187 7189
14 16
3910 3911
9765 9767
11576 11577
6373 6374
11076 11077
2677 2679
7344 7345
4541 4542
862 863
4780 4781
526 527
3767 3768
3420 3422
9636 9638
3803 3804
4524 4526
11212 11214
5368 5370
8917 8918
507 509
4536 4537
3567 3568
9402 9404
3909 3911
5708 5709
11349 11351
1603 1604
4038 4039
3916 3918
1225 1226
6473 6474
3277 3278
4409 4410
3161 3163
3071 3072
2343 2344
11218 11220
7812 7813
5013 5015
9614 9616
5869 5870
5378 5380
862 864
10245 10246
3548 3550
9501 9503
3931 3932
8677 8678
6231 6232
643 645
6336 6337
10108 10110
10112 10114
6092 6093
10967 10969
6357 6359
8306 8307
10867 10868
11588 11590
6976 6978
8298 8299
1327 1329
2796 2797
3272 3274
4424 4426
10870 10872
11209 11210
10131 10132
7447 7448
3070 3071
9267 9268
7803 7805
5255 5256
8519 8520
8921 8922
5227 5229
9750 9752
3415 3416
4537 4538
3172 3173
8295 8297
5859 5861
5882 5883
1836 1837
6356 6357
3411 3413
11065 11067
491 492
5997 5998
1597 1599
3935 3937
4628 4629
4520 4522
8667 8668
6350 6351
395 396
7173 7175
158 159
3938 3939
9265 9266
5602 5604
6355 6357
10617 10619
624 625
2437 2438
5747 5749
2789 2790
3445 3447
6342 6344
1366 1367
10750 10752
7338 7339
6860 6861
8649 8651
7323 7324
8149 8151
873 874
1011 1012
2454 2455
5864 5865
4632 4633
5360 5362
7681 7683
2303 2304
11439 11440
10228 10230
2818 2819
5374 5375
4403 4404
2950 2952
2819 2820
11095 11096
2831 2833
6481 6482
254 256
2204 2205
4626 4627
735 736
9123 9124
7074 7076
9618 9620
10957 10959
158 160
3305 3307
4141 4143
7342 7343
3170 3172
1001 1002
4734 4735
7938 7940
9631 9632
2477 2479
19 20
11351 11352
251 252
7056 7057
23 25
726 728
4280 4282
6332 6334
1853 1855
2947 2948
3167 3169
2572 2573
4884 4885
3291 3292
5603 5604
1815 1816
2959 2961
3775 3777
8318 8320
8799 8800
7696 7697
8294 8296
3293 3295
4873 4875
11089 11091
8144 8146
9622 9624
4036 4037
7689 7690
2202 2204
5498 5499
10600 10602
10612 10614
3442 3443
5119 5121
9768 9770
11563 11565
4753 4755
10481 10482
8786 8788
5357 5358
9627 9629
37 39
11355 11356
10377 10378
644 646
6232 6233
1706 1707
2450 2451
3431 3433
1228 1229
6484 6485
10856 10858
6843 6845
1120 1122
2101 2103
8777 8778
1614 1616
6688 6689
5857 5859
5256 5257
4771 4773
7308 7309
8157 8158
365 367
5385 5386
9648 9649
3302 3303
10266 10267
4621 4622
3416 3417
5753 5754
7805 7806
6728 6729
7186 7187
10715 10717
4532 4533
3076 3077
5225 5226
8771 8772
2460 2462
5732 5734
6697 6699
11443 11445
3284 3286
4140 4142
11213 11214
4031 4033
1834 1835
5722 5724
3426 3427
5111 5112
6845 6847
1607 1608
7452 7454
5235 5237
885 887
3283 3284
9008 9009
9882 9883
10588 10589
8923 8925
9644 9645
9780 9781
3435 3436
10098 10100
22 23
8170 8171
3447 3449
493 495
2327 2328
1350 1352
7169 7171
397 399
7829 7831
2683 2685
518 520
3317 3318
7822 7824
3551 3553
9760 9762
10859 10861
8659 8660
3937 3938
9498 9499
10125 10126
1962 1963
739 741
9649 9650
11088 11089
11112 11114
4533 4534
9640 9642
7313 7315
1013 1015
3779 3781
858 859
11106 11107
5879 5880
3074 3076
522 524
4414 4415
2455 2456
5601 5602
9626 9627
7066 7067
4877 4878
9120 9121
2203 2204
2451 2453
4777 4778
7694 7695
6829 6830
9645 9646
6343 6344
4519 4521
9125 9127
731 732
9643 9645
11578 11580
10373 10375
4399 4400
8535 8537
254 255
10129 10130
2318 2320
11231 11233
2673 2675
4874 4875
7331 7333
6684 6686
3280 3282
1003 1005
1859 1861
1826 1827
4134 4136
11347 11349
2930 2931
5262 5263
253 255
1605 1606
4294 4295
3175 3176
6220 6222
10741 10743
9981 9982
2201 2202
6703 6704
636 637
4905 4906
1835 1836
10111 10113
10250 10252
859 860
997 998
3169 3170
8903 8905
10261 10262
8190 8192
9134 9136
4898 4900
4755 4757
3766 3768
8044 8046
8630 8632
2304 2305
5872 5873
8516 8518
9021 9023
1856 1858
5507 5508
10476 10477
9632 9634
1987 1989
3072 3074
9290 9292
10466 10468
3793 3795
8317 8319
2314 2315
628 629
6368 6370
9276 9277
11204 11205
9154 9155
8804 8805
1353 1355
5010 5012
10379 10381
5715 5717
7950 7951
10866 10868
987 988
3936 3938
1230 1231
5123 5125
1471 1473
8172 8174
1715 1716
10254 10256
237 238
10119 10120
2929 2931
7071 7072
6840 6841
11448 11449
9404 9405
10469 10470
5500 5502
141 142
9763 9764
7546 7548
8041 8042
9015 9016
7658 7659
9625 9627
5365 5367
5267 5268
4518 4519
7704 7705
10237 10238
2462 2463
5856 5857
3566 3568
6959 6960
10593 10595
7317 7319
7310 7312
2587 2589
8632 8633
5014 5016
523 524
9285 9287
3777 3779
2338 2339
11566 11568
9652 9653
8916 8917
10382 10383
1852 1854
1010 1012
9628 9630
4765 4767
9292 9294
4146 4147
2187 2188
9279 9281
42 43
3423 3424
4263 4264
6242 6244
4049 4051
6230 6232
8169 8170
2347 2348
2446 2448
8775 8776
10369 10370
1497 1498
3559 3560
8279 8280
1712 1713
11449 11450
9405 9406
5114 5115
9289 9291
7458 7460
3659 3661
2820 2821
9016 9018
9403 9405
1212 1214
2462 2464
10248 10249
4776 4778
8520 8522
1844 1846
6828 6830
504 506
7928 7930
11066 11068
7059 7060
8518 8520
9407 9409
6847 6849
11552 11553
11229 11231
7210 7212
3414 3416
7818 7820
857 858
5737 5739
6199 6201
2577 2579
5496 5498
10251 10252
9152 9153
7216 7217
1347 1349
8633 8634
3440 3442
4736 4738
11208 11209
5254 5255
9019 9021
3318 3320
4396 4398
6965 6967
7683 7685
8653 8654
1214 1216
8029 8031
993 995
2793 2794
379 381
10864 10865
4273 4275
394 395
5996 5997
4408 4409
1335 1337
6087 6089
6085 6087
4033 4035
8178 8179
5867 5868
6587 6589
1344 1346
7827 7828
1475 1477
1211 1212
10749 10750
5375 5376
3171 3173
11110 11112
2824 2826
12 14
7815 7816
1215 1216
5514 5516
7184 7186
1968 1969
9278 9280
1480 1481
8528 8529
3786 3788
9122 9124
2095 2097
3424 3426
11220 11222
6706 6707
10748 10750
354 355
11438 11439
5863 5865
9777 9778
7660 7662
383 385
4639 4640
9878 9880
2672 2674
6228 6229
2952 2954
9746 9748
2196 2198
3768 3770
363 364
7795 7796
11447 11448
7943 7944
1000 1001
4911 4913
9153 9154
4392 4394
5751 5753
7939 7941
11354 11355
4053 4054
7192 7193
30 31
8162 8163
10851 10853
3914 3916
10961 10963
9137 9139
9496 9498
7449 7451
8035 8036
9271 9273
4247 4248
8655 8657
6198 6199
8047 8049
7793 7794
4870 4871
7195 7196
10130 10132
9280 9282
15 16
511 513
497 499
2326 2327
9010 9011
11091 11092
3 5
9977 9978
8522 8523
1710 1711
5719 5721
10260 10262
2461 2462
4275 4276
11453 11455
6833 6835
11207 11209
1334 1335
6858 6859
8532 8533
4042 4044
4882 4884
11085 11087
6967 6968
1709 1710
30 32
8163 8164
1707 1709
6963 6965
9988 9990
3901 3902
7214 7215
8290 8291
1490 1491
8175 8177
736 737
869 871
6698 6700
4261 4262
2197 2199
984 986
4895 4896
6584 6585
6352 6354
10134 10136
5886 5888
11108 11109
8776 8777
7206 7208
4266 4268
4152 4154
5369 5371
8299 8300
1220 1222
6204 6206
9020 9022
7666 7668
3313 3315
6725 6726
1990 1991
3562 3564
6371 6372
1346 1347
5505 5507
1113 1115
10094 10096
3165 3167
5752 5753
9623 9625
5388 5390
388 389
7061 7063
7804 7805
7810 7811
1219 1220
10139 10141
1223 1225
358 359
4629 4630
1473 1475
11348 11349
10258 10260
8919 8921
6219 6221
5380 5381
5108 5109
1224 1226
6472 6474
9896 9898
1952 1954
3276 3278
11597 11598
4418 4420
6194 6196
1966 1967
11232 11233
10597 10599
2090 2092
4733 4735
5253 5254
3800 3802
1817 1819
2444 2445
2592 2594
1474 1475
1367 1368
1714 1716
1124 1125
2322 2323
367 369
7930 7931
4633 4634
6819 6820
1975 1976
5612 5613
503 505
9287 9289
11098 11099
4394 4395
5846 5847
2786 2787
8153 8155
8177 8178
8791 8793
6835 6836
389 390
1820 1822
3174 3175
10105 10106
7336 7337
622 623
4404 4405
6089 6091
2795 2796
2933 2934
3079 3080
2794 2796
5239 5241
9147 9148
1842 1844
2305 2307
255 256
8431 8433
1354 1356
9770 9772
10616 10617
9145 9147
631 632
10608 10609
9633 9634
5745 5747
10267 10269
3073 3074
3444 3445
4748 4749
2442 2444
11243 11245
5710 5711
3281 3282
9136 9137
2445 2446
4248 4249
6850 6852
6849 6851
4522 4523
156 157
5245 5246
8648 8649
2192 2193
1716 1717
6700 6701
6346 6348
7451 7452
7697 7698
4419 4420
9135 9137
1948 1950
2787 2788
10592 10594
7328 7330
3319 3321
11573 11575
8654 8655
2439 2441
351 352
1122 1124
977 979
3061 3062
487 488
11099 11100
150 152
3652 3653
8161 8162
5499 5500
1970 1972
5726 5727
8319 8320
8303 8305
369 370
1482 1484
1609 1611
1827 1828
9291 9293
9980 9981
725 727
7337 7338
9984 9985
524 525
840 842
7672 7674
2340 2341
7663 7665
10256 10257
11082 11084
10955 10957
1811 1813
10242 10243
5711 5712
2329 2331
2467 2469
1007 1008
10464 10466
5739 5741
1349 1351
154 156
9990 9991
4045 4047
1464 1466
6852 6854
3907 3908
1217 1218
4391 4393
11073 11074
1478 1479
6714 6715
2345 2347
6857 6858
4751 4753
4774 4775
249 250
9759 9761
6474 6475
2301 2302
5240 5241
9629 9630
2091 2092
7807 7809
6001 6003
5726 5728
4282 4283
8285 8286
632 634
3926 3927
4904 4905
8808 8810
9762 9764
1467 1469
2457 2459
10480 10482
3650 3652
10586 10588
6243 6245
6354 6356
5886 5887
4035 4036
6577 6579
3288 3290
4888 4890
6335 6336
10100 10101
2473 2475
4384 4386
2593 2595
11553 11555
1368 1369
7801 7802
8313 8314
7346 7348
2814 2816
6580 6581
10236 10237
3925 3927
9272 9274
9156 9158
11445 11446
7217 7219
9395 9397
6094 6095
1619 1620
1983 1985
385 387
4054 4055
7665 7666
8302 8304
11211 11213
2316 2318
5876 5878
6841 6843
10622 10623
7171 7172
2186 2187
7828 7829
5995 5997
2579 2580
9408 9409
4770 4771
3287 3289
9400 9402
5016 5018
11352 11354
8168 8169
6821 6823
8282 8283
645 647
9266 9268
1343 1345
10854 10856
9258 9260
9993 9995
7678 7679
635 637
4878 4880
1503 1505
513 514
11097 11098
5989 5990
3646 3647
8911 8913
13 14
8292 8293
1960 1961
8430 8431
2810 2811
9891 9892
5259 5261
10380 10382
6969 6971
9143 9144
7185 7186
4412 4414
6581 6582
1600 1602
10239 10241
492 493
2797 2799
9013 9015
7311 7313
3802 3803
3654 3656
4390 4391
6715 6716
6838 6839
8668 8669
2334 2335
9609 9611
11233 11235
9996 9998
7189 7191
7927 7928
10619 10621
5232 5233
9149 9151
1128 1129
2084 2086
3896 3897
8427 8429
7341 7343
10723 10725
8784 8785
852 853
155 156
6825 6826
6960 6962
2792 2793
2100 2102
8783 8785
2307 2309
10968 10969
4402 4404
11581 11582
4135 4136
10252 10254
7333 7334
7675 7677
625 627
9508 9510
4900 4902
2576 2578
4535 4537
5600 5602
1476 1477
2925 2927
10584 10585
5248 5250
7662 7663
5027 5028
882 883
2334 2336
9116 9118
490 492
844 846
9260 9262
6334 6335
8185 8186
8666 8668
8191 8192
3163 3165
4150 4152
7821 7823
5609 5610
6953 6954
11561 11562
6691 6693
5860 5862
1847 1849
3933 3934
3902 3903
10371 10373
4530 4532
871 873
6570 6572
252 253
256 257
9133 9134
7555 7556
1989 1990
10740 10741
7072 7074
6707 6709
4268 4270
10956 10958
3910 3912
4287 4289
5714 5715
7690 7691
1819 1821
5229 5231
6834 6836
4052 4053
4908 4909
7058 7060
9634 9636
516 517
3413 3415
10745 10747
11580 11582
3437 3438
10255 10256
863 865
5988 5990
10596 10598
10243 10245
6205 6206
999 1001
10589 10591
8316 8317
384 385
7792 7793
881 883
7316 7317
8421 8422
5749 5751
2953 2954
846 847
9394 9395
10115 10117
4038 4040
10107 10108
6486 6487
5028 5029
11356 11357
1352 1353
11102 11103
250 252
5237 5238
520 521
7656 7657
9639 9641
9011 9013
5845 5846
5381 5383
6962 6964
3290 3292
8033 8035
1465 1467
2814 2815
3565 3566
3804 3806
8803 8804
8913 8914
10363 10364
6718 6720
7324 7325
4768 4769
7826 7828
10467 10468
974 975
139 140
9151 9153
2926 2928
8797 8799
8801 8803
398 400
847 848
11102 11104
2463 2464
2923 2925
3557 3558
9148 9149
9284 9285
4912 4913
10598 10599
1700 1701
4735 4736
1611 1613
4279 4280
9159 9160
3178 3179
3932 3934
6824 6826
4267 4269
11203 11205
6361 6363
10722 10723
4896 4897
9504 9505
7945 7947
3409 3411
1366 1368
1813 1815
4147 4148
8048 8049
8320 8321
8437 8438
6685 6687
3801 3802
5359 5360
2454 2456
2323 2324
2575 2577
9410 9412
5223 5225
4782 4784
6818 6820
884 886
10731 10732
7933 7935
11096 11098
4249 4251
6337 6338
9117 9119
157 159
10743 10745
6701 6703
3790 3791
6215 6217
10970 10971
9764 9765
1967 1968
3795 3797
2946 2947
10110 10111
7553 7554
9146 9148
9991 9993
2436 2438
2937 2938
1985 1987
4778 4779
8904 8905
4754 4755
5024 5025
506 507
11113 11114
8176 8177
2691 2692
3434 3436
8652 8654
8788 8790
3546 3547
6722 6724
9282 9284
9118 9119
1123 1125
9255 9256
1012 1014
10871 10872
5110 5111
7178 7179
7813 7814
1606 1607
6586 6587
2341 2343
10257 10259
8529 8530
5755 5756
1345 1347
8032 8033
3923 3925
10861 10862
3791 3792
7212 7214
11454 11455
8526 8528
3065 3066
5861 5863
7063 7065
8673 8675
5021 5022
10626 10627
5125 5126
5713 5714
5990 5991
8796 8797
2194 2195
6240 6241
10609 10610
148 150
8189 8191
9118 9120
10863 10864
375 377
7799 7801
6957 6959
8151 8152
8523 8524
8160 8161
4051 4053
6571 6572
10103 10104
5855 5857
5878 5879
865 866
7314 7316
2955 2957
10581 10583
2833 2834
4385 4386
9283 9284
152 154
11457 11458
5595 5596
3764 3766
3774 3776
4910 4911
3302 3304
1489 1491
10366 10367
2 4
31 32
4899 4901
6235 6236
629 631
11072 11073
2317 2318
11202 11204
496 497
7680 7681
2815 2817
1372 1374
10090 10092
3657 3658
3805 3807
2961 2962
1325 1326
6364 6366
3289 3290
22 24
11450 11452
4289 4291
10954 10956
1976 1978
6200 6202
6713 6715
4277 4278
2096 2098
1703 1705
1229 1230
6485 6486
7800 7801
4875 4877
9621 9623
2811 2813
1845 1846
2943 2945
2339 2341
1500 1502
10725 10726
6974 6975
4739 4741
1221 1223
1981 1982
26 28
8039 8041
2085 2086
1336 1338
1979 1981
3312 3313
4872 4873
5712 5714
10733 10735
6970 6972
986 987
11583 11585
8924 8925
7688 7690
7170 7171
10753 10754
10969 10970
11107 11108
2803 2805
9743 9745
1472 1473
8417 8418
5005 5006
10253 10254
7834 7836
4752 4753
6958 6960
9890 9892
1363 1365
9509 9510
5717 5719
1339 1341
1973 1974
3279 3280
2922 2923
8155 8156
864 866
1971 1973
6955 6957
3796 3798
3913 3914
8770 8771
1359 1361
1109 1110
8167 8169
6226 6228
7699 7701
2574 2576
5247 5249
6207 6208
11228 11230
2964 2965
741 742
6091 6092
4294 4296
7309 7310
5107 5108
8043 8044
1959 1961
4523 4525
10714 10715
8922 8924
3296 3297
4880 4881
1491 1493
3067 3069
11343 11344
5366 5367
9985 9986
8774 8775
732 734
992 994
7831 7832
6696 6697
5026 5028
3315 3316
10738 10740
7695 7696
10730 10732
9778 9779
7307 7308
10123 10124
391 393
1951 1953
2791 2793
10121 10123
3446 3447
4737 4738
11225 11226
1468 1469
1604 1605
11237 11238
6573 6575
11598 11599
3783 3785
5851 5853
5008 5009
9164 9165
3176 3178
8184 8185
10092 10094
3661 3663
4284 4286
1119 1121
9767 9769
3784 3786
9274 9276
11219 11221
10868 10869
6096 6098
1988 1989
6972 6973
368 370
10855 10857
4518 4520
9004 9005
11593 11595
27 28
2466 2468
11577 11579
6583 6584
5866 5867
7325 7327
1356 1358
9772 9774
6822 6823
7685 7687
6482 6483
5979 5981
8657 8659
4876 4878
5252 5253
1333 1334
10477 10478
2949 2950
4133 4135
4407 4409
1348 1349
5725 5726
2684 2686
4740 4742
9979 9980
8534 8535
1469 1470
9124 9125
1704 1705
6224 6225
9162 9164
362 364
248 250
2300 2302
8781 8782
5848 5849
1602 1604
5502 5504
5117 5118
3929 3931
7440 7441
3173 3175
7176 7178
10249 10251
9740 9742
5260 5261
9505 9507
8629 8631
9650 9651
849 850
3428 3429
5844 5845
2676 2678
9397 9398
7215 7217
2106 2107
4040 4042
6956 6958
11214 11215
6372 6373
4894 4895
5998 6000
5261 5263
5254 5256
138 139
8312 8314
7175 7177
2583 2585
10132 10134
6331 6333
7797 7798
7543 7545
1837 1839
10744 10746
843 844
981 982
7941 7943
7664 7666
4255 4257
3556 3557
5358 5360
3560 3562
9269 9270
135 136
2328 2330
5363 5365
8037 8038
6837 6839
7319 7320
8910 8912
10235 10236
7549 7550
5870 5871
11230 11231
10233 10235
7183 7184
8306 8308
4894 4896
8298 8300
9139 9141
10964 10966
5109 5111
9611 9612
8527 8529
2809 2810
36 38
1848 1849
8793 8794
361 363
499 501
1965 1967
5018 5019
4406 4407
8030 8031
8675 8677
3788 3789
7459 7460
5882 5884
4781 4782
3760 3762
2456 2458
5724 5726
11337 11338
8782 8784
8920 8921
7677 7678
7200 7201
3938 3940
7443 7445
10583 10585
5868 5870
9131 9132
6367 6369
11230 11232
2335 2336
4636 4638
355 356
528 530
5871 5872
8142 8144
3928 3929
7698 7699
11227 11229
7338 7340
2589 2590
4901 4902
1485 1487
4151 4152
241 243
7209 7211
8425 8427
1127 1128
848 850
4139 4141
9119 9121
6233 6235
1115 1117
153 154
6198 6200
10381 10383
7806 7807
4870 4872
2818 2820
10623 10625
10383 10384
8030 8032
517 518
10860 10861
2326 2328
8636 8637
8772 8773
1854 1855
1121 1122
10951 10953
5266 5267
5242 5243
3064 3065
4626 4628
8287 8289
10472 10473
6209 6210
9893 9895
6083 6085
7168 7170
3417 3419
6859 6861
1334 1336
8305 8307
728 730
6214 6215
8297 8299
976 978
8435 8437
5597 5598
521 522
6487 6488
6723 6725
10852 10853
10095 10097
3299 3301
378 379
6483 6485
9641 9642
6351 6352
8036 8038
10231 10233
7825 7827
841 842
1982 1983
3418 3419
6229 6230
6201 6202
1494 1495
2097 2098
4769 4770
10117 10118
5023 5024
2083 2085
10869 10871
9392 9393
1990 1992
8645 8647
3160 3161
9022 9024
8637 8638
8286 8287
2094 2096
3412 3413
9620 9622
5498 5500
5993 5994
4540 4542
6855 6856
3442 3444
8792 8794
11591 11593
382 384
358 360
1711 1712
7692 7694
1701 1702
5269 5271
2688 2689
5501 5503
136 137
7327 7328
1699 1701
6683 6685
8164 8166
2188 2189
3792 3794
3563 3565
4757 4758
7320 7321
3656 3657
1706 1708
2450 2452
5236 5238
5874 5875
243 244
9776 9778
8419 8420
247 249
9140 9142
11340 11342
7559 7561
8533 8534
4138 4139
8423 8425
878 880
8286 8288
8767 8768
4251 4253
11070 11071
7187 7188
10266 10268
6196 6197
7186 7188
5846 5848
9765 9766
9293 9295
11576 11578
11451 11453
2816 2817
11076 11078
2677 2678
7344 7346
4780 4782
4397 4399
9155 9157
2821 2823
11455 11457
8674 8675
3174 3176
1834 1836
3426 3428
1361 1363
514 515
10124 10125
3443 3445
529 531
5741 5743
3278 3280
6469 6471
507 508
9882 9884
4536 4538
3909 3910
8170 8172
2193 2195
5708 5710
11349 11350
5858 5859
10606 10608
2944 2945
3441 3443
7205 7207
3161 3162
4265 4267
10603 10605
1342 1343
7812 7814
5013 5014
854 855
6826 6827
9498 9500
3912 3913
1962 1964
1355 1357
9501 9502
6477 6479
4539 4541
5120 5121
643 644
6336 6338
5384 5385
7073 7075
6092 6094
10967 10968
1498 1499
11342 11344
6357 6358
3544 3545
858 860
8669 8671
1327 1328
11106 11108
3297 3299
2796 2798
6488 6489
7803 7804
7066 7068
9626 9628
853 855
5227 5228
3172 3174
2089 2091
8295 8296
5859 5860
1836 1838
6356 6358
3411 3412
11065 11066
10113 10115
6218 6219
1597 1598
3935 3936
8283 8285
1483 1485
4628 4630
2958 2960
9990 9992
7306 7307
7173 7174
5512 5513
4874 4876
9897 9899
6355 6356
4250 4251
1478 1480
8038 8039
10617 10618
624 626
146 147
4774 4776
2476 2477
1826 1828
5747 5748
3445 3446
2930 2932
11359 11361
6860 6862
7661 7663
8649 8650
8149 8150
1816 1817
11224 11225
8672 8673
5864 5866
3926 3928
502 503
4632 4634
7681 7682
6711 6713
10099 10101
7441 7443
11068 11069
8678 8679
2830 2831
5362 5363
2831 2832
2204 2206
4395 4397
8183 8185
10957 10958
10578 10579
5607 5609
5605 5607
3305 3306
4141 4142
2954 2955
5238 5239
2314 2316
9154 9156
7332 7333
10580 10581
4054 4056
2477 2478
7056 7058
245 247
23 24
1853 1854
5849 5851
3167 3168
1488 1489
11 13
2572 2574
4884 4886
149 151
381 383
2959 2960
3775 3776
7696 7698
3293 3294
4873 4874
6720 6721
11089 11090
11554 11555
8780 8781
5116 5117
4036 4038
7833 7835
7658 7660
9889 9891
10468 10469
3794 3795
5119 5120
1117 1119
5756 5757
11563 11564
4753 4754
8309 8311
4288 4289
5231 5233
4390 4392
9132 9133
9627 9628
2338 2340
2195 2197
6838 6840
37 38
509 511
6232 6234
3431 3432
1228 1230
6484 6486
4146 4148
6843 6844
2590 2591
42 44
2101 2102
4891 4893
396 397
7796 7797
9757 9759
6688 6690
7201 7203
5857 5858
980 981
5256 5258
4771 4772
7308 7310
5114 5116
365 366
9648 9650
874 875
7318 7319
3416 3418
10732 10733
6728 6730
11241 11243
10715 10716
1324 1326
4532 4534
3076 3078
738 739
10727 10729
10259 10261
6697 6698
11443 11444
526 528
7345 7347
9610 9611
4031 4032
5493 5495
3778 3779
1126 1127
6845 6846
11080 11081
3438 3439
11092 11093
2808 2809
8661 8663
9742 9743
5235 5236
0 1
885 886
9008 9010
2590 2592
10588 10590
8923 8924
9644 9646
9780 9782
3663 3665
5379 5381
4734 4736
4050 4051
9491 9493
3275 3277
3447 3448
493 494
10865 10867
10 11
7169 7170
394 396
7194 7195
397 398
7829 7830
2683 2684
3551 3552
144 145
5233 5234
8905 8907
7819 7821
10859 10860
6203 6205
8178 8180
9158 9159
20 21
9257 9259
739 740
11088 11090
3309 3311
3906 3907
743 745
10872 10873
5387 5389
8651 8653
7313 7314
1013 1014
3779 3780
4246 4248
3781 3783
8641 8643
10238 10240
6820 6821
11339 11341
1613 1615
9992 9993
1839 1841
9120 9122
7339 7341
7057 7059
2451 2452
24 25
6706 6708
7455 7457
994 995
2336 2337
4519 4520
354 356
6486 6488
9125 9126
2573 2575
4885 4887
9643 9644
10373 10374
371 373
4034 4035
8535 8536
2586 2587
6350 6352
2088 2089
34 35
2834 2835
11231 11232
2927 2929
2673 2674
8807 8809
10618 10619
7331 7332
10579 10581
10756 10757
242 243
7673 7675
1003 1004
3899 3901
1859 1860
11103 11105
4401 4403
8426 8427
7321 7323
3063 3065
11347 11348
3919 3921
253 254
5596 5597
11354 11356
3282 3283
11239 11241
8162 8164
5244 5245
2942 2943
5250 5251
10741 10742
2823 2825
1328 1329
636 638
6236 6237
11592 11593
10111 10112
2464 2465
5510 5511
5754 5755
9161 9163
1357 1359
8903 8904
2469 2471
4149 4151
4755 4756
4423 4425
2304 2306
5872 5874
9010 9012
9021 9022
8656 8657
10598 10600
1125 1127
8522 8524
6369 6371
10476 10478
1987 1988
4529 4531
6569 6571
6689 6691
4047 4049
3793 3794
8317 8318
7342 7344
6858 6860
628 630
9276 9278
11204 11206
9018 9019
8804 8806
1353 1354
5715 5716
10379 10380
2951 2953
8150 8151
1490 1492
8290 8292
2829 2831
2690 2691
5123 5124
7551 7553
10102 10103
1471 1472
1218 1219
2929 2930
3078 3079
6840 6842
11448 11450
9404 9406
9391 9393
7444 7445
4773 4775
4741 4743
1346 1348
5121 5123
11556 11557
9625 9626
855 857
10754 10755
5365 5366
7810 7812
5599 5601
7670 7671
7704 7706
5856 5858
1598 1599
6704 6705
10593 10594
7317 7318
1110 1111
2587 2588
8632 8634
7679 7681
9285 9286
3777 3778
5265 5267
9652 9654
5110 5112
8916 8918
1606 1608
3647 3649
9406 9408
1462 1463
11594 11595
4745 4747
4765 4766
5224 5225
9279 9280
1132 1133
3908 3909
4049 4050
4272 4273
1474 1476
2322 2324
983 985
7930 7932
8635 8637
1712 1714
9121 9123
9289 9290
3659 3660
2820 2822
9403 9404
11098 11100
5990 5992
10248 10250
4394 4396
2786 2788
7179 7181
9986 9987
360 361
7816 7817
9753 9755
9407 9408
6847 6848
11552 11554
11229 11230
877 879
10470 10471
5737 5738
6199 6200
2577 2578
9152 9154
1347 1348
7216 7218
4775 4777
3316 3317
11208 11210
5878 5880
11074 11075
9019 9020
2945 2947
1326 1327
2315 2317
5729 5731
5508 5509
2453 2455
7931 7933
6965 6966
7683 7684
8029 8030
993 994
6341 6343
379 380
10864 10866
4273 4274
1484 1485
4522 4524
1016 1017
3799 3801
5996 5998
4408 4410
1335 1336
240 241
6087 6088
6085 6086
7944 7945
8424 8425
9007 9009
4033 4034
10615 10617
1005 1007
8154 8155
6587 6588
3903 3905
1369 1371
495 497
9613 9615
8190 8191
1475 1476
8671 8673
3171 3172
6090 6091
8148 8149
1365 1367
6349 6351
9165 9167
4411 4413
1968 1970
8042 8043
1480 1482
8528 8530
10229 10231
7823 7825
11087 11089
1370 1371
2095 2096
7701 7703
3449 3451
8304 8305
7694 7696
10242 10244
2687 2689
8296 8297
5268 5269
5863 5864
6844 6845
11452 11453
11442 11443
10138 10139
383 384
5610 5611
5608 5609
9637 9639
2099 2101
6228 6230
6714 6716
9262 9263
978 979
6702 6703
3311 3313
8293 8295
1000 1002
6474 6476
4911 4912
5985 5987
5751 5752
8187 8189
5262 5264
7939 7940
7192 7194
10851 10852
8644 8645
4282 4284
10961 10962
18 19
3806 3807
4386 4387
8174 8175
9137 9138
7449 7450
9271 9272
8655 8656
9881 9883
8047 8048
9259 9261
6846 6847
4270 4271
511 512
497 498
11357 11359
6097 6099
3769 3771
3 4
374 375
7067 7069
875 877
5719 5720
7 9
11584 11585
2468 2469
11453 11454
1698 1699
6833 6834
10118 10119
7191 7193
9875 9877
2812 2813
11207 11208
1130 1131
2324 2325
8532 8534
11085 11086
1 3
10585 10587
4624 4625
4759 4761
2681 2683
1707 1708
6963 6964
7950 7952
3806 3808
2186 2188
8175 8176
736 738
869 870
8766 8767
527 529
1230 1232
2197 2198
7068 7069
3550 3551
4770 4772
6584 6586
3897 3899
11579 11581
5885 5887
4410 4411
11108 11110
8776 8778
145 147
5366 5368
2191 2193
8774 8776
5369 5370
2591 2593
8282 8284
3419 3421
3313 3314
5981 5983
9747 9749
3665 3667
21 23
5505 5506
1113 1114
3165 3166
6468 6469
5752 5754
9623 9624
7804 7806
388 390
7061 7062
6081 6083
5743 5745
8908 8909
10139 10140
4887 4889
2810 2812
1223 1224
10137 10139
1473 1474
3446 3448
11348 11350
8919 8920
6219 6220
5380 5382
1496 1497
3802 3804
5108 5110
10382 10384
3550 3552
25 27
4538 4539
6712 6713
11232 11234
2337 2339
10597 10598
975 977
356 357
494 495
3547 3549
5984 5985
10384 10385
1492 1493
6476 6477
1817 1818
2444 2446
5390 5391
1124 1126
367 368
2807 2809
842 843
5015 5017
5612 5614
503 504
9287 9288
7560 7561
8153 8154
6338 6339
8791 8792
3649 3651
3070 3072
10234 10235
6 7
6822 6824
9268 9269
8779 8781
6359 6361
7794 7795
882 884
2311 2312
7336 7338
2465 2467
4404 4406
4909 4911
6089 6090
6223 6225
10264 10265
11551 11553
5852 5853
11234 11235
3921 3923
8534 8536
5239 5240
2305 2306
8431 8432
10611 10613
10616 10618
8773 8775
9145 9146
10608 10610
3310 3311
5999 6001
5745 5746
7814 7815
4276 4277
10267 10268
3444 3446
4748 4750
11243 11244
9136 9138
4248 4250
6849 6850
156 158
8648 8650
2192 2194
1716 1718
6700 6702
8181 8183
6727 6729
6719 6721
8530 8531
2441 2443
9135 9136
5714 5716
3319 3320
11573 11574
2439 2440
10097 10099
7690 7692
6968 6969
2435 2437
977 978
11568 11569
5980 5981
7330 7331
3664 3665
9606 9607
4622 4623
3652 3654
8303 8304
1609 1610
9291 9292
9980 9982
725 726
9984 9986
8291 8293
10465 10467
524 526
2957 2959
7445 7447
2340 2342
11557 11559
7663 7664
10256 10258
10955 10956
6576 6577
856 857
9394 9396
3905 3907
2472 2473
9506 9507
11438 11440
2329 2330
2467 2468
9273 9275
5739 5740
1349 1350
244 245
7211 7213
4045 4046
1470 1472
8420 8421
4391 4392
380 381
2345 2346
4751 4752
10378 10379
9759 9760
7453 7455
5240 5242
1840 1841
4762 4763
7807 7808
5991 5993
6001 6002
147 149
10126 10127
9492 9493
4904 4906
9254 9255
1467 1468
6975 6977
8912 8913
2457 2458
9879 9881
4406 4408
5122 5123
2928 2929
5386 5387
8308 8309
1829 1831
6243 6244
11350 11351
6577 6578
3920 3921
10106 10107
1710 1712
5382 5383
10100 10102
508 509
7684 7685
2473 2474
5113 5115
2593 2594
11553 11554
2813 2815
8031 8033
1368 1370
6854 6855
3178 3180
4907 4909
6580 6582
515 517
10236 10238
3925 3926
2689 2691
4254 4255
8034 8035
7217 7218
861 863
10722 10724
6241 6243
9395 9396
7552 7553
10367 10369
1983 1984
385 386
9399 9401
11211 11212
3776 3777
6841 6842
1846 1847
623 625
7214 7216
7340 7341
11223 11225
7828 7830
5995 5996
9408 9410
1957 1959
2805 2807
3287 3288
10970 10972
8802 8803
4048 4049
8168 8170
6821 6822
2941 2943
2946 2948
8159 8161
645 646
1343 1344
5492 5493
9993 9994
6222 6223
1818 1819
635 636
