Dihedrals

1	1	1	3	4	6
2	2	3	4	6	7
3	1	4	6	7	9
4	2	6	7	9	10
5	1	7	9	10	12
6	2	9	10	12	13
7	1	10	12	13	15
8	2	12	13	15	16
9	1	13	15	16	18
10	2	15	16	18	19
11	1	16	18	19	21
12	2	18	19	21	22
13	1	19	21	22	24
14	2	21	22	24	25
15	1	22	24	25	27
16	2	24	25	27	28
17	1	25	27	28	30
18	2	27	28	30	31
19	1	28	30	31	33
20	2	30	31	33	34
21	1	31	33	34	36
22	2	33	34	36	37
23	1	34	36	37	39
24	2	36	37	39	40
25	1	37	39	40	42
26	2	39	40	42	43
27	1	40	42	43	45
28	2	42	43	45	46
29	1	43	45	46	48
30	2	45	46	48	49
31	1	46	48	49	51
32	2	48	49	51	52
33	1	49	51	52	54
34	2	51	52	54	55
35	1	52	54	55	57
36	2	54	55	57	58
37	1	55	57	58	60
38	2	57	58	60	61
39	1	58	60	61	63
40	2	60	61	63	64
41	1	61	63	64	66
42	2	63	64	66	67
43	1	64	66	67	69
44	2	66	67	69	70
45	1	67	69	70	72
46	2	69	70	72	73
47	1	70	72	73	75
48	2	72	73	75	76
49	1	73	75	76	78
50	2	75	76	78	79
51	1	76	78	79	81
52	2	78	79	81	82
53	1	79	81	82	84
54	2	81	82	84	85
55	1	82	84	85	87
56	2	84	85	87	88
57	1	85	87	88	90
58	2	87	88	90	91
59	1	88	90	91	93
60	2	90	91	93	94
61	1	91	93	94	96
62	2	93	94	96	97
63	1	94	96	97	99
64	2	96	97	99	100
65	1	97	99	100	102
66	2	99	100	102	103
67	1	100	102	103	105
68	2	102	103	105	106
69	1	103	105	106	108
70	2	105	106	108	109
71	1	106	108	109	111
72	2	108	109	111	112
73	1	109	111	112	114
74	2	111	112	114	115
75	1	112	114	115	117
76	2	114	115	117	118
77	1	115	117	118	120
78	2	117	118	120	121
79	1	118	120	121	123
80	2	120	121	123	124
81	1	121	123	124	126
82	2	123	124	126	127
83	1	124	126	127	129
84	2	126	127	129	130
85	1	127	129	130	132
86	2	129	130	132	133
87	1	130	132	133	135
88	2	132	133	135	136
89	1	133	135	136	138
90	2	135	136	138	139
91	1	136	138	139	141
92	2	138	139	141	142
93	1	139	141	142	144
94	2	141	142	144	145
95	1	142	144	145	147
96	2	144	145	147	148
97	1	145	147	148	150
98	2	147	148	150	151
99	1	148	150	151	153
100	2	150	151	153	154
101	1	151	153	154	156
102	2	153	154	156	157
103	1	154	156	157	159
104	2	156	157	159	160
105	1	157	159	160	162
106	2	159	160	162	163
107	1	160	162	163	165
108	2	162	163	165	166
109	1	163	165	166	168
110	2	165	166	168	169
111	1	166	168	169	171
112	2	168	169	171	172
113	1	169	171	172	174
114	2	171	172	174	175
115	1	172	174	175	177
116	2	174	175	177	178
117	1	175	177	178	180
118	2	177	178	180	181
119	1	178	180	181	183
120	2	180	181	183	184
121	1	181	183	184	186
122	2	183	184	186	187
123	1	184	186	187	189
124	2	186	187	189	190
125	1	187	189	190	192
126	2	189	190	192	193
127	1	190	192	193	195
128	2	192	193	195	196
129	1	193	195	196	198
130	2	195	196	198	199
131	1	196	198	199	201
132	2	198	199	201	202
133	1	199	201	202	204
134	2	201	202	204	205
135	1	202	204	205	207
136	2	204	205	207	208
137	1	205	207	208	210
138	2	207	208	210	211
139	1	208	210	211	213
140	2	210	211	213	214
141	1	211	213	214	216
142	2	213	214	216	217
143	1	214	216	217	219
144	2	216	217	219	220
145	1	217	219	220	222
146	2	219	220	222	223
147	1	220	222	223	225
148	2	222	223	225	226
149	1	223	225	226	228
150	2	225	226	228	229
151	1	226	228	229	231
152	2	228	229	231	232
153	1	229	231	232	234
154	2	231	232	234	235
155	1	232	234	235	237
156	2	234	235	237	238
157	1	235	237	238	240
158	2	237	238	240	241
159	1	238	240	241	243
160	2	240	241	243	244
161	1	241	243	244	246
162	2	243	244	246	247
163	1	244	246	247	249
164	2	246	247	249	250
165	1	247	249	250	252
166	2	249	250	252	253
167	1	250	252	253	255
168	2	252	253	255	256
169	1	253	255	256	258
170	2	255	256	258	259
171	1	256	258	259	261
172	2	258	259	261	262
173	1	259	261	262	264
174	2	261	262	264	265
175	1	262	264	265	267
176	2	264	265	267	268
177	1	265	267	268	270
178	2	267	268	270	271
179	1	268	270	271	273
180	2	270	271	273	274
181	1	271	273	274	276
182	2	273	274	276	277
183	1	274	276	277	279
184	2	276	277	279	280
185	1	277	279	280	282
186	2	279	280	282	283
187	1	280	282	283	285
188	2	282	283	285	286
189	1	283	285	286	288
190	2	285	286	288	289
191	1	286	288	289	291
192	2	288	289	291	292
193	1	289	291	292	294
194	2	291	292	294	295
195	1	292	294	295	297
196	2	294	295	297	298
197	1	295	297	298	300
198	2	297	298	300	301
199	1	298	300	301	303
200	2	300	301	303	304
201	1	301	303	304	306
202	2	303	304	306	307
203	1	304	306	307	309
204	2	306	307	309	310
205	1	307	309	310	312
206	2	309	310	312	313
207	1	310	312	313	315
208	2	312	313	315	316
209	1	313	315	316	318
210	2	315	316	318	319
211	1	316	318	319	321
212	2	318	319	321	322
213	1	319	321	322	324
214	2	321	322	324	325
215	1	322	324	325	327
216	2	324	325	327	328
217	1	325	327	328	330
218	2	327	328	330	331
219	1	328	330	331	333
220	2	330	331	333	334
221	1	331	333	334	336
222	2	333	334	336	337
223	1	334	336	337	339
224	2	336	337	339	340
225	1	337	339	340	342
226	2	339	340	342	343
227	1	340	342	343	345
228	2	342	343	345	346
229	1	343	345	346	348
230	2	345	346	348	349
231	1	346	348	349	351
232	2	348	349	351	352
233	1	349	351	352	354
234	2	351	352	354	355
235	1	352	354	355	357
236	2	354	355	357	358
237	1	355	357	358	360
238	2	357	358	360	361
239	1	358	360	361	363
240	2	360	361	363	364
241	1	361	363	364	366
242	2	363	364	366	367
243	1	364	366	367	369
244	2	366	367	369	370
245	1	367	369	370	372
246	2	369	370	372	373
247	1	370	372	373	375
248	2	372	373	375	376
249	1	373	375	376	378
250	2	375	376	378	379
251	1	376	378	379	381
252	2	378	379	381	382
253	1	379	381	382	384
254	2	381	382	384	385
255	1	382	384	385	387
256	2	384	385	387	388
257	1	385	387	388	390
258	2	387	388	390	391
259	1	388	390	391	393
260	2	390	391	393	394
261	1	391	393	394	396
262	2	393	394	396	397
263	1	394	396	397	399
264	2	396	397	399	400
265	1	397	399	400	402
266	2	399	400	402	403
267	1	400	402	403	405
268	2	402	403	405	406
269	1	403	405	406	408
270	2	405	406	408	409
271	1	406	408	409	411
272	2	408	409	411	412
273	1	409	411	412	414
274	2	411	412	414	415
275	1	412	414	415	417
276	2	414	415	417	418
277	1	415	417	418	420
278	2	417	418	420	421
279	1	418	420	421	423
280	2	420	421	423	424
281	1	421	423	424	426
282	2	423	424	426	427
283	1	424	426	427	429
284	2	426	427	429	430
285	1	427	429	430	432
286	2	429	430	432	433
287	1	430	432	433	435
288	2	432	433	435	436
289	1	433	435	436	438
290	2	435	436	438	439
291	1	436	438	439	441
292	2	438	439	441	442
293	1	439	441	442	444
294	2	441	442	444	445
295	1	442	444	445	447
296	2	444	445	447	448
297	1	445	447	448	450
298	2	447	448	450	451
299	1	448	450	451	453
300	2	450	451	453	454
301	1	451	453	454	456
302	2	453	454	456	457
303	1	454	456	457	459
304	2	456	457	459	460
305	1	457	459	460	462
306	2	459	460	462	463
307	1	460	462	463	465
308	2	462	463	465	466
309	1	463	465	466	468
310	2	465	466	468	469
311	1	466	468	469	471
312	2	468	469	471	472
313	1	469	471	472	474
314	2	471	472	474	475
315	1	472	474	475	477
316	2	474	475	477	478
317	1	475	477	478	480
318	2	477	478	480	481
319	1	478	480	481	483
320	2	480	481	483	484
321	1	481	483	484	486
322	2	483	484	486	487
323	1	484	486	487	489
324	2	486	487	489	490
325	1	487	489	490	492
326	2	489	490	492	493
327	1	490	492	493	495
328	2	492	493	495	496
329	1	493	495	496	498
330	2	495	496	498	499
331	1	496	498	499	501
332	2	498	499	501	502
333	1	499	501	502	504
334	2	501	502	504	505
335	1	502	504	505	507
336	2	504	505	507	508
337	1	505	507	508	510
338	2	507	508	510	511
339	1	508	510	511	513
340	2	510	511	513	514
341	1	511	513	514	516
342	2	513	514	516	517
343	1	514	516	517	519
344	2	516	517	519	520
345	1	517	519	520	522
346	2	519	520	522	523
347	1	520	522	523	525
348	2	522	523	525	526
349	1	523	525	526	528
350	2	525	526	528	529
351	1	526	528	529	531
352	2	528	529	531	532
353	1	529	531	532	534
354	2	531	532	534	535
355	1	532	534	535	537
356	2	534	535	537	538
357	1	535	537	538	540
358	2	537	538	540	541
359	1	538	540	541	543
360	2	540	541	543	544
361	1	541	543	544	546
362	2	543	544	546	547
363	1	544	546	547	549
364	2	546	547	549	550
365	1	547	549	550	552
366	2	549	550	552	553
367	1	550	552	553	555
368	2	552	553	555	556
369	1	553	555	556	558
370	2	555	556	558	559
371	1	556	558	559	561
372	2	558	559	561	562
373	1	559	561	562	564
374	2	561	562	564	565
375	1	562	564	565	567
376	2	564	565	567	568
377	1	565	567	568	570
378	2	567	568	570	571
379	1	568	570	571	573
380	2	570	571	573	574
381	1	571	573	574	576
382	2	573	574	576	577
383	1	574	576	577	579
384	2	576	577	579	580
385	1	577	579	580	582
386	2	579	580	582	583
387	1	580	582	583	585
388	2	582	583	585	586
389	1	583	585	586	588
390	2	585	586	588	589
391	1	586	588	589	591
392	2	588	589	591	592
393	1	589	591	592	594
394	2	591	592	594	595
395	1	592	594	595	597
396	2	594	595	597	598
397	1	595	597	598	600
398	2	597	598	600	601
399	1	598	600	601	603
400	2	600	601	603	604
401	1	601	603	604	606
402	2	603	604	606	607
403	1	604	606	607	609
404	2	606	607	609	610
405	1	607	609	610	612
406	2	609	610	612	613
407	1	610	612	613	615
408	2	612	613	615	616
409	1	613	615	616	618
410	2	615	616	618	619
411	1	616	618	619	621
412	2	618	619	621	622
413	1	619	621	622	624
414	2	621	622	624	625
415	1	622	624	625	627
416	2	624	625	627	628
417	1	625	627	628	630
418	2	627	628	630	631
419	1	628	630	631	633
420	2	630	631	633	634
421	1	631	633	634	636
422	2	633	634	636	637
423	1	634	636	637	639
424	2	636	637	639	640
425	1	637	639	640	642
426	2	639	640	642	643
427	1	640	642	643	645
428	2	642	643	645	646
429	1	643	645	646	648
430	2	645	646	648	649
431	1	646	648	649	651
432	2	648	649	651	652
433	1	649	651	652	654
434	2	651	652	654	655
435	1	652	654	655	657
436	2	654	655	657	658
437	1	655	657	658	660
438	2	657	658	660	661
439	1	658	660	661	663
440	2	660	661	663	664
441	1	661	663	664	666
442	2	663	664	666	667
443	1	664	666	667	669
444	2	666	667	669	670
445	1	667	669	670	672
446	2	669	670	672	673
447	1	670	672	673	675
448	2	672	673	675	676
449	1	673	675	676	678
450	2	675	676	678	679
451	1	676	678	679	681
452	2	678	679	681	682
453	1	679	681	682	684
454	2	681	682	684	685
455	1	682	684	685	687
456	2	684	685	687	688
457	1	685	687	688	690
458	2	687	688	690	691
459	1	688	690	691	693
460	2	690	691	693	694
461	1	691	693	694	696
462	2	693	694	696	697
463	1	694	696	697	699
464	2	696	697	699	700
465	1	697	699	700	702
466	2	699	700	702	703
467	1	700	702	703	705
468	2	702	703	705	706
469	1	703	705	706	708
470	2	705	706	708	709
471	1	706	708	709	711
472	2	708	709	711	712
473	1	709	711	712	714
474	2	711	712	714	715
475	1	712	714	715	717
476	2	714	715	717	718
477	1	715	717	718	720
478	2	717	718	720	721
479	1	718	720	721	723
480	2	720	721	723	724
481	1	721	723	724	726
482	2	723	724	726	727
483	1	724	726	727	729
484	2	726	727	729	730
485	1	727	729	730	732
486	2	729	730	732	733
487	1	730	732	733	735
488	2	732	733	735	736
489	1	733	735	736	738
490	2	735	736	738	739
491	1	736	738	739	741
492	2	738	739	741	742
493	1	739	741	742	744
494	2	741	742	744	745
495	1	742	744	745	747
496	2	744	745	747	748
497	1	745	747	748	750
498	2	747	748	750	751
499	1	748	750	751	753
500	2	750	751	753	754
501	1	751	753	754	756
502	2	753	754	756	757
503	1	754	756	757	759
504	2	756	757	759	760
505	1	757	759	760	762
506	2	759	760	762	763
507	1	760	762	763	765
508	2	762	763	765	766
509	1	763	765	766	768
510	2	765	766	768	769
511	1	766	768	769	771
512	2	768	769	771	772
513	1	769	771	772	774
514	2	771	772	774	775
515	1	772	774	775	777
516	2	774	775	777	778
517	1	775	777	778	780
518	2	777	778	780	781
519	1	778	780	781	783
520	2	780	781	783	784
521	1	781	783	784	786
522	2	783	784	786	787
523	1	784	786	787	789
524	2	786	787	789	790
525	1	787	789	790	792
526	2	789	790	792	793
527	1	790	792	793	795
528	2	792	793	795	796
529	1	793	795	796	798
530	2	795	796	798	799
531	1	796	798	799	801
532	2	798	799	801	802
533	1	799	801	802	804
534	2	801	802	804	805
535	1	802	804	805	807
536	2	804	805	807	808
537	1	805	807	808	810
538	2	807	808	810	811
539	1	808	810	811	813
540	2	810	811	813	814
541	1	811	813	814	816
542	2	813	814	816	817
543	1	814	816	817	819
544	2	816	817	819	820
545	1	817	819	820	822
546	2	819	820	822	823
547	1	820	822	823	825
548	2	822	823	825	826
549	1	823	825	826	828
550	2	825	826	828	829
551	1	826	828	829	831
552	2	828	829	831	832
553	1	829	831	832	834
554	2	831	832	834	835
555	1	832	834	835	837
556	2	834	835	837	838
557	1	835	837	838	840
558	2	837	838	840	841
559	1	838	840	841	843
560	2	840	841	843	844
561	1	841	843	844	846
562	2	843	844	846	847
563	1	844	846	847	849
564	2	846	847	849	850
565	1	847	849	850	852
566	2	849	850	852	853
567	1	850	852	853	855
568	2	852	853	855	856
569	1	853	855	856	858
570	2	855	856	858	859
571	1	856	858	859	861
572	2	858	859	861	862
573	1	859	861	862	864
574	2	861	862	864	865
575	1	862	864	865	867
576	2	864	865	867	868
577	1	865	867	868	870
578	2	867	868	870	871
579	1	868	870	871	873
580	2	870	871	873	874
581	1	871	873	874	876
582	2	873	874	876	877
583	1	874	876	877	879
584	2	876	877	879	880
585	1	877	879	880	882
586	2	879	880	882	883
587	1	880	882	883	885
588	2	882	883	885	886
589	1	883	885	886	888
590	2	885	886	888	889
591	1	886	888	889	891
592	2	888	889	891	892
593	1	889	891	892	894
594	2	891	892	894	895
595	1	892	894	895	897
596	2	894	895	897	898
597	1	895	897	898	900
598	2	897	898	900	901
599	1	898	900	901	903
600	2	900	901	903	904
601	1	901	903	904	906
602	2	903	904	906	907
603	1	904	906	907	909
604	2	906	907	909	910
605	1	907	909	910	912
606	2	909	910	912	913
607	1	910	912	913	915
608	2	912	913	915	916
609	1	913	915	916	918
610	2	915	916	918	919
611	1	916	918	919	921
612	2	918	919	921	922
613	1	919	921	922	924
614	2	921	922	924	925
615	1	922	924	925	927
616	2	924	925	927	928
617	1	925	927	928	930
618	2	927	928	930	931
619	1	928	930	931	933
620	2	930	931	933	934
621	1	931	933	934	936
622	2	933	934	936	937
623	1	934	936	937	939
624	2	936	937	939	940
625	1	942	944	945	947
626	2	944	945	947	948
627	1	945	947	948	950
628	2	947	948	950	951
629	1	948	950	951	953
630	2	950	951	953	954
631	1	951	953	954	956
632	2	953	954	956	957
633	1	954	956	957	959
634	2	956	957	959	960
635	1	957	959	960	962
636	2	959	960	962	963
637	1	960	962	963	965
638	2	962	963	965	966
639	1	963	965	966	968
640	2	965	966	968	969
641	1	966	968	969	971
642	2	968	969	971	972
643	1	969	971	972	974
644	2	971	972	974	975
645	1	972	974	975	977
646	2	974	975	977	978
647	1	975	977	978	980
648	2	977	978	980	981
649	1	978	980	981	983
650	2	980	981	983	984
651	1	981	983	984	986
652	2	983	984	986	987
653	1	984	986	987	989
654	2	986	987	989	990
655	1	987	989	990	992
656	2	989	990	992	993
657	1	990	992	993	995
658	2	992	993	995	996
659	1	993	995	996	998
660	2	995	996	998	999
661	1	996	998	999	1001
662	2	998	999	1001	1002
663	1	999	1001	1002	1004
664	2	1001	1002	1004	1005
665	1	1002	1004	1005	1007
666	2	1004	1005	1007	1008
667	1	1005	1007	1008	1010
668	2	1007	1008	1010	1011
669	1	1008	1010	1011	1013
670	2	1010	1011	1013	1014
671	1	1011	1013	1014	1016
672	2	1013	1014	1016	1017
673	1	1014	1016	1017	1019
674	2	1016	1017	1019	1020
675	1	1017	1019	1020	1022
676	2	1019	1020	1022	1023
677	1	1020	1022	1023	1025
678	2	1022	1023	1025	1026
679	1	1023	1025	1026	1028
680	2	1025	1026	1028	1029
681	1	1026	1028	1029	1031
682	2	1028	1029	1031	1032
683	1	1029	1031	1032	1034
684	2	1031	1032	1034	1035
685	1	1032	1034	1035	1037
686	2	1034	1035	1037	1038
687	1	1035	1037	1038	1040
688	2	1037	1038	1040	1041
689	1	1038	1040	1041	1043
690	2	1040	1041	1043	1044
691	1	1041	1043	1044	1046
692	2	1043	1044	1046	1047
693	1	1044	1046	1047	1049
694	2	1046	1047	1049	1050
695	1	1047	1049	1050	1052
696	2	1049	1050	1052	1053
697	1	1050	1052	1053	1055
698	2	1052	1053	1055	1056
699	1	1053	1055	1056	1058
700	2	1055	1056	1058	1059
701	1	1056	1058	1059	1061
702	2	1058	1059	1061	1062
703	1	1059	1061	1062	1064
704	2	1061	1062	1064	1065
705	1	1062	1064	1065	1067
706	2	1064	1065	1067	1068
707	1	1065	1067	1068	1070
708	2	1067	1068	1070	1071
709	1	1068	1070	1071	1073
710	2	1070	1071	1073	1074
711	1	1071	1073	1074	1076
712	2	1073	1074	1076	1077
713	1	1074	1076	1077	1079
714	2	1076	1077	1079	1080
715	1	1077	1079	1080	1082
716	2	1079	1080	1082	1083
717	1	1080	1082	1083	1085
718	2	1082	1083	1085	1086
719	1	1083	1085	1086	1088
720	2	1085	1086	1088	1089
721	1	1086	1088	1089	1091
722	2	1088	1089	1091	1092
723	1	1089	1091	1092	1094
724	2	1091	1092	1094	1095
725	1	1092	1094	1095	1097
726	2	1094	1095	1097	1098
727	1	1095	1097	1098	1100
728	2	1097	1098	1100	1101
729	1	1098	1100	1101	1103
730	2	1100	1101	1103	1104
731	1	1101	1103	1104	1106
732	2	1103	1104	1106	1107
733	1	1104	1106	1107	1109
734	2	1106	1107	1109	1110
735	1	1107	1109	1110	1112
736	2	1109	1110	1112	1113
737	1	1110	1112	1113	1115
738	2	1112	1113	1115	1116
739	1	1113	1115	1116	1118
740	2	1115	1116	1118	1119
741	1	1116	1118	1119	1121
742	2	1118	1119	1121	1122
743	1	1119	1121	1122	1124
744	2	1121	1122	1124	1125
745	1	1122	1124	1125	1127
746	2	1124	1125	1127	1128
747	1	1125	1127	1128	1130
748	2	1127	1128	1130	1131
749	1	1128	1130	1131	1133
750	2	1130	1131	1133	1134
751	1	1131	1133	1134	1136
752	2	1133	1134	1136	1137
753	1	1134	1136	1137	1139
754	2	1136	1137	1139	1140
755	1	1137	1139	1140	1142
756	2	1139	1140	1142	1143
757	1	1140	1142	1143	1145
758	2	1142	1143	1145	1146
759	1	1143	1145	1146	1148
760	2	1145	1146	1148	1149
761	1	1146	1148	1149	1151
762	2	1148	1149	1151	1152
763	1	1149	1151	1152	1154
764	2	1151	1152	1154	1155
765	1	1152	1154	1155	1157
766	2	1154	1155	1157	1158
767	1	1155	1157	1158	1160
768	2	1157	1158	1160	1161
769	1	1158	1160	1161	1163
770	2	1160	1161	1163	1164
771	1	1161	1163	1164	1166
772	2	1163	1164	1166	1167
773	1	1164	1166	1167	1169
774	2	1166	1167	1169	1170
775	1	1167	1169	1170	1172
776	2	1169	1170	1172	1173
777	1	1170	1172	1173	1175
778	2	1172	1173	1175	1176
779	1	1173	1175	1176	1178
780	2	1175	1176	1178	1179
781	1	1176	1178	1179	1181
782	2	1178	1179	1181	1182
783	1	1179	1181	1182	1184
784	2	1181	1182	1184	1185
785	1	1182	1184	1185	1187
786	2	1184	1185	1187	1188
787	1	1185	1187	1188	1190
788	2	1187	1188	1190	1191
789	1	1188	1190	1191	1193
790	2	1190	1191	1193	1194
791	1	1191	1193	1194	1196
792	2	1193	1194	1196	1197
793	1	1194	1196	1197	1199
794	2	1196	1197	1199	1200
795	1	1197	1199	1200	1202
796	2	1199	1200	1202	1203
797	1	1200	1202	1203	1205
798	2	1202	1203	1205	1206
799	1	1203	1205	1206	1208
800	2	1205	1206	1208	1209
801	1	1206	1208	1209	1211
802	2	1208	1209	1211	1212
803	1	1209	1211	1212	1214
804	2	1211	1212	1214	1215
805	1	1212	1214	1215	1217
806	2	1214	1215	1217	1218
807	1	1215	1217	1218	1220
808	2	1217	1218	1220	1221
809	1	1218	1220	1221	1223
810	2	1220	1221	1223	1224
811	1	1221	1223	1224	1226
812	2	1223	1224	1226	1227
813	1	1224	1226	1227	1229
814	2	1226	1227	1229	1230
815	1	1227	1229	1230	1232
816	2	1229	1230	1232	1233
817	1	1230	1232	1233	1235
818	2	1232	1233	1235	1236
819	1	1233	1235	1236	1238
820	2	1235	1236	1238	1239
821	1	1236	1238	1239	1241
822	2	1238	1239	1241	1242
823	1	1239	1241	1242	1244
824	2	1241	1242	1244	1245
825	1	1242	1244	1245	1247
826	2	1244	1245	1247	1248
827	1	1245	1247	1248	1250
828	2	1247	1248	1250	1251
829	1	1248	1250	1251	1253
830	2	1250	1251	1253	1254
831	1	1251	1253	1254	1256
832	2	1253	1254	1256	1257
833	1	1254	1256	1257	1259
834	2	1256	1257	1259	1260
835	1	1257	1259	1260	1262
836	2	1259	1260	1262	1263
837	1	1260	1262	1263	1265
838	2	1262	1263	1265	1266
839	1	1263	1265	1266	1268
840	2	1265	1266	1268	1269
841	1	1266	1268	1269	1271
842	2	1268	1269	1271	1272
843	1	1269	1271	1272	1274
844	2	1271	1272	1274	1275
845	1	1272	1274	1275	1277
846	2	1274	1275	1277	1278
847	1	1275	1277	1278	1280
848	2	1277	1278	1280	1281
849	1	1278	1280	1281	1283
850	2	1280	1281	1283	1284
851	1	1281	1283	1284	1286
852	2	1283	1284	1286	1287
853	1	1284	1286	1287	1289
854	2	1286	1287	1289	1290
855	1	1287	1289	1290	1292
856	2	1289	1290	1292	1293
857	1	1290	1292	1293	1295
858	2	1292	1293	1295	1296
859	1	1293	1295	1296	1298
860	2	1295	1296	1298	1299
861	1	1296	1298	1299	1301
862	2	1298	1299	1301	1302
863	1	1299	1301	1302	1304
864	2	1301	1302	1304	1305
865	1	1302	1304	1305	1307
866	2	1304	1305	1307	1308
867	1	1305	1307	1308	1310
868	2	1307	1308	1310	1311
869	1	1308	1310	1311	1313
870	2	1310	1311	1313	1314
871	1	1311	1313	1314	1316
872	2	1313	1314	1316	1317
873	1	1314	1316	1317	1319
874	2	1316	1317	1319	1320
875	1	1317	1319	1320	1322
876	2	1319	1320	1322	1323
877	1	1320	1322	1323	1325
878	2	1322	1323	1325	1326
879	1	1323	1325	1326	1328
880	2	1325	1326	1328	1329
881	1	1326	1328	1329	1331
882	2	1328	1329	1331	1332
883	1	1329	1331	1332	1334
884	2	1331	1332	1334	1335
885	1	1332	1334	1335	1337
886	2	1334	1335	1337	1338
887	1	1335	1337	1338	1340
888	2	1337	1338	1340	1341
889	1	1338	1340	1341	1343
890	2	1340	1341	1343	1344
891	1	1341	1343	1344	1346
892	2	1343	1344	1346	1347
893	1	1344	1346	1347	1349
894	2	1346	1347	1349	1350
895	1	1347	1349	1350	1352
896	2	1349	1350	1352	1353
897	1	1350	1352	1353	1355
898	2	1352	1353	1355	1356
899	1	1353	1355	1356	1358
900	2	1355	1356	1358	1359
901	1	1356	1358	1359	1361
902	2	1358	1359	1361	1362
903	1	1359	1361	1362	1364
904	2	1361	1362	1364	1365
905	1	1362	1364	1365	1367
906	2	1364	1365	1367	1368
907	1	1365	1367	1368	1370
908	2	1367	1368	1370	1371
909	1	1368	1370	1371	1373
910	2	1370	1371	1373	1374
911	1	1371	1373	1374	1376
912	2	1373	1374	1376	1377
913	1	1374	1376	1377	1379
914	2	1376	1377	1379	1380
915	1	1377	1379	1380	1382
916	2	1379	1380	1382	1383
917	1	1380	1382	1383	1385
918	2	1382	1383	1385	1386
919	1	1383	1385	1386	1388
920	2	1385	1386	1388	1389
921	1	1386	1388	1389	1391
922	2	1388	1389	1391	1392
923	1	1389	1391	1392	1394
924	2	1391	1392	1394	1395
925	1	1392	1394	1395	1397
926	2	1394	1395	1397	1398
927	1	1395	1397	1398	1400
928	2	1397	1398	1400	1401
929	1	1398	1400	1401	1403
930	2	1400	1401	1403	1404
931	1	1401	1403	1404	1406
932	2	1403	1404	1406	1407
933	1	1404	1406	1407	1409
934	2	1406	1407	1409	1410
935	1	1407	1409	1410	1412
936	2	1409	1410	1412	1413
937	1	1410	1412	1413	1415
938	2	1412	1413	1415	1416
939	1	1413	1415	1416	1418
940	2	1415	1416	1418	1419
941	1	1416	1418	1419	1421
942	2	1418	1419	1421	1422
943	1	1419	1421	1422	1424
944	2	1421	1422	1424	1425
945	1	1422	1424	1425	1427
946	2	1424	1425	1427	1428
947	1	1425	1427	1428	1430
948	2	1427	1428	1430	1431
949	1	1428	1430	1431	1433
950	2	1430	1431	1433	1434
951	1	1431	1433	1434	1436
952	2	1433	1434	1436	1437
953	1	1434	1436	1437	1439
954	2	1436	1437	1439	1440
955	1	1437	1439	1440	1442
956	2	1439	1440	1442	1443
957	1	1440	1442	1443	1445
958	2	1442	1443	1445	1446
959	1	1443	1445	1446	1448
960	2	1445	1446	1448	1449
961	1	1446	1448	1449	1451
962	2	1448	1449	1451	1452
963	1	1449	1451	1452	1454
964	2	1451	1452	1454	1455
965	1	1452	1454	1455	1457
966	2	1454	1455	1457	1458
967	1	1455	1457	1458	1460
968	2	1457	1458	1460	1461
969	1	1458	1460	1461	1463
970	2	1460	1461	1463	1464
971	1	1461	1463	1464	1466
972	2	1463	1464	1466	1467
973	1	1464	1466	1467	1469
974	2	1466	1467	1469	1470
975	1	1467	1469	1470	1472
976	2	1469	1470	1472	1473
977	1	1470	1472	1473	1475
978	2	1472	1473	1475	1476
979	1	1473	1475	1476	1478
980	2	1475	1476	1478	1479
981	1	1476	1478	1479	1481
982	2	1478	1479	1481	1482
983	1	1479	1481	1482	1484
984	2	1481	1482	1484	1485
985	1	1482	1484	1485	1487
986	2	1484	1485	1487	1488
987	1	1485	1487	1488	1490
988	2	1487	1488	1490	1491
989	1	1488	1490	1491	1493
990	2	1490	1491	1493	1494
991	1	1491	1493	1494	1496
992	2	1493	1494	1496	1497
993	1	1494	1496	1497	1499
994	2	1496	1497	1499	1500
995	1	1497	1499	1500	1502
996	2	1499	1500	1502	1503
997	1	1500	1502	1503	1505
998	2	1502	1503	1505	1506
999	1	1503	1505	1506	1508
1000	2	1505	1506	1508	1509
1001	1	1506	1508	1509	1511
1002	2	1508	1509	1511	1512
1003	1	1509	1511	1512	1514
1004	2	1511	1512	1514	1515
1005	1	1512	1514	1515	1517
1006	2	1514	1515	1517	1518
1007	1	1515	1517	1518	1520
1008	2	1517	1518	1520	1521
1009	1	1518	1520	1521	1523
1010	2	1520	1521	1523	1524
1011	1	1521	1523	1524	1526
1012	2	1523	1524	1526	1527
1013	1	1524	1526	1527	1529
1014	2	1526	1527	1529	1530
1015	1	1527	1529	1530	1532
1016	2	1529	1530	1532	1533
1017	1	1530	1532	1533	1535
1018	2	1532	1533	1535	1536
1019	1	1533	1535	1536	1538
1020	2	1535	1536	1538	1539
1021	1	1536	1538	1539	1541
1022	2	1538	1539	1541	1542
1023	1	1539	1541	1542	1544
1024	2	1541	1542	1544	1545
1025	1	1542	1544	1545	1547
1026	2	1544	1545	1547	1548
1027	1	1545	1547	1548	1550
1028	2	1547	1548	1550	1551
1029	1	1548	1550	1551	1553
1030	2	1550	1551	1553	1554
1031	1	1551	1553	1554	1556
1032	2	1553	1554	1556	1557
1033	1	1554	1556	1557	1559
1034	2	1556	1557	1559	1560
1035	1	1557	1559	1560	1562
1036	2	1559	1560	1562	1563
1037	1	1560	1562	1563	1565
1038	2	1562	1563	1565	1566
1039	1	1563	1565	1566	1568
1040	2	1565	1566	1568	1569
1041	1	1566	1568	1569	1571
1042	2	1568	1569	1571	1572
1043	1	1569	1571	1572	1574
1044	2	1571	1572	1574	1575
1045	1	1572	1574	1575	1577
1046	2	1574	1575	1577	1578
1047	1	1575	1577	1578	1580
1048	2	1577	1578	1580	1581
1049	1	1578	1580	1581	1583
1050	2	1580	1581	1583	1584
1051	1	1581	1583	1584	1586
1052	2	1583	1584	1586	1587
1053	1	1584	1586	1587	1589
1054	2	1586	1587	1589	1590
1055	1	1587	1589	1590	1592
1056	2	1589	1590	1592	1593
1057	1	1590	1592	1593	1595
1058	2	1592	1593	1595	1596
1059	1	1593	1595	1596	1598
1060	2	1595	1596	1598	1599
1061	1	1596	1598	1599	1601
1062	2	1598	1599	1601	1602
1063	1	1599	1601	1602	1604
1064	2	1601	1602	1604	1605
1065	1	1602	1604	1605	1607
1066	2	1604	1605	1607	1608
1067	1	1605	1607	1608	1610
1068	2	1607	1608	1610	1611
1069	1	1608	1610	1611	1613
1070	2	1610	1611	1613	1614
1071	1	1611	1613	1614	1616
1072	2	1613	1614	1616	1617
1073	1	1614	1616	1617	1619
1074	2	1616	1617	1619	1620
1075	1	1617	1619	1620	1622
1076	2	1619	1620	1622	1623
1077	1	1620	1622	1623	1625
1078	2	1622	1623	1625	1626
1079	1	1623	1625	1626	1628
1080	2	1625	1626	1628	1629
1081	1	1626	1628	1629	1631
1082	2	1628	1629	1631	1632
1083	1	1629	1631	1632	1634
1084	2	1631	1632	1634	1635
1085	1	1632	1634	1635	1637
1086	2	1634	1635	1637	1638
1087	1	1635	1637	1638	1640
1088	2	1637	1638	1640	1641
1089	1	1638	1640	1641	1643
1090	2	1640	1641	1643	1644
1091	1	1641	1643	1644	1646
1092	2	1643	1644	1646	1647
1093	1	1644	1646	1647	1649
1094	2	1646	1647	1649	1650
1095	1	1647	1649	1650	1652
1096	2	1649	1650	1652	1653
1097	1	1650	1652	1653	1655
1098	2	1652	1653	1655	1656
1099	1	1653	1655	1656	1658
1100	2	1655	1656	1658	1659
1101	1	1656	1658	1659	1661
1102	2	1658	1659	1661	1662
1103	1	1659	1661	1662	1664
1104	2	1661	1662	1664	1665
1105	1	1662	1664	1665	1667
1106	2	1664	1665	1667	1668
1107	1	1665	1667	1668	1670
1108	2	1667	1668	1670	1671
1109	1	1668	1670	1671	1673
1110	2	1670	1671	1673	1674
1111	1	1671	1673	1674	1676
1112	2	1673	1674	1676	1677
1113	1	1674	1676	1677	1679
1114	2	1676	1677	1679	1680
1115	1	1677	1679	1680	1682
1116	2	1679	1680	1682	1683
1117	1	1680	1682	1683	1685
1118	2	1682	1683	1685	1686
1119	1	1683	1685	1686	1688
1120	2	1685	1686	1688	1689
1121	1	1686	1688	1689	1691
1122	2	1688	1689	1691	1692
1123	1	1689	1691	1692	1694
1124	2	1691	1692	1694	1695
1125	1	1692	1694	1695	1697
1126	2	1694	1695	1697	1698
1127	1	1695	1697	1698	1700
1128	2	1697	1698	1700	1701
1129	1	1698	1700	1701	1703
1130	2	1700	1701	1703	1704
1131	1	1701	1703	1704	1706
1132	2	1703	1704	1706	1707
1133	1	1704	1706	1707	1709
1134	2	1706	1707	1709	1710
1135	1	1707	1709	1710	1712
1136	2	1709	1710	1712	1713
1137	1	1710	1712	1713	1715
1138	2	1712	1713	1715	1716
1139	1	1713	1715	1716	1718
1140	2	1715	1716	1718	1719
1141	1	1716	1718	1719	1721
1142	2	1718	1719	1721	1722
1143	1	1719	1721	1722	1724
1144	2	1721	1722	1724	1725
1145	1	1722	1724	1725	1727
1146	2	1724	1725	1727	1728
1147	1	1725	1727	1728	1730
1148	2	1727	1728	1730	1731
1149	1	1728	1730	1731	1733
1150	2	1730	1731	1733	1734
1151	1	1731	1733	1734	1736
1152	2	1733	1734	1736	1737
1153	1	1734	1736	1737	1739
1154	2	1736	1737	1739	1740
1155	1	1737	1739	1740	1742
1156	2	1739	1740	1742	1743
1157	1	1740	1742	1743	1745
1158	2	1742	1743	1745	1746
1159	1	1743	1745	1746	1748
1160	2	1745	1746	1748	1749
1161	1	1746	1748	1749	1751
1162	2	1748	1749	1751	1752
1163	1	1749	1751	1752	1754
1164	2	1751	1752	1754	1755
1165	1	1752	1754	1755	1757
1166	2	1754	1755	1757	1758
1167	1	1755	1757	1758	1760
1168	2	1757	1758	1760	1761
1169	1	1758	1760	1761	1763
1170	2	1760	1761	1763	1764
1171	1	1761	1763	1764	1766
1172	2	1763	1764	1766	1767
1173	1	1764	1766	1767	1769
1174	2	1766	1767	1769	1770
1175	1	1767	1769	1770	1772
1176	2	1769	1770	1772	1773
1177	1	1770	1772	1773	1775
1178	2	1772	1773	1775	1776
1179	1	1773	1775	1776	1778
1180	2	1775	1776	1778	1779
1181	1	1776	1778	1779	1781
1182	2	1778	1779	1781	1782
1183	1	1779	1781	1782	1784
1184	2	1781	1782	1784	1785
1185	1	1782	1784	1785	1787
1186	2	1784	1785	1787	1788
1187	1	1785	1787	1788	1790
1188	2	1787	1788	1790	1791
1189	1	1788	1790	1791	1793
1190	2	1790	1791	1793	1794
1191	1	1791	1793	1794	1796
1192	2	1793	1794	1796	1797
1193	1	1794	1796	1797	1799
1194	2	1796	1797	1799	1800
1195	1	1797	1799	1800	1802
1196	2	1799	1800	1802	1803
1197	1	1800	1802	1803	1805
1198	2	1802	1803	1805	1806
1199	1	1803	1805	1806	1808
1200	2	1805	1806	1808	1809
1201	1	1806	1808	1809	1811
1202	2	1808	1809	1811	1812
1203	1	1809	1811	1812	1814
1204	2	1811	1812	1814	1815
1205	1	1812	1814	1815	1817
1206	2	1814	1815	1817	1818
1207	1	1815	1817	1818	1820
1208	2	1817	1818	1820	1821
1209	1	1818	1820	1821	1823
1210	2	1820	1821	1823	1824
1211	1	1821	1823	1824	1826
1212	2	1823	1824	1826	1827
1213	1	1824	1826	1827	1829
1214	2	1826	1827	1829	1830
1215	1	1827	1829	1830	1832
1216	2	1829	1830	1832	1833
1217	1	1830	1832	1833	1835
1218	2	1832	1833	1835	1836
1219	1	1833	1835	1836	1838
1220	2	1835	1836	1838	1839
1221	1	1836	1838	1839	1841
1222	2	1838	1839	1841	1842
1223	1	1839	1841	1842	1844
1224	2	1841	1842	1844	1845
1225	1	1842	1844	1845	1847
1226	2	1844	1845	1847	1848
1227	1	1845	1847	1848	1850
1228	2	1847	1848	1850	1851
1229	1	1848	1850	1851	1853
1230	2	1850	1851	1853	1854
1231	1	1851	1853	1854	1856
1232	2	1853	1854	1856	1857
1233	1	1854	1856	1857	1859
1234	2	1856	1857	1859	1860
1235	1	1857	1859	1860	1862
1236	2	1859	1860	1862	1863
1237	1	1860	1862	1863	1865
1238	2	1862	1863	1865	1866
1239	1	1863	1865	1866	1868
1240	2	1865	1866	1868	1869
1241	1	1866	1868	1869	1871
1242	2	1868	1869	1871	1872
1243	1	1869	1871	1872	1874
1244	2	1871	1872	1874	1875
1245	1	1872	1874	1875	1877
1246	2	1874	1875	1877	1878
1247	1	1875	1877	1878	1880
1248	2	1877	1878	1880	1881
