Atoms

	1	1	2	0.000000	-2.789750	6.611468	-0.768648
	2	1	7	0.000000	-0.440158	2.425299	0.012213
	3	1	1	-0.600000	-4.733109	7.366864	1.413629
	4	1	2	0.000000	-5.388392	3.868585	2.439399
	5	1	6	0.000000	-1.513911	2.206975	3.284253
	6	1	1	-0.600000	-8.369739	3.086495	5.559634
	7	1	2	0.000000	-6.929943	-0.228038	6.574417
	8	1	3	0.000000	-2.109305	0.314007	6.923878
	9	1	1	-0.600000	-8.440167	-1.828809	9.716137
	10	1	2	0.000000	-5.350864	-3.671424	10.682957
	11	1	5	0.000000	-1.275450	-0.826262	10.506901
	12	1	1	-0.600000	-5.298553	-5.744771	13.666219
	13	1	2	0.000000	-1.597961	-5.580476	14.348072
	14	1	5	0.000000	0.241147	-0.987457	13.841857
	15	1	1	-0.600000	-0.021869	-7.599948	17.067324
	16	1	2	0.000000	2.983447	-5.400285	17.404596
	17	1	3	0.000000	1.508768	-0.775179	17.103866
	18	1	1	-0.600000	4.943416	-5.897588	19.996452
	19	1	2	0.000000	6.312426	-2.429987	20.058269
	20	1	4	0.000000	2.571539	-0.187156	20.445735
	21	1	1	-0.600000	9.062886	-1.829383	23.428397
	22	1	2	0.000000	8.306084	1.795933	23.737169
	23	1	5	0.000000	3.414161	2.676554	23.572742
	24	1	1	-0.600000	9.811328	3.852459	25.810704
	25	1	2	0.000000	7.190985	6.548656	25.830672
	26	1	4	0.000000	3.702581	4.062912	26.738676
	27	1	1	-0.600000	7.752234	9.735222	28.495027
	28	1	2	0.000000	4.092814	10.446567	28.917616
	29	1	3	0.000000	1.792039	6.236689	29.717228
	30	1	1	-0.600000	2.850147	13.240158	30.976050
	31	1	2	0.000000	-0.522120	11.721597	31.560128
	32	1	3	0.000000	0.048314	7.036520	32.735426
	33	1	1	-0.600000	-2.193869	13.295380	33.519782
	34	1	2	0.000000	-4.168614	10.365529	34.631645
	35	1	6	0.000000	-1.254694	7.469885	35.901067
	36	1	1	-0.600000	-6.770950	10.756955	36.997229
	37	1	2	0.000000	-6.831990	7.236464	38.388497
	38	1	6	0.000000	-2.705606	6.444979	39.300944
	39	1	1	-0.600000	-9.202054	6.172093	41.428191
	40	1	2	0.000000	-7.185317	3.194259	42.605465
	41	1	4	0.000000	-3.330664	5.223544	43.047466
	42	1	1	-0.600000	-8.662357	1.423314	46.342796
	43	1	2	0.000000	-5.301689	0.264093	47.426072
	44	1	5	0.000000	-1.859669	3.809117	46.858615
	45	1	1	-0.600000	-4.997253	-1.794192	49.930965
	46	1	2	0.000000	-1.440566	-0.914018	50.445702
	47	1	6	0.000000	-1.455218	3.380052	50.224756
	48	1	1	-0.600000	0.697987	-2.501335	53.929913
	49	1	2	0.000000	3.194481	0.296580	54.092760
	50	1	3	0.000000	0.754312	4.470117	53.558836
	51	1	1	-0.600000	5.478840	0.337658	57.174498
	52	1	2	0.000000	5.958219	4.031107	57.198863
	53	1	5	0.000000	1.691179	6.531659	56.674069
	54	1	1	-0.600000	8.480171	5.695751	59.395238
	55	1	2	0.000000	6.838200	9.053666	59.287841
	56	1	3	0.000000	2.031366	8.393441	59.625353
	57	1	1	-0.600000	7.914803	11.335874	61.394759
	58	1	2	0.000000	4.737231	13.286594	61.435973
	59	1	4	0.000000	1.978667	10.139036	62.722772
	60	1	1	-0.600000	4.629821	16.727687	63.826407
	61	1	2	0.000000	0.926520	16.596540	64.409547
	62	1	3	0.000000	-0.274060	12.047783	65.643441
	63	1	1	-0.600000	-0.129169	18.709054	66.289527
	64	1	2	0.000000	-3.065238	16.713763	67.346693
	65	1	6	0.000000	-1.438511	12.990242	68.751961
	66	1	1	-0.600000	-5.734855	18.180564	69.936800
	67	1	2	0.000000	-7.123065	14.871714	71.139599
	68	1	4	0.000000	-3.324851	13.007803	72.267552
	69	1	1	-0.600000	-10.006093	14.839852	74.181623
	70	1	2	0.000000	-9.058995	11.451418	75.483622
	71	1	3	0.000000	-4.219798	11.275842	75.934739
	72	1	1	-0.600000	-10.565572	10.583762	77.951544
	73	1	2	0.000000	-7.885257	8.322816	79.144891
	74	1	6	0.000000	-4.360272	10.776487	79.346034
	75	1	1	-0.600000	-8.339616	6.406780	82.084581
	76	1	2	0.000000	-4.707256	5.911695	83.028907
	77	1	6	0.000000	-3.072184	9.884237	82.847334
	78	1	1	-0.600000	-3.637825	3.720449	86.674124
	79	1	2	0.000000	-0.290052	5.368201	87.084185
	80	1	3	0.000000	-0.908437	10.139650	86.374376
	81	1	1	-0.600000	2.014652	4.556227	89.843545
	82	1	2	0.000000	3.818304	7.835649	89.718755
	83	1	3	0.000000	0.544024	11.416153	89.382619
	84	1	1	-0.600000	6.580062	8.553278	92.051279
	85	1	2	0.000000	6.204152	12.273301	91.844576
	86	1	3	0.000000	1.485891	13.396476	92.207414
	87	1	1	-0.600000	8.419985	14.497691	93.774605
	88	1	2	0.000000	6.008315	17.361447	93.839182
	89	1	3	0.000000	1.590670	15.667754	94.967748
	90	1	1	-0.600000	7.084964	20.242630	96.131476
	91	1	2	0.000000	3.623480	21.381613	96.902704
	92	1	5	0.000000	0.588928	17.634771	98.123545
	93	1	1	-0.600000	2.981990	24.058233	98.695536
	94	1	2	0.000000	-0.540286	23.174502	99.671215
	95	1	4	0.000000	0.202535	19.146920	101.220903
	96	1	1	-0.600000	-2.115772	25.942647	102.694284
	97	1	2	0.000000	-4.313465	23.389637	104.262980
	98	1	5	0.000000	-1.918235	19.091998	104.987407
	99	1	1	-0.600000	-6.436084	23.988601	106.697713
	100	1	2	0.000000	-6.809911	20.451582	107.916671
	101	1	4	0.000000	-2.568074	19.466289	108.373666
	102	1	1	-0.600000	-9.080484	19.859526	111.389612
	103	1	2	0.000000	-7.228501	16.777386	112.460382
	104	1	3	0.000000	-2.457011	17.651713	112.107698
	105	1	1	-0.600000	-8.007130	15.348465	115.316776
	106	1	2	0.000000	-4.726371	13.628035	115.741702
	107	1	4	0.000000	-2.068149	17.104891	115.599661
	108	1	1	-0.600000	-4.157650	11.369914	118.833273
	109	1	2	0.000000	-0.413287	11.705819	118.812332
	110	1	4	0.000000	-0.173379	16.077417	118.884935
	111	1	1	-0.600000	1.762332	9.990801	121.514964
	112	1	2	0.000000	4.645130	12.381818	121.194947
	113	1	4	0.000000	2.440285	16.113409	121.818434
	114	1	1	-0.600000	7.812119	11.711064	124.161827
	115	1	2	0.000000	8.848348	15.278664	124.246259
	116	1	5	0.000000	4.931994	18.326760	124.572338
	117	1	1	-0.600000	11.539231	16.470311	126.377737
	118	1	2	0.000000	10.411747	20.050896	126.684613
	119	1	5	0.000000	5.522159	20.457050	127.498543
	120	1	1	-0.600000	12.499815	22.612894	128.425411
	121	1	2	0.000000	9.648577	24.925304	129.137805
	122	1	3	0.000000	5.831727	22.237744	130.502471
	123	1	1	-0.600000	10.140767	27.959389	131.172011
	124	1	2	0.000000	6.577771	28.155635	132.306539
	125	1	3	0.000000	5.119711	23.722629	133.676933
	126	1	1	-0.600000	5.466458	30.854164	134.558277
	127	1	2	0.000000	2.557413	28.936809	135.930863
	128	1	3	0.000000	4.018494	24.424164	137.005997
	129	1	1	-0.600000	1.177381	30.366203	138.203354
	130	1	2	0.000000	-0.070290	27.257311	139.783818
	131	1	6	0.000000	3.425519	24.826555	140.381331
	132	1	1	-0.600000	-2.314278	27.378653	143.091435
	133	1	2	0.000000	-1.603181	23.863278	144.298162
	134	1	4	0.000000	2.769303	24.089986	144.247203
	135	1	1	-0.600000	-3.258013	22.987807	148.270291
	136	1	2	0.000000	-0.587370	20.551309	149.132138
	137	1	5	0.000000	3.931216	22.296911	148.005578
	138	1	1	-0.600000	-0.891229	18.628839	151.743058
	139	1	2	0.000000	2.741880	17.942068	151.874502
	140	1	6	0.000000	4.491619	21.833721	151.344911
	141	1	1	-0.600000	4.396743	16.036059	154.975409
	142	1	2	0.000000	7.894504	17.433036	154.602231
	143	1	4	0.000000	6.837435	21.682205	154.568714
	144	1	1	-0.600000	10.236697	16.394875	157.281602
	145	1	2	0.000000	12.265160	19.486848	156.981214
	146	1	6	0.000000	9.374819	22.651683	157.326037
	147	1	1	-0.600000	15.130978	20.083119	158.968476
	148	1	2	0.000000	15.177903	23.865069	158.810032
	149	1	6	0.000000	11.145957	24.962377	159.823844
	150	1	1	-0.600000	18.232508	26.141989	160.981982
	151	1	2	0.000000	16.189380	29.280065	161.240384
	152	1	3	0.000000	11.697686	27.996706	162.594116
	153	1	1	-0.600000	17.322465	31.818124	162.995536
	154	1	2	0.000000	13.967867	33.318092	163.629572
	155	1	4	0.000000	12.014453	29.914099	165.571512
	156	1	1	-0.600000	14.185040	36.406443	165.668191
	157	1	2	0.000000	10.795111	35.936815	167.101681
	158	1	6	0.000000	10.887710	31.935724	168.673883
	159	1	1	-0.600000	9.060417	38.880461	169.850545
	160	1	2	0.000000	6.672013	36.471698	171.456707
	161	1	3	0.000000	9.130288	32.382222	172.401813
	162	1	1	-0.600000	4.331141	37.455957	174.127700
	163	1	2	0.000000	3.992622	34.002586	175.535147
	164	1	3	0.000000	8.415679	32.010361	175.886063
	165	1	1	-0.600000	1.832680	33.363247	178.452162
	166	1	2	0.000000	3.663544	30.278547	179.526271
	167	1	3	0.000000	8.445081	31.152190	179.357543
	168	1	1	-0.600000	2.594410	28.399724	182.511571
	169	1	2	0.000000	5.953893	26.868404	183.136177
	170	1	3	0.000000	9.355154	30.319607	182.714128
	171	1	1	-0.600000	6.203535	24.987541	186.470241
	172	1	2	0.000000	9.855064	25.567946	186.920870
	173	1	5	0.000000	11.168880	30.295857	186.111221
	174	1	1	-0.600000	11.579771	24.275557	189.845953
	175	1	2	0.000000	14.401881	26.768787	189.928869
	176	1	5	0.000000	12.859621	31.434099	189.160271
	177	1	1	-0.600000	16.818764	26.273673	192.054158
	178	1	2	0.000000	17.837544	29.829660	191.987215
	179	1	6	0.000000	14.096781	31.924709	192.307966
	180	1	1	-0.600000	20.909266	31.252449	194.775641
	181	1	2	0.000000	19.711207	34.809072	194.806152
	182	1	3	0.000000	14.870598	34.720868	195.268952
	183	1	1	-0.600000	21.101134	36.974999	196.851726
	184	1	2	0.000000	18.175405	39.284896	196.940179
	185	1	4	0.000000	15.101622	36.498036	198.340100
	186	1	1	-0.600000	18.848478	42.655974	199.673244
	187	1	2	0.000000	15.242865	43.060207	200.478292
	188	1	5	0.000000	13.074852	38.694415	201.464033
	189	1	1	-0.600000	14.002154	45.450881	202.358715
	190	1	2	0.000000	10.739776	43.782235	203.200908
	191	1	4	0.000000	12.312911	39.945612	204.607633
	192	1	1	-0.600000	8.342219	45.487743	205.715485
	193	1	2	0.000000	6.669735	42.301194	206.801810
	194	1	4	0.000000	10.256311	40.068514	207.953378
	195	1	1	-0.600000	4.153050	42.766588	209.483532
	196	1	2	0.000000	4.660429	39.346283	210.828088
	197	1	6	0.000000	8.907902	39.104423	211.451079
	198	1	1	-0.600000	2.287706	37.853646	214.200792
	199	1	2	0.000000	4.797543	35.270553	215.257796
	200	1	3	0.000000	9.179392	37.380383	215.211019
	201	1	1	-0.600000	4.082254	33.487668	218.578023
	202	1	2	0.000000	7.656802	32.827654	219.391653
	203	1	5	0.000000	10.545230	36.827981	218.769574
	204	1	1	-0.600000	8.351654	30.787981	221.833237
	205	1	2	0.000000	11.770301	32.147606	222.224963
	206	1	6	0.000000	11.150215	36.400652	222.105768
	207	1	1	-0.600000	14.084594	31.122469	225.320567
	208	1	2	0.000000	16.277927	34.206211	225.337961
	209	1	4	0.000000	13.089408	37.203018	225.499048
	210	1	1	-0.600000	19.028345	34.401738	228.755680
	211	1	2	0.000000	19.049916	38.116282	228.859174
	212	1	5	0.000000	14.458596	39.994778	228.502487
	213	1	1	-0.600000	20.974231	39.980060	231.313949
	214	1	2	0.000000	18.899349	43.123098	231.323320
	215	1	5	0.000000	14.014326	42.193411	231.403841
	216	1	1	-0.600000	19.942804	46.146194	233.254134
	217	1	2	0.000000	16.504526	47.602026	233.460402
	218	1	3	0.000000	13.384445	43.979672	234.353966
	219	1	1	-0.600000	16.053677	50.141474	235.498644
	220	1	2	0.000000	12.406346	49.539338	235.990225
	221	1	4	0.000000	12.553313	45.428993	237.492682
	222	1	1	-0.600000	10.376778	51.940698	238.247208
	223	1	2	0.000000	7.693822	49.441012	239.073379
	224	1	4	0.000000	10.264771	46.234191	240.583710
	225	1	1	-0.600000	5.152232	50.702439	241.458897
	226	1	2	0.000000	4.427127	47.314539	242.786334
	227	1	6	0.000000	8.294424	45.789940	243.885430
	228	1	1	-0.600000	2.006614	46.734104	245.300452
	229	1	2	0.000000	3.378413	43.494246	246.698084
	230	1	6	0.000000	7.534995	44.368672	247.366222
	231	1	1	-0.600000	1.414058	41.529346	250.091487
	232	1	2	0.000000	4.485078	39.706996	251.246111
	233	1	3	0.000000	8.178751	42.870454	251.177511
	234	1	1	-0.600000	4.197801	37.886580	254.610740
	235	1	2	0.000000	7.807929	38.188901	255.475392
	236	1	5	0.000000	9.582601	42.780134	254.762920
	237	1	1	-0.600000	8.963528	36.460674	257.981428
	238	1	2	0.000000	11.911964	38.663137	258.364441
	239	1	6	0.000000	10.222434	42.609408	258.115671
	240	1	1	-0.600000	14.360816	38.348082	261.509578
	241	1	2	0.000000	15.688264	41.891715	261.456859
	242	1	4	0.000000	11.835083	43.971148	261.501322
	243	1	1	-0.600000	18.240488	42.875885	264.892490
	244	1	2	0.000000	17.305813	46.472636	264.887597
	245	1	5	0.000000	12.392639	47.097810	264.434366
	246	1	1	-0.600000	19.025955	49.077389	266.939901
	247	1	2	0.000000	16.205283	51.527833	266.784150
	248	1	3	0.000000	12.041529	49.070158	267.311244
	249	1	1	-0.600000	16.331352	54.676525	268.695627
	250	1	2	0.000000	12.613168	55.070271	268.894705
	251	1	3	0.000000	10.644852	50.793643	270.115994
	252	1	1	-0.600000	11.769552	57.370682	270.657523
	253	1	2	0.000000	8.495836	55.876294	271.534372
	254	1	6	0.000000	9.429705	51.988821	273.116244
	255	1	1	-0.600000	5.701212	58.173418	274.014154
	256	1	2	0.000000	3.840742	55.172730	275.287910
	257	1	3	0.000000	7.141130	51.837955	276.569811
	258	1	1	-0.600000	1.522267	55.552813	277.587402
	259	1	2	0.000000	1.735261	52.056502	278.865703
	260	1	4	0.000000	5.981248	51.937411	279.929539
	261	1	1	-0.600000	-0.938495	51.412889	282.289306
	262	1	2	0.000000	1.215901	48.796427	283.812946
	263	1	5	0.000000	6.000624	50.153074	283.867089
	264	1	1	-0.600000	0.103261	46.969605	286.268127
	265	1	2	0.000000	3.515038	46.002973	287.323374
	266	1	6	0.000000	5.656196	49.730609	287.241053
	267	1	1	-0.600000	4.044017	44.233448	290.341277
	268	1	2	0.000000	7.573906	45.382302	291.083231
	269	1	6	0.000000	7.343667	49.657207	290.685137
	270	1	1	-0.600000	9.505060	44.356149	294.431305
	271	1	2	0.000000	11.951007	47.243478	294.493237
	272	1	4	0.000000	9.036775	50.498536	294.198484
	273	1	1	-0.600000	14.476380	47.684803	297.392850
	274	1	2	0.000000	14.852554	51.398760	296.950538
	275	1	4	0.000000	10.619699	52.493140	297.190782
	276	1	1	-0.600000	17.123525	53.471546	299.301552
	277	1	2	0.000000	15.303468	56.714804	298.755194
	278	1	4	0.000000	11.272893	55.358922	299.798643
	279	1	1	-0.600000	16.376279	59.944123	300.599677
	280	1	2	0.000000	13.005162	61.593365	300.381003
	281	1	4	0.000000	10.623192	58.400586	302.199719
	282	1	1	-0.600000	12.774672	65.398355	302.561151
	283	1	2	0.000000	9.149191	65.053871	303.301003
	284	1	5	0.000000	8.031428	60.497580	304.951692
	285	1	1	-0.600000	7.043313	67.788994	304.728214
	286	1	2	0.000000	4.356781	65.509344	305.982305
	287	1	3	0.000000	6.487736	61.583498	307.906253
	288	1	1	-0.600000	2.098208	66.792201	307.997044
	289	1	2	0.000000	1.229230	63.557505	309.636415
	290	1	4	0.000000	5.189908	62.412533	311.111417
	291	1	1	-0.600000	-1.731916	64.100604	312.833777
	292	1	2	0.000000	-0.509259	61.203751	314.814035
	293	1	5	0.000000	4.449772	61.193205	315.192273
	294	1	1	-0.600000	-2.005294	60.247515	317.984352
	295	1	2	0.000000	0.988654	58.511047	319.469065
	296	1	5	0.000000	5.211749	61.045205	318.776460
	297	1	1	-0.600000	0.776125	56.696164	322.727275
	298	1	2	0.000000	4.442085	56.883400	323.442455
	299	1	3	0.000000	6.000181	61.315081	322.181841
	300	1	1	-0.600000	5.361809	55.998191	327.059761
	301	1	2	0.000000	8.369371	58.191872	327.197152
	302	1	5	0.000000	7.508173	62.755882	325.419445
	303	1	1	-0.600000	10.419187	57.875881	329.707505
	304	1	2	0.000000	11.858249	61.243207	329.179558
	305	1	6	0.000000	8.385217	63.707065	328.582415
	306	1	1	-0.600000	14.698758	62.863935	332.101543
	307	1	2	0.000000	13.942030	66.461138	331.343273
	308	1	3	0.000000	9.106275	66.921234	331.099125
	309	1	1	-0.600000	15.527158	69.046419	333.692543
	310	1	2	0.000000	12.848913	71.597631	333.254462
	311	1	5	0.000000	8.277458	69.680636	333.654837
	312	1	1	-0.600000	12.999458	74.593058	334.595571
	313	1	2	0.000000	9.328499	75.392649	334.446156
	314	1	4	0.000000	7.793115	71.774521	336.376769
	315	1	1	-0.600000	8.044456	78.670067	336.055796
	316	1	2	0.000000	4.559349	77.401674	336.668978
	317	1	4	0.000000	5.589873	73.794531	338.927226
	318	1	1	-0.600000	1.905141	79.614337	338.413126
	319	1	2	0.000000	-0.153906	76.735903	339.680291
	320	1	4	0.000000	3.016317	74.575571	341.791625
	321	1	1	-0.600000	-3.042978	77.761573	341.763852
	322	1	2	0.000000	-3.019482	74.600786	343.706098
	323	1	6	0.000000	1.034170	74.281168	345.103061
	324	1	1	-0.600000	-5.364769	73.923813	346.267635
	325	1	2	0.000000	-3.344598	71.422124	348.265705
	326	1	6	0.000000	0.447947	73.379988	348.785619
	327	1	1	-0.600000	-4.967748	69.696586	351.956122
	328	1	2	0.000000	-1.619229	68.911102	353.458855
	329	1	3	0.000000	1.224434	72.804052	352.816685
	330	1	1	-0.600000	-1.231849	67.307830	356.755026
	331	1	2	0.000000	2.216120	68.642693	357.348245
	332	1	3	0.000000	2.293467	73.364096	356.182933
	333	1	1	-0.600000	4.035287	67.841706	360.451653
	334	1	2	0.000000	6.235953	70.868077	360.313457
	335	1	3	0.000000	3.503836	74.748750	359.250008
	336	1	1	-0.600000	8.210329	71.423464	362.882882
	337	1	2	0.000000	8.527234	75.090079	362.281332
	338	1	4	0.000000	4.294595	76.205493	362.395989
	339	1	1	-0.600000	10.935376	77.267151	364.932572
	340	1	2	0.000000	9.085351	80.497013	364.465521
	341	1	3	0.000000	4.316888	79.597581	364.792198
	342	1	1	-0.600000	10.041516	82.761632	366.217243
	343	1	2	0.000000	6.789859	84.534501	366.197070
	344	1	6	0.000000	3.924405	81.629767	367.553066
	345	1	1	-0.600000	6.466962	88.416225	368.213079
	346	1	2	0.000000	2.756510	88.210869	368.740794
	347	1	3	0.000000	1.754923	83.743813	370.383130
	348	1	1	-0.600000	1.575809	90.435533	370.404093
	349	1	2	0.000000	-1.277827	88.407613	371.614780
	350	1	6	0.000000	0.503050	84.913993	373.378295
	351	1	1	-0.600000	-4.050970	89.977717	374.029854
	352	1	2	0.000000	-5.297968	86.731929	375.523005
	353	1	4	0.000000	-1.432333	85.167369	376.858039
	354	1	1	-0.600000	-8.018073	86.692547	378.276331
	355	1	2	0.000000	-6.981007	83.383943	379.728292
	356	1	4	0.000000	-2.763124	84.308764	380.453920
	357	1	1	-0.600000	-8.792322	81.897493	382.808826
	358	1	2	0.000000	-5.885669	79.791318	383.925262
	359	1	4	0.000000	-2.863274	82.952476	384.140206
	360	1	1	-0.600000	-6.096983	77.631122	387.130076
	361	1	2	0.000000	-2.387435	77.562041	387.735540
	362	1	4	0.000000	-1.667633	81.881254	387.726652
	363	1	1	-0.600000	-1.267238	75.615179	391.508863
	364	1	2	0.000000	1.795330	77.671309	391.961713
	365	1	5	0.000000	0.911996	82.496226	391.140878
	366	1	1	-0.600000	3.995509	77.274495	394.826258
	367	1	2	0.000000	5.463825	80.742553	394.838078
	368	1	5	0.000000	2.034500	84.277261	394.143733
	369	1	1	-0.600000	7.706101	81.684762	397.046421
	370	1	2	0.000000	7.156253	85.393569	396.766739
	371	1	4	0.000000	2.811908	85.452380	397.312538
	372	1	1	-0.600000	9.244275	87.840503	399.453289
	373	1	2	0.000000	6.664557	90.564084	399.476306
	374	1	3	0.000000	2.285562	88.527879	400.053952
	375	1	1	-0.600000	7.279294	93.412315	401.971232
	376	1	2	0.000000	3.681718	94.279773	402.396773
	377	1	5	0.000000	0.812727	90.286996	403.147258
	378	1	1	-0.600000	2.660653	96.828358	404.200145
	379	1	2	0.000000	-0.872259	95.666762	404.752487
	380	1	4	0.000000	-0.010627	91.637323	406.233806
	381	1	1	-0.600000	-3.253594	97.956985	407.331705
	382	1	2	0.000000	-5.394244	95.078733	408.430497
	383	1	3	0.000000	-2.488591	91.344050	409.554150
	384	1	1	-0.600000	-7.697504	95.575366	410.722821
	385	1	2	0.000000	-7.878363	92.010301	411.800758
	386	1	4	0.000000	-3.687618	91.379003	412.901340
	387	1	1	-0.600000	-10.336047	91.502329	414.528901
	388	1	2	0.000000	-8.510691	88.577011	415.898458
	389	1	6	0.000000	-4.498500	90.026684	416.436131
	390	1	1	-0.600000	-9.737551	86.530316	419.107349
	391	1	2	0.000000	-6.391858	85.030656	420.043636
	392	1	4	0.000000	-4.092430	88.754111	420.195540
	393	1	1	-0.600000	-6.434413	82.850933	423.855498
	394	1	2	0.000000	-2.875573	83.597630	424.621342
	395	1	5	0.000000	-1.789031	88.387145	423.835578
	396	1	1	-0.600000	-1.351809	82.048689	427.046352
	397	1	2	0.000000	1.284886	84.633878	427.272333
	398	1	6	0.000000	-0.938833	88.311596	427.144781
	399	1	1	-0.600000	4.220659	84.450697	430.525407
	400	1	2	0.000000	4.941278	88.134261	430.532858
	401	1	3	0.000000	0.677259	90.461946	430.298957
	402	1	1	-0.600000	7.136002	89.414449	433.407085
	403	1	2	0.000000	5.661876	92.834650	433.468641
	404	1	5	0.000000	0.689691	92.792162	433.365218
	405	1	1	-0.600000	6.840359	95.306989	435.855949
	406	1	2	0.000000	3.715908	97.404728	436.016945
	407	1	5	0.000000	-0.420439	94.660085	436.319711
	408	1	1	-0.600000	3.502715	100.081954	437.908145
	409	1	2	0.000000	-0.246258	100.225323	438.151078
	410	1	4	0.000000	-0.976520	96.100331	439.425302
	411	1	1	-0.600000	-1.556105	103.215398	441.088602
	412	1	2	0.000000	-4.642866	101.355322	441.993405
	413	1	5	0.000000	-3.731464	96.521655	442.730139
	414	1	1	-0.600000	-7.383764	102.764065	444.105285
	415	1	2	0.000000	-8.814427	99.438129	445.040873
	416	1	3	0.000000	-5.119687	96.407891	445.947244
	417	1	1	-0.600000	-11.068626	99.376210	447.433191
	418	1	2	0.000000	-10.422426	95.838211	448.417240
	419	1	4	0.000000	-6.150603	96.117167	449.337951
	420	1	1	-0.600000	-12.517441	94.248666	451.257517
	421	1	2	0.000000	-9.942469	91.667688	452.172831
	422	1	4	0.000000	-6.555020	94.363410	452.830901
	423	1	1	-0.600000	-10.892329	89.565130	455.073951
	424	1	2	0.000000	-7.363048	88.973467	456.054526
	425	1	6	0.000000	-5.691994	92.926107	456.319724
	426	1	1	-0.600000	-6.304048	86.754938	459.208105
	427	1	2	0.000000	-2.860318	88.238070	459.719535
	428	1	4	0.000000	-4.049763	92.447238	459.924008
	429	1	1	-0.600000	-1.076409	86.939954	462.698284
	430	1	2	0.000000	0.851076	90.076885	463.158485
	431	1	6	0.000000	-2.167551	93.137819	463.234819
	432	1	1	-0.600000	3.226036	90.488101	465.748186
	433	1	2	0.000000	3.159451	94.264162	466.010111
	434	1	6	0.000000	-1.033392	95.178554	466.278513
	435	1	1	-0.600000	5.617277	96.328037	468.998967
	436	1	2	0.000000	3.445770	99.385000	469.164107
	437	1	3	0.000000	-1.175129	97.888599	469.412385
	438	1	1	-0.600000	4.098849	101.725422	471.378171
	439	1	2	0.000000	0.631050	103.092924	471.460612
	440	1	4	0.000000	-1.546421	99.462386	472.579239
	441	1	1	-0.600000	0.233178	106.337894	474.393010
	442	1	2	0.000000	-3.355975	105.644214	475.061829
	443	1	5	0.000000	-4.200637	100.788025	475.723510
	444	1	1	-0.600000	-5.298939	107.585179	477.440867
	445	1	2	0.000000	-7.882003	104.969155	478.259143
	446	1	5	0.000000	-5.891622	100.465938	478.961799
	447	1	1	-0.600000	-10.411015	105.844420	480.114237
	448	1	2	0.000000	-11.097188	102.352584	481.127657
	449	1	6	0.000000	-7.194296	100.832734	482.100062
	450	1	1	-0.600000	-14.343819	101.970979	484.471127
	451	1	2	0.000000	-12.948101	98.774652	485.662943
	452	1	5	0.000000	-7.990691	99.034985	485.965556
	453	1	1	-0.600000	-14.281555	96.983046	488.528724
	454	1	2	0.000000	-11.134130	95.164680	489.515271
	455	1	5	0.000000	-7.114804	98.091160	489.399448
	456	1	1	-0.600000	-11.338214	92.916581	491.862818
	457	1	2	0.000000	-7.722913	93.131189	492.620373
	458	1	6	0.000000	-6.998662	97.367686	492.737423
	459	1	1	-0.600000	-6.360735	91.472298	495.433147
	460	1	2	0.000000	-3.384562	93.726811	496.058432
	461	1	6	0.000000	-5.094377	97.671763	496.053609
	462	1	1	-0.600000	-0.692473	92.967175	499.436440
	463	1	2	0.000000	0.504681	96.513604	499.713807
	464	1	3	0.000000	-3.395666	99.403973	499.414927
	465	1	1	-0.600000	2.677598	97.322986	502.769519
	466	1	2	0.000000	1.665025	100.901833	502.974333
	467	1	5	0.000000	-3.255005	101.535398	502.619571
	468	1	1	-0.600000	2.979453	103.009155	505.124400
	469	1	2	0.000000	0.226501	105.569399	505.061573
	470	1	4	0.000000	-3.164247	102.900892	505.806352
	471	1	1	-0.600000	0.517488	108.752043	507.773332
	472	1	2	0.000000	-3.186936	109.272780	508.053567
	473	1	3	0.000000	-5.300578	104.944044	508.723690
	474	1	1	-0.600000	-4.015889	111.378181	510.051452
	475	1	2	0.000000	-7.350583	109.890017	510.671603
	476	1	6	0.000000	-6.563427	105.820072	511.812992
	477	1	1	-0.600000	-9.943790	111.607655	513.184714
	478	1	2	0.000000	-12.014155	108.529775	513.935444
	479	1	4	0.000000	-8.738577	105.893071	515.156855
	480	1	1	-0.600000	-14.941360	108.636631	516.465252
	481	1	2	0.000000	-14.804322	104.972692	517.294289
	482	1	4	0.000000	-10.581705	104.741527	518.430350
	483	1	1	-0.600000	-17.431206	103.441882	520.179684
	484	1	2	0.000000	-15.167686	100.634493	521.214670
	485	1	3	0.000000	-10.697071	102.430692	521.879214
	486	1	1	-0.600000	-16.191188	98.975099	523.519128
	487	1	2	0.000000	-12.820602	97.915898	524.630986
	488	1	6	0.000000	-10.637612	101.572992	525.220994
	489	1	1	-0.600000	-12.467724	95.084991	527.961759
	490	1	2	0.000000	-8.987510	96.120019	528.912690
	491	1	3	0.000000	-8.854118	100.981910	528.916495
	492	1	1	-0.600000	-7.592910	94.851661	531.605962
	493	1	2	0.000000	-5.197628	97.665341	532.105900
	494	1	4	0.000000	-8.037415	100.987109	532.377250
	495	1	1	-0.600000	-2.792918	97.125557	535.740695
	496	1	2	0.000000	-2.373474	100.772773	536.317600
	497	1	5	0.000000	-6.672616	103.222659	535.816456
	498	1	1	-0.600000	-0.227257	101.857191	538.513603
	499	1	2	0.000000	-1.878539	105.159539	538.751320
	500	1	6	0.000000	-6.047357	104.148693	539.046111
	501	1	1	-0.600000	-0.535092	108.036566	541.776641
	502	1	2	0.000000	-3.820423	109.837000	542.007687
	503	1	3	0.000000	-7.323107	106.470655	542.234770
	504	1	1	-0.600000	-3.979094	111.937312	544.169707
	505	1	2	0.000000	-7.649635	111.653682	544.578092
	506	1	6	0.000000	-8.368096	107.487588	545.362058
	507	1	1	-0.600000	-9.698922	114.358018	547.356569
	508	1	2	0.000000	-12.649263	112.103101	547.902566
	509	1	3	0.000000	-10.943508	107.603440	548.608598
	510	1	1	-0.600000	-15.099639	113.172556	550.653427
	511	1	2	0.000000	-16.214904	109.716742	551.483781
	512	1	5	0.000000	-12.423264	106.540344	552.001477
	513	1	1	-0.600000	-18.681741	109.152484	554.091279
	514	1	2	0.000000	-17.682150	105.636459	554.999680
	515	1	5	0.000000	-12.752613	105.075849	555.347457
	516	1	1	-0.600000	-19.657385	103.614482	557.442264
	517	1	2	0.000000	-16.844197	101.304417	558.300416
	518	1	3	0.000000	-12.779267	103.949626	558.667401
	519	1	1	-0.600000	-17.251614	99.314660	560.884750
	520	1	2	0.000000	-13.610666	98.914819	561.583574
	521	1	4	0.000000	-12.515271	103.120962	562.115297
	522	1	1	-0.600000	-12.901729	96.463374	565.157129
	523	1	2	0.000000	-9.704744	98.158235	566.004172
	524	1	5	0.000000	-10.108692	103.106203	565.706534
	525	1	1	-0.600000	-7.714221	97.277648	568.464752
	526	1	2	0.000000	-5.834178	100.519411	568.771322
	527	1	4	0.000000	-9.257124	103.234034	569.065995
	528	1	1	-0.600000	-3.114415	100.855892	571.942859
	529	1	2	0.000000	-3.460181	104.577282	572.266431
	530	1	3	0.000000	-8.195186	105.688707	572.243433
	531	1	1	-0.600000	-1.478402	106.541473	574.674681
	532	1	2	0.000000	-3.896648	109.396799	574.813680
	533	1	3	0.000000	-8.402576	107.618339	575.247153
	534	1	1	-0.600000	-3.168948	111.449625	576.903337
	535	1	2	0.000000	-6.655890	112.590181	577.413559
	536	1	6	0.000000	-8.869387	109.027903	578.361638
	537	1	1	-0.600000	-7.363110	115.230924	579.659763
	538	1	2	0.000000	-10.962969	114.373169	580.457976
	539	1	6	0.000000	-10.800630	110.195778	581.463769
	540	1	1	-0.600000	-13.108762	116.412458	583.146230
	541	1	2	0.000000	-15.617071	113.692417	583.939821
	542	1	4	0.000000	-12.763410	110.519632	584.921773
	543	1	1	-0.600000	-18.321654	114.691675	587.252025
	544	1	2	0.000000	-18.737015	111.157512	588.323052
	545	1	5	0.000000	-14.377537	108.772505	588.531873
	546	1	1	-0.600000	-21.042395	110.347999	590.475618
	547	1	2	0.000000	-19.371000	107.159008	591.326571
	548	1	6	0.000000	-15.255218	108.309198	591.802121
	549	1	1	-0.600000	-20.920229	104.717963	594.624548
	550	1	2	0.000000	-17.640852	103.055653	595.378955
	551	1	3	0.000000	-14.215847	106.508591	595.388541
	552	1	1	-0.600000	-17.535895	100.901186	598.551366
	553	1	2	0.000000	-13.904786	101.419142	599.199438
	554	1	5	0.000000	-12.545136	106.189868	598.844014
	555	1	1	-0.600000	-12.043596	99.455801	601.775493
	556	1	2	0.000000	-9.258955	101.928342	602.119010
	557	1	3	0.000000	-11.191183	106.391484	602.071464
	558	1	1	-0.600000	-7.170301	101.521134	604.624229
	559	1	2	0.000000	-6.147402	105.102491	604.799472
	560	1	4	0.000000	-10.074727	106.942719	605.402339
	561	1	1	-0.600000	-3.312466	106.147870	607.704511
	562	1	2	0.000000	-4.497636	109.690687	608.047313
	563	1	3	0.000000	-9.343848	109.656314	608.460153
	564	1	1	-0.600000	-3.084253	111.291152	610.181223
	565	1	2	0.000000	-5.922957	113.605498	610.733193
	566	1	6	0.000000	-9.280674	111.066319	611.608991
	567	1	1	-0.600000	-5.663916	116.599818	613.370861
	568	1	2	0.000000	-9.374713	117.074729	613.942401
	569	1	4	0.000000	-10.353681	112.932121	614.968373
	570	1	1	-0.600000	-10.672211	119.882726	616.770777
	571	1	2	0.000000	-13.870071	118.086846	617.559777
	572	1	3	0.000000	-12.858596	113.379827	618.250921
	573	1	1	-0.600000	-15.506912	119.338745	619.765618
	574	1	2	0.000000	-17.164774	116.169194	620.728297
	575	1	6	0.000000	-13.952200	113.424090	621.523069
	576	1	1	-0.600000	-19.606140	116.134629	623.289083
	577	1	2	0.000000	-19.295513	112.512651	624.346199
	578	1	6	0.000000	-15.064459	111.987665	624.902097
	579	1	1	-0.600000	-21.723348	110.944396	627.644075
	580	1	2	0.000000	-19.359299	108.158708	628.504375
	581	1	3	0.000000	-14.862870	110.012153	628.540741
	582	1	1	-0.600000	-20.004406	105.755087	631.222979
	583	1	2	0.000000	-16.398406	104.884257	631.731691
	584	1	3	0.000000	-13.786441	108.986896	631.793233
	585	1	1	-0.600000	-15.397968	102.440436	634.303083
	586	1	2	0.000000	-11.923948	103.787219	634.678949
	587	1	3	0.000000	-12.142239	108.638064	634.949708
	588	1	1	-0.600000	-9.564381	102.264345	637.065724
	589	1	2	0.000000	-7.479170	105.349556	637.455097
	590	1	3	0.000000	-10.427516	109.173058	638.042060
	591	1	1	-0.600000	-4.852664	105.103524	640.239910
	592	1	2	0.000000	-4.799702	108.752300	640.986889
	593	1	5	0.000000	-9.356691	110.698650	641.412082
	594	1	1	-0.600000	-2.727951	110.102710	643.149307
	595	1	2	0.000000	-4.648255	113.275495	643.767666
	596	1	4	0.000000	-8.548478	111.509649	644.685961
	597	1	1	-0.600000	-2.941718	115.565287	647.103498
	598	1	2	0.000000	-6.206669	117.026193	648.112002
	599	1	5	0.000000	-9.793996	113.585308	648.267847
	600	1	1	-0.600000	-6.603848	119.260764	650.487246
	601	1	2	0.000000	-10.271163	118.697358	651.095416
	602	1	4	0.000000	-10.185347	114.351959	651.627384
	603	1	1	-0.600000	-12.016222	120.771275	654.292766
	604	1	2	0.000000	-14.648310	118.181398	654.954743
	605	1	3	0.000000	-12.519156	113.808885	655.019725
	606	1	1	-0.600000	-16.696373	118.587579	657.493789
	607	1	2	0.000000	-17.553177	114.973140	657.821208
	608	1	4	0.000000	-13.534685	113.331051	658.393694
	609	1	1	-0.600000	-20.080274	113.862908	660.534344
	610	1	2	0.000000	-18.786316	110.342306	660.780834
	611	1	4	0.000000	-14.580856	111.271348	661.572054
	612	1	1	-0.600000	-20.313691	107.822402	663.290301
	613	1	2	0.000000	-17.238288	105.673577	663.524612
	614	1	4	0.000000	-14.369863	108.796379	664.616533
	615	1	1	-0.600000	-17.561575	102.478086	666.519526
	616	1	2	0.000000	-13.915638	102.426482	667.237831
	617	1	5	0.000000	-12.089920	107.014745	667.828814
	618	1	1	-0.600000	-12.449240	100.174268	669.683046
	619	1	2	0.000000	-9.390032	102.214787	670.499620
	620	1	5	0.000000	-10.411451	107.046099	671.089433
	621	1	1	-0.600000	-6.710562	100.902092	672.747275
	622	1	2	0.000000	-5.373839	104.273087	673.660511
	623	1	3	0.000000	-9.151805	107.256356	674.354245
	624	1	1	-0.600000	-2.709888	104.627961	676.183201
	625	1	2	0.000000	-3.641107	108.129013	677.130095
	626	1	3	0.000000	-8.467187	108.375143	677.681123
	627	1	1	-0.600000	-1.749471	109.943118	679.721201
	628	1	2	0.000000	-4.560486	112.256057	680.598573
	629	1	3	0.000000	-8.654902	109.663159	681.011939
	630	1	1	-0.600000	-3.947727	113.992951	682.990002
	631	1	2	0.000000	-7.496582	114.390276	683.974310
	632	1	6	0.000000	-9.002755	110.382450	684.368680
	633	1	1	-0.600000	-8.528196	116.626177	687.124789
	634	1	2	0.000000	-11.891629	115.022407	687.786164
	635	1	4	0.000000	-10.533242	110.866240	688.021329
	636	1	1	-0.600000	-13.831725	116.433664	691.464717
	637	1	2	0.000000	-15.601909	113.222945	692.071812
	638	1	5	0.000000	-12.578186	109.315961	691.500528
	639	1	1	-0.600000	-17.954239	113.037497	694.316119
	640	1	2	0.000000	-17.687030	109.353939	694.541323
	641	1	6	0.000000	-13.443321	108.692867	694.747148
	642	1	1	-0.600000	-19.599047	107.290084	697.382681
	643	1	2	0.000000	-17.300244	104.284415	697.439210
	644	1	4	0.000000	-13.529507	106.430232	698.032488
	645	1	1	-0.600000	-18.137255	101.783336	700.044552
	646	1	2	0.000000	-14.620462	100.644293	700.362676
	647	1	6	0.000000	-12.420913	104.274545	701.049599
	648	1	1	-0.600000	-13.649808	98.063402	702.579394
	649	1	2	0.000000	-10.015646	99.019832	703.037560
	650	1	6	0.000000	-10.191592	103.210160	703.984380
	651	1	1	-0.600000	-7.429631	96.705090	705.718444
	652	1	2	0.000000	-5.020916	99.510329	706.363718
	653	1	3	0.000000	-7.637595	103.516472	707.235320
	654	1	1	-0.600000	-2.614496	99.112103	708.567627
	655	1	2	0.000000	-2.167214	102.751808	709.243917
	656	1	4	0.000000	-6.241018	103.755595	710.496455
	657	1	1	-0.600000	0.476406	103.386824	711.763686
	658	1	2	0.000000	-1.094091	106.547310	712.907450
	659	1	6	0.000000	-5.141575	105.415802	713.815706
	660	1	1	-0.600000	0.784687	109.034004	715.993150
	661	1	2	0.000000	-2.399132	110.716717	717.050731
	662	1	3	0.000000	-5.809938	107.274009	717.460785
	663	1	1	-0.600000	-2.526896	113.267263	719.708359
	664	1	2	0.000000	-6.137632	112.694563	720.517630
	665	1	3	0.000000	-6.943662	107.905906	720.792847
	666	1	1	-0.600000	-7.804118	114.642680	723.165990
	667	1	2	0.000000	-10.444518	112.072248	723.829422
	668	1	3	0.000000	-8.345018	107.692008	724.076170
	669	1	1	-0.600000	-13.017332	112.640847	726.406620
	670	1	2	0.000000	-13.708493	109.003350	726.965683
	671	1	3	0.000000	-9.473782	106.634424	727.300354
	672	1	1	-0.600000	-16.000959	108.303690	729.960817
	673	1	2	0.000000	-14.579196	104.943014	730.705848
	674	1	5	0.000000	-9.605788	104.920226	730.746644
	675	1	1	-0.600000	-15.859663	102.972469	733.477122
	676	1	2	0.000000	-12.771966	100.913883	734.121325
	677	1	5	0.000000	-8.606124	103.629192	734.030307
	678	1	1	-0.600000	-12.978910	98.478664	736.272857
	679	1	2	0.000000	-9.322859	98.438600	736.839102
	680	1	6	0.000000	-8.356788	102.604605	737.281031
	681	1	1	-0.600000	-7.650378	95.888250	739.990347
	682	1	2	0.000000	-4.585126	97.986753	740.527267
	683	1	3	0.000000	-6.003755	102.635959	740.694247
	684	1	1	-0.600000	-2.515459	97.246298	742.971534
	685	1	2	0.000000	-1.093620	100.681051	743.265413
	686	1	4	0.000000	-4.778878	102.921838	744.019961
	687	1	1	-0.600000	1.818093	100.959213	746.540673
	688	1	2	0.000000	1.130460	104.552180	747.194740
	689	1	5	0.000000	-3.750619	105.496099	747.337570
	690	1	1	-0.600000	2.759654	106.405323	749.362948
	691	1	2	0.000000	0.183150	109.117905	749.738250
	692	1	4	0.000000	-3.295969	106.600737	750.593332
	693	1	1	-0.600000	0.752808	111.912734	752.354861
	694	1	2	0.000000	-2.895388	112.692616	752.814878
	695	1	4	0.000000	-4.284047	108.656558	753.792983
	696	1	1	-0.600000	-3.563651	115.274937	755.389714
	697	1	2	0.000000	-6.913047	113.894850	756.190457
	698	1	6	0.000000	-6.147443	109.742743	757.006488
	699	1	1	-0.600000	-9.523739	115.827111	759.137591
	700	1	2	0.000000	-11.508353	112.734762	759.904097
	701	1	3	0.000000	-8.358269	109.069326	760.448184
	702	1	1	-0.600000	-13.955570	112.991694	762.847187
	703	1	2	0.000000	-13.795028	109.380017	763.744632
	704	1	5	0.000000	-9.136721	107.649082	763.942243
	705	1	1	-0.600000	-15.970201	108.198472	765.860248
	706	1	2	0.000000	-13.858263	105.268087	766.660254
	707	1	6	0.000000	-9.955958	106.992659	767.194467
	708	1	1	-0.600000	-14.760899	102.802352	769.675925
	709	1	2	0.000000	-11.263738	101.506156	770.315894
	710	1	4	0.000000	-9.269750	105.377098	770.777361
	711	1	1	-0.600000	-10.948342	98.947534	773.870727
	712	1	2	0.000000	-7.429555	99.913397	774.574226
	713	1	5	0.000000	-6.773864	104.833895	774.265218
	714	1	1	-0.600000	-5.577996	98.581963	777.402942
	715	1	2	0.000000	-3.129948	101.416459	777.801859
	716	1	5	0.000000	-5.294784	105.880452	777.453533
	717	1	1	-0.600000	-0.315903	101.235386	780.251808
	718	1	2	0.000000	0.141181	104.939093	780.495111
	719	1	3	0.000000	-4.264310	106.997363	780.612817
	720	1	1	-0.600000	2.089818	106.072278	782.887480
	721	1	2	0.000000	0.487264	109.434757	783.067517
	722	1	4	0.000000	-3.638142	108.220632	783.892419
	723	1	1	-0.600000	1.858290	112.055756	785.563975
	724	1	2	0.000000	-1.355193	113.989274	785.821927
	725	1	4	0.000000	-3.994580	110.678175	786.937797
	726	1	1	-0.600000	-1.222876	116.802831	788.231290
	727	1	2	0.000000	-4.858208	116.619322	788.950975
	728	1	6	0.000000	-5.491602	112.500046	790.007027
	729	1	1	-0.600000	-6.466885	118.829611	791.196942
	730	1	2	0.000000	-9.429612	116.664329	792.128236
	731	1	6	0.000000	-7.634062	112.897327	793.163778
	732	1	1	-0.600000	-12.386512	118.078160	795.042329
	733	1	2	0.000000	-13.519327	114.647483	796.060039
	734	1	3	0.000000	-9.542365	111.925027	796.713291
	735	1	1	-0.600000	-15.898583	114.482560	799.064632
	736	1	2	0.000000	-14.822511	111.092571	800.170474
	737	1	5	0.000000	-9.876339	110.591066	800.310740
	738	1	1	-0.600000	-16.593687	109.550357	802.426166
	739	1	2	0.000000	-13.800777	107.296742	803.326682
	740	1	6	0.000000	-10.445742	109.969402	803.622849
	741	1	1	-0.600000	-14.002275	104.889994	806.513621
	742	1	2	0.000000	-10.280442	104.549669	807.109167
	743	1	4	0.000000	-9.311201	108.816704	807.270068
	744	1	1	-0.600000	-9.269744	102.391717	810.798021
	745	1	2	0.000000	-6.092361	104.247090	811.321076
	746	1	5	0.000000	-6.695095	109.143961	810.696145
	747	1	1	-0.600000	-3.521171	103.304121	813.861776
	748	1	2	0.000000	-1.896639	106.671906	813.943539
	749	1	3	0.000000	-5.402960	110.040415	813.829372
	750	1	1	-0.600000	0.802356	107.408375	816.342828
	751	1	2	0.000000	0.178416	111.100090	816.391313
	752	1	3	0.000000	-4.606186	111.878217	816.792230
	753	1	1	-0.600000	1.845114	112.545180	818.451620
	754	1	2	0.000000	-0.574472	115.315479	818.888295
	755	1	6	0.000000	-4.297640	113.403092	819.871984
	756	1	1	-0.600000	0.460649	118.648726	821.543455
	757	1	2	0.000000	-3.092114	119.662191	822.208454
	758	1	3	0.000000	-5.624605	115.611120	823.120012
	759	1	1	-0.600000	-3.724572	122.025693	824.403795
	760	1	2	0.000000	-7.211459	120.908651	825.110758
	761	1	4	0.000000	-6.404588	116.796414	826.380452
	762	1	1	-0.600000	-9.101198	123.357145	828.227742
	763	1	2	0.000000	-11.289639	120.604150	829.428726
	764	1	5	0.000000	-8.768350	116.351843	829.972753
	765	1	1	-0.600000	-13.734054	121.222154	831.488998
	766	1	2	0.000000	-13.948398	117.689149	832.566457
	767	1	6	0.000000	-9.835571	116.612672	833.208861
	768	1	1	-0.600000	-16.008859	116.746219	835.283990
	769	1	2	0.000000	-14.127733	113.656484	836.401049
	770	1	6	0.000000	-10.055777	115.008271	836.686293
	771	1	1	-0.600000	-15.173860	111.563348	839.643316
	772	1	2	0.000000	-11.805638	109.971654	840.309800
	773	1	4	0.000000	-9.417176	113.641167	840.379747
	774	1	1	-0.600000	-11.226162	107.689000	843.381452
	775	1	2	0.000000	-7.523233	108.306234	843.567170
	776	1	4	0.000000	-7.621460	112.680326	843.740218
	777	1	1	-0.600000	-5.365044	106.695067	846.346997
	778	1	2	0.000000	-2.660763	109.303610	846.229106
	779	1	4	0.000000	-5.173485	112.842310	846.809269
	780	1	1	-0.600000	0.372056	109.148101	848.629079
	781	1	2	0.000000	1.102420	112.832885	848.488770
	782	1	4	0.000000	-2.860847	114.304558	849.629227
	783	1	1	-0.600000	4.287044	114.090656	851.237956
	784	1	2	0.000000	2.892957	117.503756	851.705612
	785	1	5	0.000000	-2.009981	117.392657	852.532474
	786	1	1	-0.600000	4.702771	120.277155	853.433748
	787	1	2	0.000000	1.624830	122.277372	854.148646
	788	1	3	0.000000	-1.882891	119.204931	855.530994
	789	1	1	-0.600000	1.914078	124.819669	856.212491
	790	1	2	0.000000	-1.665870	124.819276	857.255954
	791	1	4	0.000000	-1.978786	120.714675	858.748953
	792	1	1	-0.600000	-2.463960	127.856605	860.325274
	793	1	2	0.000000	-5.238632	125.933325	861.878193
	794	1	5	0.000000	-4.027292	121.154064	862.530547
	795	1	1	-0.600000	-7.077133	127.160601	864.761979
	796	1	2	0.000000	-8.204491	123.831237	866.114580
	797	1	5	0.000000	-4.582009	120.423588	866.081270
	798	1	1	-0.600000	-10.541387	123.594022	869.019296
	799	1	2	0.000000	-9.534648	120.117842	869.962121
	800	1	3	0.000000	-4.702690	119.776181	869.524575
	801	1	1	-0.600000	-10.755244	119.040018	873.435582
	802	1	2	0.000000	-7.913948	116.724191	874.095927
	803	1	5	0.000000	-3.494806	118.743422	873.032712
	804	1	1	-0.600000	-8.111007	114.694545	876.634520
	805	1	2	0.000000	-4.446905	114.194268	876.740288
	806	1	6	0.000000	-2.903747	118.188612	876.352634
	807	1	1	-0.600000	-2.668605	111.920682	880.042206
	808	1	2	0.000000	0.684090	113.595038	879.833494
	809	1	3	0.000000	-0.091112	118.376465	879.392511
	810	1	1	-0.600000	3.151438	112.781015	882.655031
	811	1	2	0.000000	4.956580	116.034805	882.484326
	812	1	5	0.000000	1.880314	119.938574	882.308875
	813	1	1	-0.600000	7.613742	116.700475	884.297743
	814	1	2	0.000000	7.447169	120.449657	884.070976
	815	1	4	0.000000	3.280040	120.993569	885.301389
	816	1	1	-0.600000	9.954387	122.576425	886.113405
	817	1	2	0.000000	7.740277	125.607652	886.314639
	818	1	4	0.000000	4.192953	123.684639	888.015323
	819	1	1	-0.600000	8.856825	128.774432	888.239649
	820	1	2	0.000000	5.370324	130.011052	888.906258
	821	1	4	0.000000	3.778540	126.407317	890.817514
	822	1	1	-0.600000	5.240187	133.094091	890.960675
	823	1	2	0.000000	1.909827	132.256504	892.364998
	824	1	6	0.000000	2.418843	128.280152	893.919602
	825	1	1	-0.600000	0.220214	134.368771	894.645925
	826	1	2	0.000000	-1.974524	131.781756	896.325065
	827	1	6	0.000000	0.781436	128.650668	897.369036
	828	1	1	-0.600000	-4.666240	132.933618	899.590627
	829	1	2	0.000000	-4.801009	129.514948	901.134257
	830	1	3	0.000000	-0.253321	127.798421	901.291803
	831	1	1	-0.600000	-6.787445	128.755910	904.144679
	832	1	2	0.000000	-4.725607	125.793329	905.140066
	833	1	3	0.000000	-0.018580	126.956788	904.759713
	834	1	1	-0.600000	-5.545400	123.864409	908.172391
	835	1	2	0.000000	-2.073937	122.543504	908.649865
	836	1	3	0.000000	1.087401	126.194529	908.073760
	837	1	1	-0.600000	-1.472595	120.818349	911.382908
	838	1	2	0.000000	2.197453	121.478134	911.400858
	839	1	4	0.000000	2.140307	125.856064	911.453592
	840	1	1	-0.600000	4.438529	119.766130	914.500962
	841	1	2	0.000000	7.108968	122.400568	914.457538
	842	1	3	0.000000	4.961003	126.763608	914.363417
	843	1	1	-0.600000	9.210077	122.100866	916.603936
	844	1	2	0.000000	10.055137	125.706392	916.685412
	845	1	6	0.000000	6.319414	127.714627	917.389573
	846	1	1	-0.600000	13.316925	127.071356	919.280390
	847	1	2	0.000000	12.069324	130.600700	919.556404
	848	1	3	0.000000	7.282720	130.401038	920.396197
	849	1	1	-0.600000	13.593585	132.349288	921.487599
	850	1	2	0.000000	10.719051	134.576773	922.190176
	851	1	6	0.000000	7.558472	131.954535	923.464969
	852	1	1	-0.600000	11.079586	137.695890	924.666061
	853	1	2	0.000000	7.415608	138.055370	925.542440
	854	1	4	0.000000	6.703086	133.929551	926.824293
	855	1	1	-0.600000	6.202426	140.700706	928.093958
	856	1	2	0.000000	3.078401	138.840805	929.048814
	857	1	4	0.000000	4.927631	135.028410	930.152773
	858	1	1	-0.600000	0.669534	140.229786	931.740979
	859	1	2	0.000000	-0.769322	136.882495	932.665980
	860	1	4	0.000000	2.982725	134.809785	933.559996
	861	1	1	-0.600000	-3.424877	136.551713	935.462137
	862	1	2	0.000000	-2.631737	132.964509	936.258356
	863	1	4	0.000000	1.661915	133.416160	936.988310
	864	1	1	-0.600000	-4.836273	131.413428	939.725319
	865	1	2	0.000000	-2.164609	129.012169	940.677587
	866	1	5	0.000000	2.332832	131.133471	940.597828
	867	1	1	-0.600000	-2.460726	126.820018	943.560502
	868	1	2	0.000000	1.215074	126.324581	944.215752
	869	1	5	0.000000	3.803735	130.560138	943.907726
	870	1	1	-0.600000	2.314760	124.439430	946.670920
	871	1	2	0.000000	5.745318	125.950067	946.963164
	872	1	4	0.000000	4.581454	130.160705	947.263980
	873	1	1	-0.600000	8.154121	124.618274	950.124353
	874	1	2	0.000000	10.070142	127.828262	950.440220
	875	1	3	0.000000	6.899931	131.516890	950.431771
	876	1	1	-0.600000	12.510738	128.021699	953.393183
	877	1	2	0.000000	12.329238	131.725113	953.748325
	878	1	5	0.000000	7.661927	133.440961	953.679658
	879	1	1	-0.600000	14.179185	133.407542	955.878905
	880	1	2	0.000000	12.064260	136.512098	956.034410
	881	1	4	0.000000	8.204198	134.630467	956.892016
	882	1	1	-0.600000	13.182908	139.446449	958.810375
	883	1	2	0.000000	9.703892	140.759915	959.306357
	884	1	3	0.000000	6.715874	136.981641	959.975244
	885	1	1	-0.600000	9.186960	143.140012	961.514247
	886	1	2	0.000000	5.567078	142.381962	961.990236
	887	1	4	0.000000	5.866159	138.187301	963.210655
	888	1	1	-0.600000	3.980778	144.649823	964.456420
	889	1	2	0.000000	1.439838	142.130426	965.436870
	890	1	6	0.000000	3.766543	138.653366	966.428589
	891	1	1	-0.600000	-1.371622	142.808987	968.198252
	892	1	2	0.000000	-2.089399	139.196466	969.068297
	893	1	4	0.000000	2.020122	137.969423	969.950168
	894	1	1	-0.600000	-4.823644	138.705789	972.469373
	895	1	2	0.000000	-3.321356	135.482282	973.546741
	896	1	5	0.000000	1.647241	135.695370	973.607934
	897	1	1	-0.600000	-4.812830	133.631243	975.772123
	898	1	2	0.000000	-1.710240	131.777559	976.562103
	899	1	6	0.000000	1.230827	134.895811	976.904425
	900	1	1	-0.600000	-1.678158	128.938112	979.904347
	901	1	2	0.000000	2.008739	129.220451	980.547801
	902	1	3	0.000000	3.155276	133.945956	980.451249
	903	1	1	-0.600000	3.304375	127.478953	983.710491
	904	1	2	0.000000	6.162289	129.808189	984.240386
	905	1	5	0.000000	4.849682	134.589421	983.849206
	906	1	1	-0.600000	8.410161	129.356847	987.058931
	907	1	2	0.000000	9.566411	132.927282	987.378439
	908	1	5	0.000000	5.832672	136.190901	986.998341
	909	1	1	-0.600000	11.732699	133.865892	989.662307
	910	1	2	0.000000	10.854992	137.521358	989.712000
	911	1	4	0.000000	6.526867	137.146466	990.259262
	912	1	1	-0.600000	12.855771	139.612444	993.014755
	913	1	2	0.000000	10.132230	142.106331	993.430218
	914	1	5	0.000000	5.648604	139.954203	993.427107
	915	1	1	-0.600000	10.400098	145.147717	995.582482
	916	1	2	0.000000	6.707018	145.656406	995.885990
	917	1	3	0.000000	4.630884	141.301305	996.499537
	918	1	1	-0.600000	5.655532	147.841889	998.104741
	919	1	2	0.000000	2.291564	146.292278	998.539869
	920	1	4	0.000000	3.507671	142.259045	999.734842
	921	1	1	-0.600000	-0.247473	147.924948	1000.962355
	922	1	2	0.000000	-2.189269	144.768558	1001.593496
	923	1	4	0.000000	1.139562	142.225941	1002.869697
	924	1	1	-0.600000	-4.929896	145.161614	1004.057958
	925	1	2	0.000000	-4.744370	141.614438	1005.128921
	926	1	6	0.000000	-0.598968	141.054778	1006.123525
	927	1	1	-0.600000	-7.117093	140.042940	1007.937768
	928	1	2	0.000000	-4.901373	137.122388	1008.877088
	929	1	4	0.000000	-1.244015	139.388207	1009.690713
	930	1	1	-0.600000	-6.181469	135.094202	1011.703457
	931	1	2	0.000000	-2.778171	134.073846	1012.772889
	932	1	6	0.000000	-0.664692	137.796740	1013.171078
	933	1	1	-0.600000	-2.213646	131.924061	1015.525642
	934	1	2	0.000000	1.313961	132.993279	1016.389845
	935	1	6	0.000000	1.049365	137.281505	1016.563934
	936	1	1	-0.600000	3.402378	131.207555	1019.807820
	937	1	2	0.000000	5.716796	134.113619	1020.340963
	938	1	3	0.000000	3.053344	138.174641	1020.081250
	939	1	1	-0.600000	7.869377	133.992244	1023.513954
	940	1	2	0.000000	8.123478	137.688149	1023.899336
	941	1	13	0.000000	3.738112	139.983077	1023.411880
	942	2	2	0.000000	-0.174296	148.230508	1022.475046
	943	2	10	0.000000	0.081448	143.944216	1022.247006
	944	2	1	-0.600000	2.030790	149.951836	1019.617982
	945	2	2	0.000000	4.805281	147.379975	1019.520316
	946	2	4	0.000000	2.306891	143.831608	1018.937648
	947	2	1	-0.600000	7.701704	148.024752	1016.282761
	948	2	2	0.000000	8.485547	144.410651	1015.913732
	949	2	5	0.000000	4.362437	141.630463	1015.835814
	950	2	1	-0.600000	10.867643	143.180603	1013.460850
	951	2	2	0.000000	9.480521	139.698418	1013.091160
	952	2	5	0.000000	4.518323	139.638144	1012.761055
	953	2	1	-0.600000	11.212331	137.116959	1011.019138
	954	2	2	0.000000	8.157347	135.026852	1010.485491
	955	2	3	0.000000	4.411188	138.015378	1009.655295
	956	2	1	-0.600000	8.547020	132.390011	1007.727014
	957	2	2	0.000000	4.951340	132.374859	1006.754747
	958	2	5	0.000000	3.086444	136.951786	1006.198921
	959	2	1	-0.600000	3.529836	129.819306	1004.429715
	960	2	2	0.000000	0.547457	131.867102	1003.481696
	961	2	3	0.000000	2.002648	136.471359	1002.899539
	962	2	1	-0.600000	-1.792788	130.702458	1000.877799
	963	2	2	0.000000	-2.972471	134.135198	999.956058
	964	2	3	0.000000	0.888205	137.065772	999.552815
	965	2	1	-0.600000	-4.990816	134.401801	997.375239
	966	2	2	0.000000	-4.140046	137.958118	996.643532
	967	2	4	0.000000	0.187321	137.564654	996.102806
	968	2	1	-0.600000	-6.000071	139.262057	993.713924
	969	2	2	0.000000	-3.341246	141.705831	992.862576
	970	2	6	0.000000	0.225693	139.314172	992.650285
	971	2	1	-0.600000	-3.805527	144.495240	989.510686
	972	2	2	0.000000	-0.124860	145.035378	989.013039
	973	2	3	0.000000	2.030593	140.678490	989.176689
	974	2	1	-0.600000	0.610731	146.691343	986.598855
	975	2	2	0.000000	3.946471	145.134461	986.187153
	976	2	6	0.000000	3.184387	140.910512	985.933050
	977	2	1	-0.600000	6.135835	146.245155	983.639319
	978	2	2	0.000000	8.213031	143.105492	983.241631
	979	2	6	0.000000	5.269411	139.996367	982.845514
	980	2	1	-0.600000	11.055546	142.752562	980.451150
	981	2	2	0.000000	11.080676	138.973360	980.249163
	982	2	4	0.000000	6.800937	138.387690	979.531208
	983	2	1	-0.600000	13.620542	137.390573	977.035549
	984	2	2	0.000000	11.531722	134.359647	976.523787
	985	2	5	0.000000	6.687488	135.470529	976.342734
	986	2	1	-0.600000	12.619771	131.900160	974.687767
	987	2	2	0.000000	9.215748	130.539246	974.188546
	988	2	6	0.000000	6.894475	134.034464	973.248292
	989	2	1	-0.600000	8.605424	127.206304	971.404388
	990	2	2	0.000000	5.023339	128.044047	970.660068
	991	2	3	0.000000	4.769165	132.840648	969.895587
	992	2	1	-0.600000	3.376973	126.037242	967.835824
	993	2	2	0.000000	0.988475	128.720851	966.852849
	994	2	5	0.000000	3.165784	133.170641	966.409450
	995	2	1	-0.600000	-1.814266	128.111799	964.459725
	996	2	2	0.000000	-2.258022	131.713170	963.555692
	997	2	3	0.000000	2.154433	133.706978	963.095800
	998	2	1	-0.600000	-4.191649	132.405114	960.989082
	999	2	2	0.000000	-2.577316	135.677257	960.219586
	1000	2	4	0.000000	1.548158	134.325957	959.647143
	1001	2	1	-0.600000	-4.117331	137.863630	956.992370
	1002	2	2	0.000000	-0.890803	139.617343	956.226099
	1003	2	3	0.000000	2.679752	136.315362	956.181382
	1004	2	1	-0.600000	-0.969232	141.390094	953.783894
	1005	2	2	0.000000	2.663198	141.115080	953.111839
	1006	2	6	0.000000	3.437811	136.892972	952.865147
	1007	2	1	-0.600000	4.351099	143.063743	950.055096
	1008	2	2	0.000000	7.408038	140.861665	949.695889
	1009	2	4	0.000000	5.336536	137.018499	949.358348
	1010	2	1	-0.600000	10.123790	141.611439	946.592489
	1011	2	2	0.000000	11.277747	138.052978	946.311098
	1012	2	3	0.000000	7.361857	135.169027	946.239614
	1013	2	1	-0.600000	13.237096	137.536750	944.073565
	1014	2	2	0.000000	12.322051	133.966443	943.707428
	1015	2	6	0.000000	8.067352	133.961007	943.085509
	1016	2	1	-0.600000	14.009242	131.919273	941.366226
	1017	2	2	0.000000	11.322676	129.307460	940.827330
	1018	2	6	0.000000	7.796876	131.640464	940.042837
	1019	2	1	-0.600000	11.947914	126.030432	937.980262
	1020	2	2	0.000000	8.296132	125.423123	937.362537
	1021	2	3	0.000000	6.177438	129.754464	936.725309
	1022	2	1	-0.600000	7.061441	122.808315	935.070423
	1023	2	2	0.000000	3.774355	124.481991	934.423807
	1024	2	3	0.000000	4.558343	129.207927	933.582818
	1025	2	1	-0.600000	1.298413	122.954719	932.154380
	1026	2	2	0.000000	-0.406315	126.185076	931.327496
	1027	2	3	0.000000	2.977883	129.550753	930.392095
	1028	2	1	-0.600000	-3.267987	126.261423	928.999673
	1029	2	2	0.000000	-2.778687	129.841734	928.015969
	1030	2	3	0.000000	1.944171	130.594463	927.130725
	1031	2	1	-0.600000	-4.997763	130.964064	925.094999
	1032	2	2	0.000000	-2.632103	133.553229	923.840427
	1033	2	5	0.000000	2.043561	131.891321	923.505526
	1034	2	1	-0.600000	-3.352153	135.574958	921.352983
	1035	2	2	0.000000	0.170570	136.527946	920.447688
	1036	2	4	0.000000	1.865761	132.505772	920.096922
	1037	2	1	-0.600000	0.307265	138.810890	916.698774
	1038	2	2	0.000000	3.676384	137.557908	915.755242
	1039	2	5	0.000000	4.049144	132.636321	916.368221
	1040	2	1	-0.600000	5.376578	138.556894	913.128151
	1041	2	2	0.000000	7.710584	135.618378	912.895772
	1042	2	4	0.000000	4.731662	132.410241	912.975194
	1043	2	1	-0.600000	10.278317	135.477482	909.585994
	1044	2	2	0.000000	10.488961	131.732884	909.504138
	1045	2	3	0.000000	5.987136	129.932312	909.887950
	1046	2	1	-0.600000	12.194481	130.273586	907.102574
	1047	2	2	0.000000	10.412356	127.008168	907.355581
	1048	2	4	0.000000	6.304649	128.378816	906.704761
	1049	2	1	-0.600000	11.458724	124.094765	905.039932
	1050	2	2	0.000000	8.141001	122.335707	905.195603
	1051	2	4	0.000000	5.598703	125.673918	903.944157
	1052	2	1	-0.600000	7.511944	119.078996	903.209258
	1053	2	2	0.000000	3.781652	119.504760	903.042100
	1054	2	4	0.000000	3.683093	123.512125	901.280043
	1055	2	1	-0.600000	1.784441	116.467321	900.578638
	1056	2	2	0.000000	-0.993324	118.726564	899.583408
	1057	2	5	0.000000	0.679455	123.197280	898.186980
	1058	2	1	-0.600000	-3.675967	117.652794	897.380226
	1059	2	2	0.000000	-4.627285	121.038347	896.031877
	1060	2	5	0.000000	-0.670762	123.802874	894.831488
	1061	2	1	-0.600000	-7.581013	121.487630	893.789417
	1062	2	2	0.000000	-6.366274	124.691800	892.291131
	1063	2	3	0.000000	-1.590274	124.261931	891.479724
	1064	2	1	-0.600000	-8.208536	126.303846	889.530637
	1065	2	2	0.000000	-5.218200	128.093366	888.159163
	1066	2	3	0.000000	-1.477896	124.990068	887.979213
	1067	2	1	-0.600000	-5.515946	130.243794	885.175354
	1068	2	2	0.000000	-1.914287	129.928849	884.198987
	1069	2	3	0.000000	-0.604110	125.255998	884.520749
	1070	2	1	-0.600000	-1.304798	131.205470	881.532559
	1071	2	2	0.000000	1.567523	128.984339	880.799982
	1072	2	6	0.000000	0.007355	124.991793	881.134828
	1073	2	1	-0.600000	3.705978	129.411076	877.448189
	1074	2	2	0.000000	5.120351	125.903396	877.316659
	1075	2	4	0.000000	1.332649	123.723635	877.591855
	1076	2	1	-0.600000	7.366970	125.038409	873.643793
	1077	2	2	0.000000	6.526743	121.418317	873.672707
	1078	2	5	0.000000	1.693746	120.657208	874.566207
	1079	2	1	-0.600000	8.071605	119.352640	871.685287
	1080	2	2	0.000000	5.412124	116.798599	871.991263
	1081	2	6	0.000000	1.801299	119.087737	871.532239
	1082	2	1	-0.600000	5.356283	113.550691	869.659204
	1083	2	2	0.000000	1.640216	112.863997	869.860497
	1084	2	4	0.000000	0.236041	116.828288	868.640570
	1085	2	1	-0.600000	0.501135	110.047007	867.736725
	1086	2	2	0.000000	-2.890179	111.487504	867.299090
	1087	2	6	0.000000	-2.139434	115.482220	865.897151
	1088	2	1	-0.600000	-5.415190	109.872305	865.419323
	1089	2	2	0.000000	-7.504685	112.899055	864.521784
	1090	2	6	0.000000	-4.619686	115.688804	862.978342
	1091	2	1	-0.600000	-11.073886	112.469829	862.010193
	1092	2	2	0.000000	-11.025901	116.006716	860.754088
	1093	2	3	0.000000	-6.441813	117.059938	859.516389
	1094	2	1	-0.600000	-13.167365	116.939846	858.441272
	1095	2	2	0.000000	-11.103441	119.784176	857.194190
	1096	2	4	0.000000	-7.446172	117.614150	856.150658
	1097	2	1	-0.600000	-12.746236	121.576433	854.396001
	1098	2	2	0.000000	-9.514979	122.657929	852.928960
	1099	2	6	0.000000	-7.285759	119.001911	852.540711
	1100	2	1	-0.600000	-9.376290	125.204203	849.360725
	1101	2	2	0.000000	-5.922888	124.152387	848.333353
	1102	2	3	0.000000	-5.688057	119.310182	848.728071
	1103	2	1	-0.600000	-4.231849	125.487523	845.338315
	1104	2	2	0.000000	-1.954477	122.543691	844.923030
	1105	2	3	0.000000	-4.552180	118.464636	845.443164
	1106	2	1	-0.600000	0.475974	122.419733	842.149771
	1107	2	2	0.000000	0.703911	118.682364	842.096720
	1108	2	3	0.000000	-3.786879	116.832297	842.353720
	1109	2	1	-0.600000	2.887929	116.963571	839.669699
	1110	2	2	0.000000	0.955512	113.755745	839.723211
	1111	2	3	0.000000	-3.790327	114.777926	839.425539
	1112	2	1	-0.600000	2.065102	111.232921	837.055083
	1113	2	2	0.000000	-1.264891	109.597993	836.721111
	1114	2	5	0.000000	-4.985663	112.871736	836.299854
	1115	2	1	-0.600000	-1.746142	106.854249	834.388187
	1116	2	2	0.000000	-5.444326	107.291422	833.827012
	1117	2	5	0.000000	-6.734771	112.051167	833.182585
	1118	2	1	-0.600000	-7.007539	105.021749	832.092354
	1119	2	2	0.000000	-9.781678	107.322723	831.257873
	1120	2	6	0.000000	-7.746107	110.933672	830.115505
	1121	2	1	-0.600000	-12.864741	106.050367	828.409975
	1122	2	2	0.000000	-13.773179	109.527049	827.325649
	1123	2	3	0.000000	-9.628104	111.955067	826.565817
	1124	2	1	-0.600000	-15.915600	109.956332	824.869451
	1125	2	2	0.000000	-14.700007	113.359185	823.949070
	1126	2	4	0.000000	-10.496765	112.428972	823.150392
	1127	2	1	-0.600000	-16.827394	114.954120	820.454247
	1128	2	2	0.000000	-13.951240	117.014836	819.317782
	1129	2	5	0.000000	-9.694348	114.444994	819.411252
	1130	2	1	-0.600000	-14.026411	119.091736	816.773667
	1131	2	2	0.000000	-10.318024	119.303753	816.192152
	1132	2	4	0.000000	-9.441152	115.017953	815.999809
	1133	2	1	-0.600000	-8.996534	121.293654	813.152368
	1134	2	2	0.000000	-5.779501	119.370980	812.867622
	1135	2	4	0.000000	-7.473935	115.341360	812.614241
	1136	2	1	-0.600000	-3.670403	120.396177	809.996656
	1137	2	2	0.000000	-2.128321	117.037050	809.673783
	1138	2	6	0.000000	-5.497485	114.376717	809.429316
	1139	2	1	-0.600000	0.979113	116.239020	806.683539
	1140	2	2	0.000000	0.366411	112.538907	806.543998
	1141	2	3	0.000000	-4.443786	111.858106	806.309538
	1142	2	1	-0.600000	2.236881	110.625243	803.795388
	1143	2	2	0.000000	-0.325546	107.945410	803.436896
	1144	2	5	0.000000	-4.956250	109.734534	803.137945
	1145	2	1	-0.600000	0.419441	105.295437	801.697294
	1146	2	2	0.000000	-3.139059	104.422542	801.181868
	1147	2	6	0.000000	-4.919557	108.181786	800.093876
	1148	2	1	-0.600000	-4.234887	101.530158	798.647297
	1149	2	2	0.000000	-7.730104	102.795825	797.937606
	1150	2	4	0.000000	-6.656934	106.871601	796.749774
	1151	2	1	-0.600000	-9.818069	100.555034	794.790469
	1152	2	2	0.000000	-11.824967	103.478279	793.679324
	1153	2	5	0.000000	-9.024139	107.559768	793.198273
	1154	2	1	-0.600000	-14.209842	103.271185	790.945161
	1155	2	2	0.000000	-14.162441	106.900023	789.938526
	1156	2	5	0.000000	-9.562747	108.785349	789.784206
	1157	2	1	-0.600000	-16.482074	108.233175	787.331073
	1158	2	2	0.000000	-14.365883	111.203274	786.503312
	1159	2	3	0.000000	-9.719133	109.769429	786.422844
	1160	2	1	-0.600000	-15.278460	113.458315	783.728842
	1161	2	2	0.000000	-11.777261	114.638308	783.117308
	1162	2	3	0.000000	-8.801305	110.791534	783.120182
	1163	2	1	-0.600000	-11.266949	116.583848	780.517157
	1164	2	2	0.000000	-7.651131	115.741199	780.166840
	1165	2	4	0.000000	-7.966409	111.397076	779.717290
	1166	2	1	-0.600000	-6.072610	117.526473	777.326939
	1167	2	2	0.000000	-3.542575	114.864137	776.800366
	1168	2	6	0.000000	-5.882864	111.273455	776.457501
	1169	2	1	-0.600000	-1.054301	115.073061	774.294004
	1170	2	2	0.000000	-0.355240	111.378663	773.853055
	1171	2	6	0.000000	-4.269387	109.666104	773.370817
	1172	2	1	-0.600000	2.556929	110.008210	770.874159
	1173	2	2	0.000000	1.048520	106.594300	770.477739
	1174	2	3	0.000000	-3.768849	107.155006	770.110508
	1175	2	1	-0.600000	2.477504	104.441189	767.642796
	1176	2	2	0.000000	-0.657034	102.514492	767.060264
	1177	2	5	0.000000	-4.684361	105.420610	766.795831
	1178	2	1	-0.600000	-0.535291	99.871201	765.162702
	1179	2	2	0.000000	-4.178725	99.949635	764.524966
	1180	2	6	0.000000	-4.930188	104.093079	763.656569
	1181	2	1	-0.600000	-5.871773	97.580527	761.784444
	1182	2	2	0.000000	-8.916038	99.720839	761.096279
	1183	2	4	0.000000	-6.823070	103.461525	760.201650
	1184	2	1	-0.600000	-11.386293	98.266256	757.769534
	1185	2	2	0.000000	-12.564258	101.660101	756.818261
	1186	2	5	0.000000	-8.821303	104.931201	756.661030
	1187	2	1	-0.600000	-15.301963	102.303924	754.359769
	1188	2	2	0.000000	-14.286780	105.835129	753.661422
	1189	2	3	0.000000	-9.433752	105.979651	753.372261
	1190	2	1	-0.600000	-15.995382	107.811570	751.056369
	1191	2	2	0.000000	-13.086767	110.085962	750.427790
	1192	2	3	0.000000	-9.039205	107.407175	750.116061
	1193	2	1	-0.600000	-13.529577	111.938413	748.086475
	1194	2	2	0.000000	-9.924881	112.284391	747.307164
	1195	2	6	0.000000	-8.495852	108.258948	746.816772
	1196	2	1	-0.600000	-8.691206	115.005646	744.096800
	1197	2	2	0.000000	-5.425517	113.279197	743.431785
	1198	2	3	0.000000	-6.295174	108.495396	743.311352
	1199	2	1	-0.600000	-3.556921	114.251423	740.908054
	1200	2	2	0.000000	-1.755587	111.006225	740.548688
	1201	2	4	0.000000	-5.180366	108.347052	739.938259
	1202	2	1	-0.600000	1.034205	111.062966	737.158158
	1203	2	2	0.000000	0.745922	107.412573	736.523886
	1204	2	5	0.000000	-3.992525	105.903306	736.575628
	1205	2	1	-0.600000	2.816799	105.923618	734.499881
	1206	2	2	0.000000	0.550996	103.036907	734.028430
	1207	2	6	0.000000	-3.275312	104.891746	733.390995
	1208	2	1	-0.600000	1.249957	100.563806	731.596688
	1209	2	2	0.000000	-2.285101	99.390461	730.921222
	1210	2	6	0.000000	-4.443687	103.045739	730.238171
	1211	2	1	-0.600000	-3.144350	96.672752	728.116623
	1212	2	2	0.000000	-6.759353	97.652261	727.572747
	1213	2	4	0.000000	-6.110685	101.912198	726.794953
	1214	2	1	-0.600000	-8.941423	95.903929	724.903286
	1215	2	2	0.000000	-11.305401	98.791756	724.460698
	1216	2	4	0.000000	-8.348643	101.895097	723.565531
	1217	2	1	-0.600000	-14.201794	98.627615	721.904982
	1218	2	2	0.000000	-14.480472	102.351462	721.476967
	1219	2	4	0.000000	-10.313853	103.177001	720.413983
	1220	2	1	-0.600000	-17.040581	103.892695	719.024150
	1221	2	2	0.000000	-15.135433	107.093406	718.521184
	1222	2	4	0.000000	-11.303544	105.361074	717.301408
	1223	2	1	-0.600000	-16.906668	109.722985	715.482534
	1224	2	2	0.000000	-13.648808	111.220526	714.505012
	1225	2	5	0.000000	-10.137358	107.752324	713.893622
	1226	2	1	-0.600000	-13.307549	114.195311	712.271389
	1227	2	2	0.000000	-9.750151	113.502211	711.349753
	1228	2	3	0.000000	-9.283674	108.714337	710.632186
	1229	2	1	-0.600000	-8.456606	115.245192	708.881114
	1230	2	2	0.000000	-5.875480	112.706422	707.987964
	1231	2	4	0.000000	-8.482234	109.274316	707.213439
	1232	2	1	-0.600000	-3.527990	113.938076	704.487268
	1233	2	2	0.000000	-2.861848	110.452996	703.382466
	1234	2	5	0.000000	-6.980716	107.667657	703.491375
	1235	2	1	-0.600000	-0.920847	109.696083	700.405613
	1236	2	2	0.000000	-2.395506	106.309394	699.671034
	1237	2	5	0.000000	-7.346680	106.233996	700.135857
	1238	2	1	-0.600000	-1.053425	104.146873	696.936496
	1239	2	2	0.000000	-4.181573	102.134722	696.549562
	1240	2	3	0.000000	-7.972674	105.166439	696.855673
	1241	2	1	-0.600000	-4.275015	100.015519	693.353204
	1242	2	2	0.000000	-7.979634	100.114940	692.981768
	1243	2	5	0.000000	-9.848709	104.691857	693.526091
	1244	2	1	-0.600000	-9.387382	98.120935	690.826767
	1245	2	2	0.000000	-12.458246	100.178331	690.668207
	1246	2	6	0.000000	-10.933739	104.184075	690.325070
	1247	2	1	-0.600000	-15.563246	99.206913	687.727191
	1248	2	2	0.000000	-16.936806	102.694121	687.527159
	1249	2	3	0.000000	-13.159549	105.739987	687.193139
	1250	2	1	-0.600000	-19.549855	103.319850	684.789366
	1251	2	2	0.000000	-18.728732	106.926190	684.347530
	1252	2	5	0.000000	-13.838997	107.758939	683.984645
	1253	2	1	-0.600000	-20.420443	108.910818	682.349959
	1254	2	2	0.000000	-17.797208	111.575283	681.953287
	1255	2	4	0.000000	-14.434355	109.015646	680.807575
	1256	2	1	-0.600000	-18.429700	114.494479	679.499129
	1257	2	2	0.000000	-14.791194	115.207730	678.883765
	1258	2	4	0.000000	-13.560421	111.189568	677.653451
	1259	2	1	-0.600000	-13.687724	117.985635	676.431770
	1260	2	2	0.000000	-10.325515	116.471966	675.703925
	1261	2	4	0.000000	-11.678853	112.497117	674.461694
	1262	2	1	-0.600000	-8.353843	118.343549	673.183494
	1263	2	2	0.000000	-6.539911	115.309095	672.057287
	1264	2	6	0.000000	-9.676975	112.512255	671.149104
	1265	2	1	-0.600000	-4.067355	115.399292	669.528086
	1266	2	2	0.000000	-4.279487	111.800763	668.372384
	1267	2	6	0.000000	-8.490038	111.193003	667.748325
	1268	2	1	-0.600000	-1.775168	110.377657	665.065230
	1269	2	2	0.000000	-4.062120	107.561874	664.101627
	1270	2	3	0.000000	-8.600483	109.310708	664.056213
	1271	2	1	-0.600000	-3.328414	105.248560	661.322179
	1272	2	2	0.000000	-6.906590	104.310633	660.739360
	1273	2	3	0.000000	-9.612097	108.352465	660.761905
	1274	2	1	-0.600000	-7.817369	101.922056	658.078907
	1275	2	2	0.000000	-11.315678	103.201277	657.690310
	1276	2	3	0.000000	-11.205114	108.062125	657.572152
	1277	2	1	-0.600000	-13.121835	101.954443	655.242971
	1278	2	2	0.000000	-15.419084	104.880393	654.990691
	1279	2	4	0.000000	-12.479274	108.040500	654.252619
	1280	2	1	-0.600000	-18.467119	104.684451	652.120467
	1281	2	2	0.000000	-18.705987	108.399571	651.654059
	1282	2	3	0.000000	-14.207644	110.175411	651.137478
	1283	2	1	-0.600000	-20.638747	109.278018	649.508555
	1284	2	2	0.000000	-18.884904	112.469537	648.830808
	1285	2	6	0.000000	-14.827392	111.350956	647.953264
	1286	2	1	-0.600000	-20.613089	115.277788	645.939061
	1287	2	2	0.000000	-17.367177	116.991313	645.155958
	1288	2	3	0.000000	-14.001123	113.536917	644.528924
	1289	2	1	-0.600000	-17.495428	119.015807	642.920855
	1290	2	2	0.000000	-13.933699	118.631731	641.979385
	1291	2	6	0.000000	-13.418515	114.426650	641.246139
	1292	2	1	-0.600000	-12.329782	120.807527	639.032569
	1293	2	2	0.000000	-9.431965	118.505364	638.241691
	1294	2	4	0.000000	-11.737071	114.829682	637.650471
	1295	2	1	-0.600000	-6.975871	119.275221	635.357379
	1296	2	2	0.000000	-5.955406	115.697516	634.824161
	1297	2	4	0.000000	-9.944306	113.982135	634.258416
	1298	2	1	-0.600000	-3.444177	114.730022	632.048444
	1299	2	2	0.000000	-4.661317	111.189683	631.716638
	1300	2	4	0.000000	-8.897117	112.042637	631.005852
	1301	2	1	-0.600000	-3.109603	108.779506	629.122329
	1302	2	2	0.000000	-6.136922	106.566636	628.869436
	1303	2	4	0.000000	-9.090674	109.648938	627.896134
	1304	2	1	-0.600000	-5.778224	103.459810	625.786990
	1305	2	2	0.000000	-9.430781	103.341172	625.112164
	1306	2	5	0.000000	-11.369815	107.899198	624.666195
	1307	2	1	-0.600000	-10.875907	101.120551	622.625786
	1308	2	2	0.000000	-13.991493	103.109001	621.901323
	1309	2	5	0.000000	-13.090162	107.977084	621.428111
	1310	2	1	-0.600000	-16.241768	102.103652	619.729514
	1311	2	2	0.000000	-17.818108	105.450451	619.057860
	1312	2	4	0.000000	-14.182144	107.714119	618.147110
	1313	2	1	-0.600000	-20.729000	105.619237	616.046517
	1314	2	2	0.000000	-20.052203	109.198010	615.148111
	1315	2	3	0.000000	-15.244521	109.789048	614.709738
	1316	2	1	-0.600000	-21.960512	110.534314	612.100759
	1317	2	2	0.000000	-19.396772	113.072926	611.174310
	1318	2	5	0.000000	-14.776325	111.232246	611.169846
	1319	2	1	-0.600000	-19.817121	115.225779	608.729227
	1320	2	2	0.000000	-16.194727	116.067641	608.176104
	1321	2	4	0.000000	-14.629454	111.996819	607.790276
	1322	2	1	-0.600000	-15.288083	118.556538	604.927750
	1323	2	2	0.000000	-11.862004	117.130875	604.378884
	1324	2	3	0.000000	-12.189346	112.278443	604.441290
	1325	2	1	-0.600000	-10.062290	118.207672	601.847580
	1326	2	2	0.000000	-7.902651	115.174071	601.651106
	1327	2	4	0.000000	-10.995715	112.124837	601.095262
	1328	2	1	-0.600000	-5.399318	115.419361	598.928014
	1329	2	2	0.000000	-5.248228	111.741062	598.465372
	1330	2	6	0.000000	-9.360009	110.600461	597.936076
	1331	2	1	-0.600000	-2.907207	109.965074	595.753656
	1332	2	2	0.000000	-4.831265	106.716592	595.494379
	1333	2	4	0.000000	-8.771929	108.425276	594.643382
	1334	2	1	-0.600000	-3.369861	104.042722	592.332180
	1335	2	2	0.000000	-6.705892	102.526051	591.713212
	1336	2	5	0.000000	-10.270902	105.980265	591.408683
	1337	2	1	-0.600000	-6.985399	99.854869	589.872397
	1338	2	2	0.000000	-10.584328	100.448150	589.253601
	1339	2	6	0.000000	-10.734067	104.638225	588.299868
	1340	2	1	-0.600000	-12.736954	97.904742	586.401871
	1341	2	2	0.000000	-15.344481	100.471690	585.566224
	1342	2	3	0.000000	-13.059096	104.708055	584.868602
	1343	2	1	-0.600000	-17.697492	99.598976	582.665118
	1344	2	2	0.000000	-18.322379	103.129214	581.654582
	1345	2	5	0.000000	-14.146314	105.812538	581.342788
	1346	2	1	-0.600000	-20.504045	103.884950	578.849151
	1347	2	2	0.000000	-19.022826	107.221553	577.922678
	1348	2	5	0.000000	-14.049500	107.180843	577.941543
	1349	2	1	-0.600000	-20.183428	109.018442	575.429531
	1350	2	2	0.000000	-17.109814	111.102911	574.842208
	1351	2	4	0.000000	-14.173860	107.868053	574.544494
	1352	2	1	-0.600000	-17.032396	113.546380	571.847211
	1353	2	2	0.000000	-13.289419	113.539187	571.507205
	1354	2	4	0.000000	-12.696560	109.214528	571.161881
	1355	2	1	-0.600000	-11.526141	115.752974	568.415657
	1356	2	2	0.000000	-8.495535	113.558715	568.139993
	1357	2	3	0.000000	-9.959001	108.921225	568.052568
	1358	2	1	-0.600000	-6.600647	114.301594	565.911071
	1359	2	2	0.000000	-5.233939	110.878847	565.541586
	1360	2	6	0.000000	-8.665701	108.368672	564.901527
	1361	2	1	-0.600000	-1.973881	110.183048	562.692126
	1362	2	2	0.000000	-2.696422	106.526913	562.244061
	1363	2	3	0.000000	-7.502033	106.042212	561.673648
	1364	2	1	-0.600000	-1.013998	104.799094	560.009922
	1365	2	2	0.000000	-3.611896	102.155822	559.597866
	1366	2	4	0.000000	-7.008597	104.662240	558.433772
	1367	2	1	-0.600000	-2.605513	99.586580	557.122612
	1368	2	2	0.000000	-6.115633	98.798705	556.215708
	1369	2	6	0.000000	-7.811271	102.627634	555.240386
	1370	2	1	-0.600000	-6.955103	96.326625	553.827656
	1371	2	2	0.000000	-10.355295	97.635832	552.799179
	1372	2	6	0.000000	-9.621497	101.789395	551.964159
	1373	2	1	-0.600000	-12.512870	95.947227	549.886895
	1374	2	2	0.000000	-14.612446	98.972228	549.013116
	1375	2	4	0.000000	-11.335793	101.802602	548.361395
	1376	2	1	-0.600000	-17.152170	98.400787	545.476322
	1377	2	2	0.000000	-17.061433	101.988086	544.509620
	1378	2	5	0.000000	-12.446979	103.832502	544.709756
	1379	2	1	-0.600000	-18.754565	103.298069	542.017879
	1380	2	2	0.000000	-16.688511	106.410704	541.591783
	1381	2	4	0.000000	-12.737721	104.541153	541.327464
	1382	2	1	-0.600000	-17.822702	108.611194	537.964979
	1383	2	2	0.000000	-14.410040	109.974189	537.411032
	1384	2	5	0.000000	-10.922423	106.463583	537.907215
	1385	2	1	-0.600000	-13.915580	112.342257	535.231240
	1386	2	2	0.000000	-10.294973	111.614723	535.005312
	1387	2	6	0.000000	-10.177723	107.328435	534.685906
	1388	2	1	-0.600000	-7.856903	113.681897	532.002528
	1389	2	2	0.000000	-5.257819	110.984023	531.767472
	1390	2	3	0.000000	-7.588642	106.723360	531.505554
	1391	2	1	-0.600000	-2.870452	111.218009	529.519796
	1392	2	2	0.000000	-2.171009	107.557814	529.384440
	1393	2	4	0.000000	-6.158890	106.103483	528.309181
	1394	2	1	-0.600000	0.899206	106.599748	526.394484
	1395	2	2	0.000000	-0.457523	103.209101	525.707221
	1396	2	5	0.000000	-5.395747	103.285988	525.120391
	1397	2	1	-0.600000	0.938542	101.003443	523.712274
	1398	2	2	0.000000	-2.100380	98.870062	523.121186
	1399	2	4	0.000000	-4.891934	102.025703	521.928775
	1400	2	1	-0.600000	-1.740101	95.768147	520.325169
	1401	2	2	0.000000	-5.360509	95.800849	519.343649
	1402	2	3	0.000000	-6.697598	100.410156	518.555679
	1403	2	1	-0.600000	-6.770140	93.404298	516.918000
	1404	2	2	0.000000	-9.675026	95.574469	515.982331
	1405	2	3	0.000000	-8.077846	100.112483	515.269094
	1406	2	1	-0.600000	-11.692256	94.261477	512.995021
	1407	2	2	0.000000	-12.828931	97.617035	511.845264
	1408	2	5	0.000000	-9.136753	100.943882	511.660658
	1409	2	1	-0.600000	-14.926058	98.034766	509.351499
	1410	2	2	0.000000	-14.076723	101.614639	508.577737
	1411	2	4	0.000000	-9.729778	101.198970	508.253177
	1412	2	1	-0.600000	-15.882307	103.317645	505.200202
	1413	2	2	0.000000	-13.084756	105.723310	504.521459
	1414	2	3	0.000000	-8.877129	103.296604	504.771519
	1415	2	1	-0.600000	-13.418918	107.368163	502.012546
	1416	2	2	0.000000	-9.784189	107.889373	501.523726
	1417	2	6	0.000000	-8.085388	103.940024	501.475156
	1418	2	1	-0.600000	-8.403063	110.081916	498.478444
	1419	2	2	0.000000	-4.921038	108.605192	498.348149
	1420	2	4	0.000000	-6.072456	104.390327	498.060129
	1421	2	1	-0.600000	-2.535180	109.998467	494.934782
	1422	2	2	0.000000	-0.574965	106.850890	494.686459
	1423	2	5	0.000000	-3.497788	102.835870	494.954570
	1424	2	1	-0.600000	1.996745	106.357378	492.168019
	1425	2	2	0.000000	1.873560	102.595461	492.029153
	1426	2	5	0.000000	-2.776772	100.832670	491.968499
	1427	2	1	-0.600000	4.130043	101.055282	490.257674
	1428	2	2	0.000000	2.045795	98.015902	489.929232
	1429	2	6	0.000000	-1.828079	99.591200	488.929032
	1430	2	1	-0.600000	3.008620	95.385229	487.768101
	1431	2	2	0.000000	-0.417613	93.960613	487.016712
	1432	2	6	0.000000	-2.718430	97.416163	485.897282
	1433	2	1	-0.600000	-0.425053	90.411410	483.972569
	1434	2	2	0.000000	-3.907700	91.086840	482.972541
	1435	2	5	0.000000	-4.615188	95.960250	482.279241
	1436	2	1	-0.600000	-5.554507	89.005564	481.086078
	1437	2	2	0.000000	-7.982738	91.597572	480.049078
	1438	2	6	0.000000	-5.478347	94.968361	479.125035
	1439	2	1	-0.600000	-10.339416	90.952008	477.490401
	1440	2	2	0.000000	-10.857754	94.495153	476.263120
	1441	2	6	0.000000	-6.854470	95.952849	475.682143
	1442	2	1	-0.600000	-13.545532	95.309537	472.895061
	1443	2	2	0.000000	-11.875510	98.521304	471.903414
	1444	2	3	0.000000	-7.073320	97.752133	471.953951
	1445	2	1	-0.600000	-12.840646	100.080828	469.175006
	1446	2	2	0.000000	-9.627277	101.905129	468.672097
	1447	2	4	0.000000	-6.887516	98.495054	468.481599
	1448	2	1	-0.600000	-9.681020	104.306393	464.995305
	1449	2	2	0.000000	-6.014836	104.032955	464.453714
	1450	2	5	0.000000	-4.408569	99.363828	465.048226
	1451	2	1	-0.600000	-4.350273	105.574790	461.615742
	1452	2	2	0.000000	-1.374124	103.273014	461.445926
	1453	2	5	0.000000	-2.621580	98.486716	461.967833
	1454	2	1	-0.600000	1.446216	103.899342	459.077741
	1455	2	2	0.000000	2.638698	100.355187	459.048679
	1456	2	3	0.000000	-1.261635	97.452689	458.906692
	1457	2	1	-0.600000	5.125550	99.580497	456.232703
	1458	2	2	0.000000	4.151674	96.001432	455.888156
	1459	2	5	0.000000	-0.776126	95.352890	455.714776
	1460	2	1	-0.600000	6.114564	93.596894	453.809833
	1461	2	2	0.000000	3.313248	91.152129	453.410015
	1462	2	3	0.000000	-0.781179	93.662503	452.643264
	1463	2	1	-0.600000	3.680908	88.197715	451.230097
	1464	2	2	0.000000	0.012973	87.838426	450.564866
	1465	2	3	0.000000	-1.833564	92.220418	449.543604
	1466	2	1	-0.600000	-0.913934	85.573387	448.369667
	1467	2	2	0.000000	-4.163009	87.207295	447.547034
	1468	2	4	0.000000	-2.692250	91.128978	446.270225
	1469	2	1	-0.600000	-6.069042	85.312179	444.994239
	1470	2	2	0.000000	-7.783981	88.349851	443.730445
	1471	2	6	0.000000	-4.564953	91.071760	442.883287
	1472	2	1	-0.600000	-10.784242	88.107259	440.541176
	1473	2	2	0.000000	-10.378560	91.668883	439.428845
	1474	2	3	0.000000	-5.609491	92.588277	439.169291
	1475	2	1	-0.600000	-11.921265	92.417120	436.944542
	1476	2	2	0.000000	-9.577992	95.108326	435.950210
	1477	2	6	0.000000	-5.718024	93.222570	435.779289
	1478	2	1	-0.600000	-10.225832	97.072535	433.079641
	1479	2	2	0.000000	-6.682685	98.150192	432.295094
	1480	2	6	0.000000	-4.471537	94.463216	432.370349
	1481	2	1	-0.600000	-5.763536	100.307583	429.056222
	1482	2	2	0.000000	-2.125486	99.296077	428.807088
	1483	2	4	0.000000	-2.711299	94.956770	428.823935
	1484	2	1	-0.600000	-0.123100	100.771611	425.188098
	1485	2	2	0.000000	2.228591	97.899522	425.004028
	1486	2	5	0.000000	-0.109340	93.560309	425.666528
	1487	2	1	-0.600000	4.777771	97.984817	422.979549
	1488	2	2	0.000000	5.178035	94.307372	423.052685
	1489	2	6	0.000000	1.152901	92.876165	422.565350
	1490	2	1	-0.600000	8.075147	92.393838	420.373327
	1491	2	2	0.000000	6.296208	89.090798	420.261801
	1492	2	3	0.000000	1.562319	89.997896	419.610449
	1493	2	1	-0.600000	7.643646	86.536953	417.736398
	1494	2	2	0.000000	4.380490	84.819729	417.208595
	1495	2	5	0.000000	0.630340	87.997875	416.453563
	1496	2	1	-0.600000	4.105054	81.607183	415.322410
	1497	2	2	0.000000	0.466416	81.994882	414.550873
	1498	2	3	0.000000	-0.337432	86.643587	413.367989
	1499	2	1	-0.600000	-0.848308	79.925955	412.360613
	1500	2	2	0.000000	-3.627517	82.203982	411.366352
	1501	2	4	0.000000	-1.287434	85.674345	410.081356
	1502	2	1	-0.600000	-6.318464	80.798703	408.476398
	1503	2	2	0.000000	-7.215906	84.207092	407.191228
	1504	2	3	0.000000	-3.108489	86.718021	406.497478
	1505	2	1	-0.600000	-9.083831	84.208487	404.820037
	1506	2	2	0.000000	-7.915048	87.479526	403.534223
	1507	2	6	0.000000	-3.657635	87.056309	403.107836
	1508	2	1	-0.600000	-9.528978	89.107254	400.257641
	1509	2	2	0.000000	-6.633554	91.370783	399.355044
	1510	2	4	0.000000	-3.484750	88.327780	399.330139
	1511	2	1	-0.600000	-6.828044	93.649827	395.842876
	1512	2	2	0.000000	-3.113955	93.757473	395.325555
	1513	2	3	0.000000	-1.353728	89.258644	395.889040
	1514	2	1	-0.600000	-2.235476	95.121213	392.780231
	1515	2	2	0.000000	0.948695	93.245340	392.532456
	1516	2	6	0.000000	-0.185082	89.099062	392.646291
	1517	2	1	-0.600000	3.227025	93.927987	389.912634
	1518	2	2	0.000000	5.017726	90.594206	389.809358
	1519	2	6	0.000000	1.809371	87.735042	389.667081
	1520	2	1	-0.600000	8.177460	89.859411	386.858223
	1521	2	2	0.000000	7.780673	86.127330	386.865892
	1522	2	3	0.000000	3.018875	85.159584	386.652108
	1523	2	1	-0.600000	9.851164	83.889962	384.787058
	1524	2	2	0.000000	7.348307	81.104920	384.731494
	1525	2	3	0.000000	2.947500	82.967676	383.826081
	1526	2	1	-0.600000	8.049657	77.979568	382.900004
	1527	2	2	0.000000	4.445674	77.082527	382.415303
	1528	2	3	0.000000	2.025840	81.041142	380.956638
	1529	2	1	-0.600000	3.497577	74.006412	380.611727
	1530	2	2	0.000000	0.117004	75.262495	379.602156
	1531	2	3	0.000000	0.565991	79.808481	377.932469
	1532	2	1	-0.600000	-1.706680	72.979287	377.117124
	1533	2	2	0.000000	-3.660383	75.712096	375.507877
	1534	2	5	0.000000	-0.864331	79.661358	374.359813
	1535	2	1	-0.600000	-5.937356	75.162203	373.204803
	1536	2	2	0.000000	-5.993823	78.616894	371.722869
	1537	2	4	0.000000	-1.696473	79.104818	371.039243
	1538	2	1	-0.600000	-8.372106	78.747023	368.033271
	1539	2	2	0.000000	-6.344029	81.464494	366.513305
	1540	2	5	0.000000	-1.467818	80.612510	366.993960
	1541	2	1	-0.600000	-7.015549	82.921148	363.646609
	1542	2	2	0.000000	-3.590159	84.323268	362.983450
	1543	2	4	0.000000	-1.265326	80.653464	363.531841
	1544	2	1	-0.600000	-2.975908	86.191691	359.282202
	1545	2	2	0.000000	0.683980	85.385096	359.120700
	1546	2	3	0.000000	1.274033	80.690520	360.245730
	1547	2	1	-0.600000	2.396885	86.231390	356.445347
	1548	2	2	0.000000	5.097439	83.711944	356.959926
	1549	2	4	0.000000	2.673054	80.066300	357.036948
	1550	2	1	-0.600000	8.045963	83.560054	354.464416
	1551	2	2	0.000000	8.890151	79.964623	355.163007
	1552	2	4	0.000000	4.941241	78.231440	354.404641
	1553	2	1	-0.600000	11.753961	78.182404	353.273997
	1554	2	2	0.000000	10.366126	74.722531	353.751938
	1555	2	4	0.000000	6.376760	75.406970	352.081175
	1556	2	1	-0.600000	12.636826	71.620000	351.629599
	1557	2	2	0.000000	9.681565	69.417877	351.150576
	1558	2	5	0.000000	5.725926	71.968372	349.543103
	1559	2	1	-0.600000	9.895581	66.227737	349.425187
	1560	2	2	0.000000	6.308451	66.003773	348.299952
	1561	2	5	0.000000	4.601248	70.303875	346.474898
	1562	2	1	-0.600000	4.981825	62.953056	346.600374
	1563	2	2	0.000000	2.122621	64.715228	344.955741
	1564	2	3	0.000000	3.729693	69.010283	343.335298
	1565	2	1	-0.600000	-0.065989	62.945809	342.569730
	1566	2	2	0.000000	-1.094095	66.041164	340.729560
	1567	2	3	0.000000	2.858081	68.744603	339.876293
	1568	2	1	-0.600000	-3.413503	65.846954	337.866697
	1569	2	2	0.000000	-2.231138	69.029193	336.285846
	1570	2	3	0.000000	2.631956	69.087020	336.322642
	1571	2	1	-0.600000	-3.455192	69.516733	333.570192
	1572	2	2	0.000000	-0.610609	71.539319	332.330829
	1573	2	6	0.000000	2.852890	69.051276	332.879274
	1574	2	1	-0.600000	-0.657436	73.143732	328.668196
	1575	2	2	0.000000	3.083462	73.536443	328.255016
	1576	2	4	0.000000	4.217786	69.402350	329.146722
	1577	2	1	-0.600000	4.291693	74.849207	324.242158
	1578	2	2	0.000000	7.565280	73.094760	324.370323
	1579	2	5	0.000000	7.096409	68.443345	326.067014
	1580	2	1	-0.600000	9.844926	73.694439	322.123477
	1581	2	2	0.000000	11.634737	70.538333	322.848085
	1582	2	6	0.000000	8.465130	67.639361	323.040542
	1583	2	1	-0.600000	14.619227	69.247216	320.521183
	1584	2	2	0.000000	14.328373	65.564991	321.345487
	1585	2	4	0.000000	10.073019	65.084786	320.431652
	1586	2	1	-0.600000	16.628082	63.391828	319.414087
	1587	2	2	0.000000	14.335320	60.479597	319.579514
	1588	2	6	0.000000	10.599036	62.026792	318.118009
	1589	2	1	-0.600000	15.130702	57.347363	318.139127
	1590	2	2	0.000000	11.619432	56.019419	317.648539
	1591	2	6	0.000000	9.590583	59.252208	315.668529
	1592	2	1	-0.600000	10.964854	52.107181	315.778211
	1593	2	2	0.000000	7.496074	52.887910	314.575538
	1594	2	3	0.000000	7.599394	57.324804	312.585378
	1595	2	1	-0.600000	5.909753	50.726114	312.673896
	1596	2	2	0.000000	3.631719	53.240974	311.127223
	1597	2	4	0.000000	6.613082	55.973553	309.447645
	1598	2	1	-0.600000	1.318819	51.703064	308.672481
	1599	2	2	0.000000	1.030925	54.824343	306.687776
	1600	2	6	0.000000	5.112043	55.910964	305.880804
	1601	2	1	-0.600000	-1.590657	55.055084	303.179509
	1602	2	2	0.000000	0.261227	57.892908	301.564839
	1603	2	3	0.000000	5.012650	56.895349	301.855086
	1604	2	1	-0.600000	-0.757557	59.370857	298.341300
	1605	2	2	0.000000	2.647579	60.687521	297.507605
	1606	2	3	0.000000	5.935770	57.220285	298.414422
	1607	2	1	-0.600000	3.239799	62.516604	294.358641
	1608	2	2	0.000000	6.899554	61.733627	294.222229
	1609	2	3	0.000000	7.532848	57.015736	295.220100
	1610	2	1	-0.600000	8.985326	62.961222	291.437319
	1611	2	2	0.000000	11.579334	60.282257	291.781135
	1612	2	3	0.000000	9.346142	55.994437	292.310903
	1613	2	1	-0.600000	14.147846	60.236683	288.932632
	1614	2	2	0.000000	14.841601	56.583681	289.152462
	1615	2	5	0.000000	10.696684	53.847775	289.412273
	1616	2	1	-0.600000	17.229633	55.022091	286.903105
	1617	2	2	0.000000	15.816733	51.531554	286.987163
	1618	2	5	0.000000	10.856692	51.463773	286.630184
	1619	2	1	-0.600000	17.501557	49.163852	285.517760
	1620	2	2	0.000000	14.515988	47.002311	285.197302
	1621	2	6	0.000000	11.497637	49.710523	283.767608
	1622	2	1	-0.600000	14.780849	43.274054	282.902416
	1623	2	2	0.000000	11.131854	43.157513	282.031513
	1624	2	3	0.000000	9.822910	47.619341	280.604191
	1625	2	1	-0.600000	10.022599	40.838320	279.982835
	1626	2	2	0.000000	7.005080	42.747867	278.909468
	1627	2	4	0.000000	8.946992	46.367618	277.392917
	1628	2	1	-0.600000	4.716882	40.583878	275.848536
	1629	2	2	0.000000	3.411911	43.681279	274.263071
	1630	2	5	0.000000	6.998921	47.060987	273.596687
	1631	2	1	-0.600000	1.245426	43.749756	271.794445
	1632	2	2	0.000000	1.970275	47.236933	270.590327
	1633	2	4	0.000000	6.318547	46.902350	270.199581
	1634	2	1	-0.600000	0.221544	48.529822	267.393848
	1635	2	2	0.000000	2.893601	51.031929	266.540517
	1636	2	4	0.000000	6.324749	48.311437	266.531635
	1637	2	1	-0.600000	2.289319	52.844852	263.364185
	1638	2	2	0.000000	5.909708	53.367569	262.741927
	1639	2	6	0.000000	7.586442	49.419910	263.044411
	1640	2	1	-0.600000	7.314948	55.626866	259.255761
	1641	2	2	0.000000	10.715386	54.040065	259.178080
	1642	2	3	0.000000	10.110902	49.249673	259.760610
	1643	2	1	-0.600000	12.889632	54.866218	256.127524
	1644	2	2	0.000000	14.788404	51.661774	256.179664
	1645	2	5	0.000000	11.845213	47.686539	256.697645
	1646	2	1	-0.600000	17.437619	51.385867	254.306434
	1647	2	2	0.000000	17.327103	47.688930	254.395799
	1648	2	6	0.000000	13.178622	46.817763	253.673118
	1649	2	1	-0.600000	19.686968	45.470594	252.051193
	1650	2	2	0.000000	17.520003	42.369144	251.964027
	1651	2	4	0.000000	13.801343	44.278484	250.659677
	1652	2	1	-0.600000	18.960059	39.281963	249.193126
	1653	2	2	0.000000	15.557530	37.969817	248.476021
	1654	2	5	0.000000	12.322113	41.637136	247.573362
	1655	2	1	-0.600000	14.983843	35.206547	246.187628
	1656	2	2	0.000000	11.440090	36.051676	245.231391
	1657	2	5	0.000000	10.806714	40.898949	244.316125
	1658	2	1	-0.600000	9.405313	33.779321	243.074672
	1659	2	2	0.000000	7.043258	36.444522	241.933550
	1660	2	3	0.000000	9.626611	40.468379	241.043417
	1661	2	1	-0.600000	4.475069	35.727358	239.383408
	1662	2	2	0.000000	4.210555	39.269586	238.197013
	1663	2	3	0.000000	8.691710	41.078425	237.644923
	1664	2	1	-0.600000	2.320068	39.850863	235.571289
	1665	2	2	0.000000	4.050422	43.007305	234.598428
	1666	2	4	0.000000	8.131266	41.482713	234.156875
	1667	2	1	-0.600000	2.577246	44.522584	231.552783
	1668	2	2	0.000000	5.770558	46.136433	230.569466
	1669	2	6	0.000000	8.605706	42.904196	230.588000
	1670	2	1	-0.600000	6.071926	48.151954	227.677146
	1671	2	2	0.000000	9.790260	47.765592	227.078984
	1672	2	6	0.000000	10.398658	43.512509	227.251827
	1673	2	1	-0.600000	11.698041	49.688862	223.630245
	1674	2	2	0.000000	14.575309	47.285641	223.455978
	1675	2	3	0.000000	12.764324	42.795685	223.923903
	1676	2	1	-0.600000	16.860915	47.614661	220.392839
	1677	2	2	0.000000	17.872370	44.029911	220.331033
	1678	2	5	0.000000	14.010580	40.930201	220.793919
	1679	2	1	-0.600000	20.344306	43.138031	218.408559
	1680	2	2	0.000000	19.287737	39.592156	218.403534
	1681	2	6	0.000000	15.048694	39.837096	217.726673
	1682	2	1	-0.600000	20.976756	36.911888	215.964025
	1683	2	2	0.000000	18.084716	34.474846	215.832233
	1684	2	4	0.000000	14.970119	37.312050	214.638428
	1685	2	1	-0.600000	18.657249	31.203423	212.958810
	1686	2	2	0.000000	15.025545	30.830429	212.263806
	1687	2	5	0.000000	12.833688	35.230625	211.509055
	1688	2	1	-0.600000	13.555015	28.001801	210.316905
	1689	2	2	0.000000	10.374612	29.790668	209.498344
	1690	2	3	0.000000	11.477295	34.395189	208.386004
	1691	2	1	-0.600000	7.877424	28.270479	207.247483
	1692	2	2	0.000000	6.403786	31.536495	206.158817
	1693	2	3	0.000000	10.018359	34.623001	205.127942
	1694	2	1	-0.600000	4.370100	31.228723	203.950166
	1695	2	2	0.000000	4.927108	34.621186	202.570657
	1696	2	6	0.000000	9.150826	34.832634	201.794666
	1697	2	1	-0.600000	2.441613	35.997261	199.230154
	1698	2	2	0.000000	4.915117	38.536231	197.996050
	1699	2	3	0.000000	9.294715	36.420740	197.968320
	1700	2	1	-0.600000	4.319296	40.162323	195.202045
	1701	2	2	0.000000	7.894953	40.955678	194.501465
	1702	2	4	0.000000	9.535329	36.896126	194.452781
	1703	2	1	-0.600000	8.370880	43.074818	190.684893
	1704	2	2	0.000000	11.779401	41.730059	190.065077
	1705	2	5	0.000000	12.008616	36.833880	190.907366
	1706	2	1	-0.600000	13.637317	42.976579	187.699376
	1707	2	2	0.000000	15.805965	39.981006	187.587195
	1708	2	6	0.000000	12.988684	36.733126	187.634943
	1709	2	1	-0.600000	18.233373	39.596849	185.042161
	1710	2	2	0.000000	18.409345	35.815839	184.965993
	1711	2	6	0.000000	14.286497	34.623323	184.705907
	1712	2	1	-0.600000	20.647374	33.825067	182.316846
	1713	2	2	0.000000	18.734465	30.561264	182.410271
	1714	2	4	0.000000	14.751283	32.181854	181.584804
	1715	2	1	-0.600000	19.702268	27.592102	180.131753
	1716	2	2	0.000000	16.279578	26.039437	180.134397
	1717	2	4	0.000000	14.003810	29.528549	178.785171
	1718	2	1	-0.600000	15.541184	22.829860	178.109731
	1719	2	2	0.000000	11.854856	23.483444	177.780206
	1720	2	4	0.000000	12.079421	27.491391	176.031189
	1721	2	1	-0.600000	9.565087	21.062611	175.819319
	1722	2	2	0.000000	6.945122	23.641354	175.037321
	1723	2	4	0.000000	9.540090	26.627301	173.159878
	1724	2	1	-0.600000	3.778093	22.164388	172.377580
	1725	2	2	0.000000	3.123806	25.500413	170.876247
	1726	2	5	0.000000	7.343574	27.819604	169.632326
	1727	2	1	-0.600000	0.217410	26.252924	168.653406
	1728	2	2	0.000000	1.756353	29.301765	167.129396
	1729	2	3	0.000000	6.452250	28.359303	166.284847
	1730	2	1	-0.600000	0.270864	30.595061	164.496959
	1731	2	2	0.000000	3.337377	32.230694	163.145539
	1732	2	4	0.000000	5.926362	28.717561	162.786474
	1733	2	1	-0.600000	2.559910	34.223494	159.310726
	1734	2	2	0.000000	6.030182	33.753831	158.066558
	1735	2	5	0.000000	7.653276	29.117318	158.843417
	1736	2	1	-0.600000	7.094280	34.917192	154.792809
	1737	2	2	0.000000	9.935261	32.498361	154.279805
	1738	2	5	0.000000	8.749853	27.847010	155.582622
	1739	2	1	-0.600000	12.212987	32.758564	151.330583
	1740	2	2	0.000000	13.319611	29.188585	151.459229
	1741	2	3	0.000000	9.430672	26.439042	152.445023
	1742	2	1	-0.600000	15.156781	28.021534	148.300334
	1743	2	2	0.000000	14.078427	24.466252	148.568445
	1744	2	5	0.000000	9.212362	23.991938	149.479276
	1745	2	1	-0.600000	15.514203	22.251325	146.661510
	1746	2	2	0.000000	12.724593	19.852850	147.054477
	1747	2	6	0.000000	9.238708	22.308839	146.504853
	1748	2	1	-0.600000	12.688640	16.168293	144.675621
	1749	2	2	0.000000	8.959256	15.755361	144.755444
	1750	2	3	0.000000	6.983514	20.099864	143.818051
	1751	2	1	-0.600000	7.522340	12.995309	142.512105
	1752	2	2	0.000000	4.233550	14.661035	141.980084
	1753	2	5	0.000000	4.678372	19.471232	140.797428
	1754	2	1	-0.600000	1.767802	13.256957	140.324708
	1755	2	2	0.000000	-0.142908	16.393113	139.518106
	1756	2	4	0.000000	3.131975	18.725540	137.784003
	1757	2	1	-0.600000	-3.261019	16.169732	137.243336
	1758	2	2	0.000000	-3.039650	19.718198	136.024731
	1759	2	4	0.000000	1.083581	19.623377	134.553823
	1760	2	1	-0.600000	-5.570784	21.107725	133.453755
	1761	2	2	0.000000	-3.280858	23.784774	132.143979
	1762	2	4	0.000000	0.129573	21.243126	131.103273
	1763	2	1	-0.600000	-4.716558	25.748304	129.346675
	1764	2	2	0.000000	-1.384758	26.485365	127.890486
	1765	2	6	0.000000	0.446242	22.615012	127.497899
	1766	2	1	-0.600000	-0.974169	28.451265	124.977734
	1767	2	2	0.000000	2.374585	27.108451	123.831362
	1768	2	6	0.000000	1.833195	22.843835	123.928643
	1769	2	1	-0.600000	4.208550	28.577195	120.128169
	1770	2	2	0.000000	6.275101	25.500420	119.535604
	1771	2	3	0.000000	3.409175	21.643065	120.287131
	1772	2	1	-0.600000	8.537816	25.135542	116.644086
	1773	2	2	0.000000	8.481010	21.391351	116.669608
	1774	2	3	0.000000	3.883798	19.895126	117.202611
	1775	2	1	-0.600000	10.396592	19.462087	114.175036
	1776	2	2	0.000000	8.233868	16.413573	114.405257
	1777	2	3	0.000000	3.569349	17.788771	114.328845
	1778	2	1	-0.600000	8.828451	13.970474	112.287600
	1779	2	2	0.000000	5.396888	12.522124	112.467127
	1780	2	4	0.000000	3.071190	16.035567	111.275425
	1781	2	1	-0.600000	4.632015	9.109464	110.157130
	1782	2	2	0.000000	0.962117	9.792243	109.783138
	1783	2	3	0.000000	0.387736	14.455833	108.527468
	1784	2	1	-0.600000	-0.508223	7.841797	108.009781
	1785	2	2	0.000000	-3.168746	10.245979	107.081418
	1786	2	6	0.000000	-1.087473	13.664263	105.509987
	1787	2	1	-0.600000	-6.488557	8.881012	104.561677
	1788	2	2	0.000000	-7.342876	12.294464	103.256141
	1789	2	3	0.000000	-3.175028	14.476269	102.021743
	1790	2	1	-0.600000	-9.455006	12.348280	101.100302
	1791	2	2	0.000000	-8.214382	15.480111	99.559664
	1792	2	6	0.000000	-4.067879	14.735668	98.698885
	1793	2	1	-0.600000	-10.063404	17.105634	96.409418
	1794	2	2	0.000000	-7.137253	19.121734	95.106900
	1795	2	4	0.000000	-4.224545	15.860067	94.874076
	1796	2	1	-0.600000	-7.405886	21.194900	91.855016
	1797	2	2	0.000000	-3.722333	21.129536	91.111986
	1798	2	4	0.000000	-3.135183	16.791471	91.215708
	1799	2	1	-0.600000	-2.295659	22.811203	87.936494
	1800	2	2	0.000000	0.783244	20.661913	87.775245
	1801	2	4	0.000000	-1.178371	16.747452	87.808661
	1802	2	1	-0.600000	3.361874	21.078978	84.924982
	1803	2	2	0.000000	4.695754	17.573179	85.165994
	1804	2	4	0.000000	0.902506	15.425666	84.749269
	1805	2	1	-0.600000	7.608996	16.591990	82.030352
	1806	2	2	0.000000	6.737252	12.979522	81.988312
	1807	2	5	0.000000	1.814600	12.273384	81.934776
	1808	2	1	-0.600000	8.362603	10.615244	79.758420
	1809	2	2	0.000000	5.595769	8.064390	79.601169
	1810	2	5	0.000000	1.109647	10.135826	79.039367
	1811	2	1	-0.600000	5.858203	5.307845	77.832887
	1812	2	2	0.000000	2.184403	4.588525	77.480774
	1813	2	4	0.000000	0.893387	8.497965	75.990061
	1814	2	1	-0.600000	1.095756	1.379805	75.013664
	1815	2	2	0.000000	-2.230269	2.827716	74.055875
	1816	2	3	0.000000	-1.577964	7.483327	72.810066
	1817	2	1	-0.600000	-4.186615	0.875863	71.395558
	1818	2	2	0.000000	-6.021760	3.836690	70.075863
	1819	2	5	0.000000	-3.048774	7.739335	69.260146
	1820	2	1	-0.600000	-8.344997	3.613246	67.764700
	1821	2	2	0.000000	-8.248881	7.190388	66.611072
	1822	2	4	0.000000	-3.939588	7.535985	65.914531
	1823	2	1	-0.600000	-10.597834	8.187410	63.286061
	1824	2	2	0.000000	-8.365249	10.977427	62.142836
	1825	2	3	0.000000	-3.768717	9.389184	62.201366
	1826	2	1	-0.600000	-9.080290	12.565018	59.354583
	1827	2	2	0.000000	-5.606948	13.781247	58.755463
	1828	2	4	0.000000	-3.500965	9.942456	58.699022
	1829	2	1	-0.600000	-5.348826	15.785786	55.647777
	1830	2	2	0.000000	-1.789401	14.879125	55.121825
	1831	2	6	0.000000	-1.786424	10.582625	55.288739
	1832	2	1	-0.600000	0.376214	16.195302	52.028939
	1833	2	2	0.000000	2.994228	13.462798	52.062933
	1834	2	4	0.000000	0.276335	10.032893	51.918164
	1835	2	1	-0.600000	5.771948	13.631517	48.665331
	1836	2	2	0.000000	6.332912	9.958471	48.607353
	1837	2	5	0.000000	2.060810	7.436726	48.957514
	1838	2	1	-0.600000	8.731449	8.686482	46.808929
	1839	2	2	0.000000	7.190741	5.322868	46.821067
	1840	2	6	0.000000	3.058171	6.138130	45.957593
	1841	2	1	-0.600000	8.922502	2.142008	44.348409
	1842	2	2	0.000000	5.723754	0.209195	44.001393
	1843	2	3	0.000000	2.192724	3.392377	42.975020
	1844	2	1	-0.600000	5.790199	-2.727676	41.534470
	1845	2	2	0.000000	2.167164	-2.548478	40.688340
	1846	2	5	0.000000	0.645841	2.082484	39.700459
	1847	2	1	-0.600000	0.713165	-4.874939	38.306405
	1848	2	2	0.000000	-2.172074	-2.731589	37.180705
	1849	2	5	0.000000	-0.841463	1.988131	36.349436
	1850	2	1	-0.600000	-4.346947	-3.761050	34.944585
	1851	2	2	0.000000	-5.592793	-0.381447	33.865707
	1852	2	4	0.000000	-1.729119	1.503280	33.032110
	1853	2	1	-0.600000	-8.098594	-0.143415	30.931587
	1854	2	2	0.000000	-7.139837	3.357908	29.956902
	1855	2	4	0.000000	-2.836294	2.718361	29.463369
	1856	2	1	-0.600000	-8.992009	5.121477	26.636506
	1857	2	2	0.000000	-6.106550	7.375946	25.820990
	1858	2	3	0.000000	-2.020036	4.740436	25.928674
	1859	2	1	-0.600000	-6.457789	9.013962	23.310492
	1860	2	2	0.000000	-2.824401	9.345271	22.671413
	1861	2	6	0.000000	-1.330717	5.314150	22.596658
	1862	2	1	-0.600000	-1.469471	11.799335	19.298707
	1863	2	2	0.000000	1.842436	10.070604	18.936984
	1864	2	3	0.000000	1.030611	5.281935	19.189520
	1865	2	1	-0.600000	3.817373	10.850531	16.427298
	1866	2	2	0.000000	5.668576	7.613529	16.433262
	1867	2	4	0.000000	2.305250	4.861512	15.896645
	1868	2	1	-0.600000	8.266341	7.488834	13.791437
	1869	2	2	0.000000	8.064046	3.796409	13.488164
	1870	2	6	0.000000	3.877153	3.042901	12.863118
	1871	2	1	-0.600000	10.093708	1.957402	11.248606
	1872	2	2	0.000000	7.891055	-1.093731	10.831859
	1873	2	6	0.000000	4.029605	0.570481	9.933995
	1874	2	1	-0.600000	8.793698	-4.063324	8.310656
	1875	2	2	0.000000	5.283107	-5.397925	7.845024
	1876	2	4	0.000000	3.367419	-1.637466	6.677687
	1877	2	1	-0.600000	4.974467	-8.534758	4.787556
	1878	2	2	0.000000	1.484818	-7.653105	3.862958
	1879	2	5	0.000000	0.914862	-2.745134	3.294292
	1880	2	1	-0.600000	-0.359040	-9.317209	1.713019
	1881	2	2	0.000000	-2.848118	-6.596525	0.977968
	1882	2	12	0.000000	-0.035655	-3.380030	0.019816
