1	2	4.863572	0.143403	0.000000	14.340344
1	3	3.018211	0.143403	0.000000	14.340344
3	4	3.703992	0.143403	0.000000	14.340344
4	5	4.299573	0.143403	0.000000	14.340344
4	6	4.385882	0.143403	0.000000	14.340344
6	7	3.753522	0.143403	0.000000	14.340344
7	8	4.863588	0.143403	0.000000	14.340344
7	9	3.835837	0.143403	0.000000	14.340344
9	10	3.724750	0.143403	0.000000	14.340344
10	11	4.973424	0.143403	0.000000	14.340344
10	12	3.633367	0.143403	0.000000	14.340344
12	13	3.766470	0.143403	0.000000	14.340344
13	14	4.973369	0.143403	0.000000	14.340344
13	15	3.735862	0.143403	0.000000	14.340344
15	16	3.739545	0.143403	0.000000	14.340344
16	17	4.863818	0.143403	0.000000	14.340344
16	18	3.287325	0.143403	0.000000	14.340344
18	19	3.728574	0.143403	0.000000	14.340344
19	20	4.378888	0.143403	0.000000	14.340344
19	21	4.391300	0.143403	0.000000	14.340344
21	22	3.716316	0.143403	0.000000	14.340344
22	23	4.973273	0.143403	0.000000	14.340344
22	24	3.285515	0.143403	0.000000	14.340344
24	25	3.759797	0.143403	0.000000	14.340344
25	26	4.378625	0.143403	0.000000	14.340344
25	27	4.191419	0.143403	0.000000	14.340344
27	28	3.751793	0.143403	0.000000	14.340344
28	29	4.863745	0.143403	0.000000	14.340344
28	30	3.685854	0.143403	0.000000	14.340344
30	31	3.744243	0.143403	0.000000	14.340344
31	32	4.863812	0.143403	0.000000	14.340344
31	33	3.018573	0.143403	0.000000	14.340344
33	34	3.704036	0.143403	0.000000	14.340344
34	35	4.299665	0.143403	0.000000	14.340344
34	36	3.538553	0.143403	0.000000	14.340344
36	37	3.785923	0.143403	0.000000	14.340344
37	38	4.299541	0.143403	0.000000	14.340344
37	39	3.998728	0.143403	0.000000	14.340344
39	40	3.784270	0.143403	0.000000	14.340344
40	41	4.378551	0.143403	0.000000	14.340344
40	42	4.391530	0.143403	0.000000	14.340344
42	43	3.716365	0.143403	0.000000	14.340344
43	44	4.973601	0.143403	0.000000	14.340344
43	45	3.256333	0.143403	0.000000	14.340344
45	46	3.699957	0.143403	0.000000	14.340344
46	47	4.299775	0.143403	0.000000	14.340344
46	48	4.385511	0.143403	0.000000	14.340344
48	49	3.753309	0.143403	0.000000	14.340344
49	50	4.863940	0.143403	0.000000	14.340344
49	51	3.836286	0.143403	0.000000	14.340344
51	52	3.724508	0.143403	0.000000	14.340344
52	53	4.973510	0.143403	0.000000	14.340344
52	54	3.735685	0.143403	0.000000	14.340344
54	55	3.739411	0.143403	0.000000	14.340344
55	56	4.863688	0.143403	0.000000	14.340344
55	57	3.287347	0.143403	0.000000	14.340344
57	58	3.728803	0.143403	0.000000	14.340344
58	59	4.378658	0.143403	0.000000	14.340344
58	60	4.191281	0.143403	0.000000	14.340344
60	61	3.751225	0.143403	0.000000	14.340344
61	62	4.863649	0.143403	0.000000	14.340344
61	63	3.018529	0.143403	0.000000	14.340344
63	64	3.703956	0.143403	0.000000	14.340344
64	65	4.299492	0.143403	0.000000	14.340344
64	66	3.998376	0.143403	0.000000	14.340344
66	67	3.784487	0.143403	0.000000	14.340344
67	68	4.378684	0.143403	0.000000	14.340344
67	69	4.191274	0.143403	0.000000	14.340344
69	70	3.751491	0.143403	0.000000	14.340344
70	71	4.863349	0.143403	0.000000	14.340344
70	72	3.018814	0.143403	0.000000	14.340344
72	73	3.704058	0.143403	0.000000	14.340344
73	74	4.299591	0.143403	0.000000	14.340344
73	75	3.538278	0.143403	0.000000	14.340344
75	76	3.785618	0.143403	0.000000	14.340344
76	77	4.299712	0.143403	0.000000	14.340344
76	78	4.385527	0.143403	0.000000	14.340344
78	79	3.753774	0.143403	0.000000	14.340344
79	80	4.863430	0.143403	0.000000	14.340344
79	81	3.685788	0.143403	0.000000	14.340344
81	82	3.744775	0.143403	0.000000	14.340344
82	83	4.863528	0.143403	0.000000	14.340344
82	84	3.685508	0.143403	0.000000	14.340344
84	85	3.744677	0.143403	0.000000	14.340344
85	86	4.863657	0.143403	0.000000	14.340344
85	87	3.685490	0.143403	0.000000	14.340344
87	88	3.744519	0.143403	0.000000	14.340344
88	89	4.863933	0.143403	0.000000	14.340344
88	90	3.836014	0.143403	0.000000	14.340344
90	91	3.724775	0.143403	0.000000	14.340344
91	92	4.973709	0.143403	0.000000	14.340344
91	93	3.284821	0.143403	0.000000	14.340344
93	94	3.760234	0.143403	0.000000	14.340344
94	95	4.378896	0.143403	0.000000	14.340344
94	96	4.391324	0.143403	0.000000	14.340344
96	97	3.715982	0.143403	0.000000	14.340344
97	98	4.973090	0.143403	0.000000	14.340344
97	99	3.285147	0.143403	0.000000	14.340344
99	100	3.759802	0.143403	0.000000	14.340344
100	101	4.378679	0.143403	0.000000	14.340344
100	102	4.191342	0.143403	0.000000	14.340344
102	103	3.751796	0.143403	0.000000	14.340344
103	104	4.863738	0.143403	0.000000	14.340344
103	105	3.287410	0.143403	0.000000	14.340344
105	106	3.728783	0.143403	0.000000	14.340344
106	107	4.378909	0.143403	0.000000	14.340344
106	108	3.870448	0.143403	0.000000	14.340344
108	109	3.759458	0.143403	0.000000	14.340344
109	110	4.378778	0.143403	0.000000	14.340344
109	111	3.870249	0.143403	0.000000	14.340344
111	112	3.758976	0.143403	0.000000	14.340344
112	113	4.378910	0.143403	0.000000	14.340344
112	114	4.391140	0.143403	0.000000	14.340344
114	115	3.716002	0.143403	0.000000	14.340344
115	116	4.973434	0.143403	0.000000	14.340344
115	117	3.633741	0.143403	0.000000	14.340344
117	118	3.766428	0.143403	0.000000	14.340344
118	119	4.973481	0.143403	0.000000	14.340344
118	120	3.735537	0.143403	0.000000	14.340344
120	121	3.739559	0.143403	0.000000	14.340344
121	122	4.863500	0.143403	0.000000	14.340344
121	123	3.685908	0.143403	0.000000	14.340344
123	124	3.744410	0.143403	0.000000	14.340344
124	125	4.863688	0.143403	0.000000	14.340344
124	126	3.686109	0.143403	0.000000	14.340344
126	127	3.744701	0.143403	0.000000	14.340344
127	128	4.863603	0.143403	0.000000	14.340344
127	129	3.018588	0.143403	0.000000	14.340344
129	130	3.704019	0.143403	0.000000	14.340344
130	131	4.299567	0.143403	0.000000	14.340344
130	132	3.998817	0.143403	0.000000	14.340344
132	133	3.784139	0.143403	0.000000	14.340344
133	134	4.378654	0.143403	0.000000	14.340344
133	135	4.391210	0.143403	0.000000	14.340344
135	136	3.716401	0.143403	0.000000	14.340344
136	137	4.973317	0.143403	0.000000	14.340344
136	138	3.256551	0.143403	0.000000	14.340344
138	139	3.699786	0.143403	0.000000	14.340344
139	140	4.299653	0.143403	0.000000	14.340344
139	141	3.998383	0.143403	0.000000	14.340344
141	142	3.784856	0.143403	0.000000	14.340344
142	143	4.378808	0.143403	0.000000	14.340344
142	144	3.707111	0.143403	0.000000	14.340344
144	145	3.710147	0.143403	0.000000	14.340344
145	146	4.299902	0.143403	0.000000	14.340344
145	147	3.538031	0.143403	0.000000	14.340344
147	148	3.785558	0.143403	0.000000	14.340344
148	149	4.299824	0.143403	0.000000	14.340344
148	150	4.385470	0.143403	0.000000	14.340344
150	151	3.753487	0.143403	0.000000	14.340344
151	152	4.863632	0.143403	0.000000	14.340344
151	153	3.287276	0.143403	0.000000	14.340344
153	154	3.728972	0.143403	0.000000	14.340344
154	155	4.378827	0.143403	0.000000	14.340344
154	156	3.706891	0.143403	0.000000	14.340344
156	157	3.710399	0.143403	0.000000	14.340344
157	158	4.299898	0.143403	0.000000	14.340344
157	159	4.385256	0.143403	0.000000	14.340344
159	160	3.753181	0.143403	0.000000	14.340344
160	161	4.864171	0.143403	0.000000	14.340344
160	162	3.685465	0.143403	0.000000	14.340344
162	163	3.744499	0.143403	0.000000	14.340344
163	164	4.863696	0.143403	0.000000	14.340344
163	165	3.685523	0.143403	0.000000	14.340344
165	166	3.744482	0.143403	0.000000	14.340344
166	167	4.863622	0.143403	0.000000	14.340344
166	168	3.685789	0.143403	0.000000	14.340344
168	169	3.744489	0.143403	0.000000	14.340344
169	170	4.863898	0.143403	0.000000	14.340344
169	171	3.836137	0.143403	0.000000	14.340344
171	172	3.724728	0.143403	0.000000	14.340344
172	173	4.973408	0.143403	0.000000	14.340344
172	174	3.633317	0.143403	0.000000	14.340344
174	175	3.766613	0.143403	0.000000	14.340344
175	176	4.973374	0.143403	0.000000	14.340344
175	177	3.256273	0.143403	0.000000	14.340344
177	178	3.699654	0.143403	0.000000	14.340344
178	179	4.299467	0.143403	0.000000	14.340344
178	180	4.385787	0.143403	0.000000	14.340344
180	181	3.753111	0.143403	0.000000	14.340344
181	182	4.863482	0.143403	0.000000	14.340344
181	183	3.287478	0.143403	0.000000	14.340344
183	184	3.728718	0.143403	0.000000	14.340344
184	185	4.378871	0.143403	0.000000	14.340344
184	186	4.391678	0.143403	0.000000	14.340344
186	187	3.716443	0.143403	0.000000	14.340344
187	188	4.973138	0.143403	0.000000	14.340344
187	189	3.284917	0.143403	0.000000	14.340344
189	190	3.759891	0.143403	0.000000	14.340344
190	191	4.378733	0.143403	0.000000	14.340344
190	192	3.870418	0.143403	0.000000	14.340344
192	193	3.759175	0.143403	0.000000	14.340344
193	194	4.378869	0.143403	0.000000	14.340344
193	195	3.707011	0.143403	0.000000	14.340344
195	196	3.709953	0.143403	0.000000	14.340344
196	197	4.299726	0.143403	0.000000	14.340344
196	198	4.385534	0.143403	0.000000	14.340344
198	199	3.753520	0.143403	0.000000	14.340344
199	200	4.863555	0.143403	0.000000	14.340344
199	201	3.835912	0.143403	0.000000	14.340344
201	202	3.724917	0.143403	0.000000	14.340344
202	203	4.973190	0.143403	0.000000	14.340344
202	204	3.256442	0.143403	0.000000	14.340344
204	205	3.699889	0.143403	0.000000	14.340344
205	206	4.299664	0.143403	0.000000	14.340344
205	207	3.998703	0.143403	0.000000	14.340344
207	208	3.784241	0.143403	0.000000	14.340344
208	209	4.378750	0.143403	0.000000	14.340344
208	210	4.391336	0.143403	0.000000	14.340344
210	211	3.716048	0.143403	0.000000	14.340344
211	212	4.973549	0.143403	0.000000	14.340344
211	213	3.633535	0.143403	0.000000	14.340344
213	214	3.766153	0.143403	0.000000	14.340344
214	215	4.973354	0.143403	0.000000	14.340344
214	216	3.735766	0.143403	0.000000	14.340344
216	217	3.739485	0.143403	0.000000	14.340344
217	218	4.863621	0.143403	0.000000	14.340344
217	219	3.287323	0.143403	0.000000	14.340344
219	220	3.729242	0.143403	0.000000	14.340344
220	221	4.378803	0.143403	0.000000	14.340344
220	222	3.870355	0.143403	0.000000	14.340344
222	223	3.758888	0.143403	0.000000	14.340344
223	224	4.378879	0.143403	0.000000	14.340344
223	225	3.706963	0.143403	0.000000	14.340344
225	226	3.710220	0.143403	0.000000	14.340344
226	227	4.299814	0.143403	0.000000	14.340344
226	228	3.537878	0.143403	0.000000	14.340344
228	229	3.785748	0.143403	0.000000	14.340344
229	230	4.299791	0.143403	0.000000	14.340344
229	231	4.385739	0.143403	0.000000	14.340344
231	232	3.753036	0.143403	0.000000	14.340344
232	233	4.863681	0.143403	0.000000	14.340344
232	234	3.836296	0.143403	0.000000	14.340344
234	235	3.724519	0.143403	0.000000	14.340344
235	236	4.973580	0.143403	0.000000	14.340344
235	237	3.256132	0.143403	0.000000	14.340344
237	238	3.700110	0.143403	0.000000	14.340344
238	239	4.299936	0.143403	0.000000	14.340344
238	240	3.998503	0.143403	0.000000	14.340344
240	241	3.784473	0.143403	0.000000	14.340344
241	242	4.378701	0.143403	0.000000	14.340344
241	243	4.391583	0.143403	0.000000	14.340344
243	244	3.716216	0.143403	0.000000	14.340344
244	245	4.973484	0.143403	0.000000	14.340344
244	246	3.735717	0.143403	0.000000	14.340344
246	247	3.739669	0.143403	0.000000	14.340344
247	248	4.863624	0.143403	0.000000	14.340344
247	249	3.685634	0.143403	0.000000	14.340344
249	250	3.744270	0.143403	0.000000	14.340344
250	251	4.863678	0.143403	0.000000	14.340344
250	252	3.018461	0.143403	0.000000	14.340344
252	253	3.703954	0.143403	0.000000	14.340344
253	254	4.299637	0.143403	0.000000	14.340344
253	255	4.385889	0.143403	0.000000	14.340344
255	256	3.753389	0.143403	0.000000	14.340344
256	257	4.863801	0.143403	0.000000	14.340344
256	258	3.287469	0.143403	0.000000	14.340344
258	259	3.728755	0.143403	0.000000	14.340344
259	260	4.378851	0.143403	0.000000	14.340344
259	261	4.391385	0.143403	0.000000	14.340344
261	262	3.716016	0.143403	0.000000	14.340344
262	263	4.973630	0.143403	0.000000	14.340344
262	264	3.256249	0.143403	0.000000	14.340344
264	265	3.699749	0.143403	0.000000	14.340344
265	266	4.299605	0.143403	0.000000	14.340344
265	267	3.538188	0.143403	0.000000	14.340344
267	268	3.785562	0.143403	0.000000	14.340344
268	269	4.299570	0.143403	0.000000	14.340344
268	270	3.998993	0.143403	0.000000	14.340344
270	271	3.784595	0.143403	0.000000	14.340344
271	272	4.378930	0.143403	0.000000	14.340344
271	273	3.870405	0.143403	0.000000	14.340344
273	274	3.759072	0.143403	0.000000	14.340344
274	275	4.378635	0.143403	0.000000	14.340344
274	276	3.870532	0.143403	0.000000	14.340344
276	277	3.758968	0.143403	0.000000	14.340344
277	278	4.378668	0.143403	0.000000	14.340344
277	279	3.870600	0.143403	0.000000	14.340344
279	280	3.759288	0.143403	0.000000	14.340344
280	281	4.378966	0.143403	0.000000	14.340344
280	282	4.391369	0.143403	0.000000	14.340344
282	283	3.716203	0.143403	0.000000	14.340344
283	284	4.973324	0.143403	0.000000	14.340344
283	285	3.735311	0.143403	0.000000	14.340344
285	286	3.739920	0.143403	0.000000	14.340344
286	287	4.863621	0.143403	0.000000	14.340344
286	288	3.287255	0.143403	0.000000	14.340344
288	289	3.729064	0.143403	0.000000	14.340344
289	290	4.378763	0.143403	0.000000	14.340344
289	291	4.391636	0.143403	0.000000	14.340344
291	292	3.715921	0.143403	0.000000	14.340344
292	293	4.973446	0.143403	0.000000	14.340344
292	294	3.633651	0.143403	0.000000	14.340344
294	295	3.766088	0.143403	0.000000	14.340344
295	296	4.973549	0.143403	0.000000	14.340344
295	297	3.735626	0.143403	0.000000	14.340344
297	298	3.739760	0.143403	0.000000	14.340344
298	299	4.863806	0.143403	0.000000	14.340344
298	300	3.835934	0.143403	0.000000	14.340344
300	301	3.725123	0.143403	0.000000	14.340344
301	302	4.973137	0.143403	0.000000	14.340344
301	303	3.256297	0.143403	0.000000	14.340344
303	304	3.699799	0.143403	0.000000	14.340344
304	305	4.299899	0.143403	0.000000	14.340344
304	306	4.385573	0.143403	0.000000	14.340344
306	307	3.753329	0.143403	0.000000	14.340344
307	308	4.863725	0.143403	0.000000	14.340344
307	309	3.836063	0.143403	0.000000	14.340344
309	310	3.724727	0.143403	0.000000	14.340344
310	311	4.973266	0.143403	0.000000	14.340344
310	312	3.285395	0.143403	0.000000	14.340344
312	313	3.760001	0.143403	0.000000	14.340344
313	314	4.378986	0.143403	0.000000	14.340344
313	315	3.870552	0.143403	0.000000	14.340344
315	316	3.759093	0.143403	0.000000	14.340344
316	317	4.378715	0.143403	0.000000	14.340344
316	318	3.870756	0.143403	0.000000	14.340344
318	319	3.759091	0.143403	0.000000	14.340344
319	320	4.378936	0.143403	0.000000	14.340344
319	321	3.706746	0.143403	0.000000	14.340344
321	322	3.709912	0.143403	0.000000	14.340344
322	323	4.299506	0.143403	0.000000	14.340344
322	324	3.538380	0.143403	0.000000	14.340344
324	325	3.785739	0.143403	0.000000	14.340344
325	326	4.299644	0.143403	0.000000	14.340344
325	327	4.385348	0.143403	0.000000	14.340344
327	328	3.753368	0.143403	0.000000	14.340344
328	329	4.863524	0.143403	0.000000	14.340344
328	330	3.685823	0.143403	0.000000	14.340344
330	331	3.744631	0.143403	0.000000	14.340344
331	332	4.863700	0.143403	0.000000	14.340344
331	333	3.685389	0.143403	0.000000	14.340344
333	334	3.744456	0.143403	0.000000	14.340344
334	335	4.863642	0.143403	0.000000	14.340344
334	336	3.287637	0.143403	0.000000	14.340344
336	337	3.729123	0.143403	0.000000	14.340344
337	338	4.378644	0.143403	0.000000	14.340344
337	339	4.191404	0.143403	0.000000	14.340344
339	340	3.751365	0.143403	0.000000	14.340344
340	341	4.863531	0.143403	0.000000	14.340344
340	342	3.018490	0.143403	0.000000	14.340344
342	343	3.703612	0.143403	0.000000	14.340344
343	344	4.299655	0.143403	0.000000	14.340344
343	345	4.385925	0.143403	0.000000	14.340344
345	346	3.753413	0.143403	0.000000	14.340344
346	347	4.863644	0.143403	0.000000	14.340344
346	348	3.018236	0.143403	0.000000	14.340344
348	349	3.704249	0.143403	0.000000	14.340344
349	350	4.299638	0.143403	0.000000	14.340344
349	351	3.998516	0.143403	0.000000	14.340344
351	352	3.784131	0.143403	0.000000	14.340344
352	353	4.378732	0.143403	0.000000	14.340344
352	354	3.870572	0.143403	0.000000	14.340344
354	355	3.759063	0.143403	0.000000	14.340344
355	356	4.378626	0.143403	0.000000	14.340344
355	357	3.870412	0.143403	0.000000	14.340344
357	358	3.759127	0.143403	0.000000	14.340344
358	359	4.378812	0.143403	0.000000	14.340344
358	360	3.870650	0.143403	0.000000	14.340344
360	361	3.759269	0.143403	0.000000	14.340344
361	362	4.378789	0.143403	0.000000	14.340344
361	363	4.391250	0.143403	0.000000	14.340344
363	364	3.716459	0.143403	0.000000	14.340344
364	365	4.973316	0.143403	0.000000	14.340344
364	366	3.633713	0.143403	0.000000	14.340344
366	367	3.766101	0.143403	0.000000	14.340344
367	368	4.973585	0.143403	0.000000	14.340344
367	369	3.285169	0.143403	0.000000	14.340344
369	370	3.759761	0.143403	0.000000	14.340344
370	371	4.378891	0.143403	0.000000	14.340344
370	372	4.191047	0.143403	0.000000	14.340344
372	373	3.751449	0.143403	0.000000	14.340344
373	374	4.863682	0.143403	0.000000	14.340344
373	375	3.836011	0.143403	0.000000	14.340344
375	376	3.725067	0.143403	0.000000	14.340344
376	377	4.973591	0.143403	0.000000	14.340344
376	378	3.284815	0.143403	0.000000	14.340344
378	379	3.759768	0.143403	0.000000	14.340344
379	380	4.378709	0.143403	0.000000	14.340344
379	381	4.191449	0.143403	0.000000	14.340344
381	382	3.751541	0.143403	0.000000	14.340344
382	383	4.863463	0.143403	0.000000	14.340344
382	384	3.287309	0.143403	0.000000	14.340344
384	385	3.728853	0.143403	0.000000	14.340344
385	386	4.378603	0.143403	0.000000	14.340344
385	387	3.706887	0.143403	0.000000	14.340344
387	388	3.710134	0.143403	0.000000	14.340344
388	389	4.299805	0.143403	0.000000	14.340344
388	390	3.998891	0.143403	0.000000	14.340344
390	391	3.784082	0.143403	0.000000	14.340344
391	392	4.378877	0.143403	0.000000	14.340344
391	393	4.391275	0.143403	0.000000	14.340344
393	394	3.716102	0.143403	0.000000	14.340344
394	395	4.973676	0.143403	0.000000	14.340344
394	396	3.256033	0.143403	0.000000	14.340344
396	397	3.699518	0.143403	0.000000	14.340344
397	398	4.299629	0.143403	0.000000	14.340344
397	399	4.385751	0.143403	0.000000	14.340344
399	400	3.753397	0.143403	0.000000	14.340344
400	401	4.863608	0.143403	0.000000	14.340344
400	402	3.836258	0.143403	0.000000	14.340344
402	403	3.724864	0.143403	0.000000	14.340344
403	404	4.973442	0.143403	0.000000	14.340344
403	405	3.633252	0.143403	0.000000	14.340344
405	406	3.766779	0.143403	0.000000	14.340344
406	407	4.973339	0.143403	0.000000	14.340344
406	408	3.284757	0.143403	0.000000	14.340344
408	409	3.759570	0.143403	0.000000	14.340344
409	410	4.378640	0.143403	0.000000	14.340344
409	411	4.391503	0.143403	0.000000	14.340344
411	412	3.715729	0.143403	0.000000	14.340344
412	413	4.973708	0.143403	0.000000	14.340344
412	414	3.735922	0.143403	0.000000	14.340344
414	415	3.739515	0.143403	0.000000	14.340344
415	416	4.863636	0.143403	0.000000	14.340344
415	417	3.287618	0.143403	0.000000	14.340344
417	418	3.728721	0.143403	0.000000	14.340344
418	419	4.378812	0.143403	0.000000	14.340344
418	420	3.870777	0.143403	0.000000	14.340344
420	421	3.758953	0.143403	0.000000	14.340344
421	422	4.378902	0.143403	0.000000	14.340344
421	423	3.706681	0.143403	0.000000	14.340344
423	424	3.710447	0.143403	0.000000	14.340344
424	425	4.299548	0.143403	0.000000	14.340344
424	426	3.998551	0.143403	0.000000	14.340344
426	427	3.784246	0.143403	0.000000	14.340344
427	428	4.378777	0.143403	0.000000	14.340344
427	429	3.706802	0.143403	0.000000	14.340344
429	430	3.710434	0.143403	0.000000	14.340344
430	431	4.299681	0.143403	0.000000	14.340344
430	432	3.537808	0.143403	0.000000	14.340344
432	433	3.785720	0.143403	0.000000	14.340344
433	434	4.299777	0.143403	0.000000	14.340344
433	435	4.385630	0.143403	0.000000	14.340344
435	436	3.753363	0.143403	0.000000	14.340344
436	437	4.863493	0.143403	0.000000	14.340344
436	438	3.287273	0.143403	0.000000	14.340344
438	439	3.728604	0.143403	0.000000	14.340344
439	440	4.378757	0.143403	0.000000	14.340344
439	441	4.391707	0.143403	0.000000	14.340344
441	442	3.716252	0.143403	0.000000	14.340344
442	443	4.973314	0.143403	0.000000	14.340344
442	444	3.633494	0.143403	0.000000	14.340344
444	445	3.766348	0.143403	0.000000	14.340344
445	446	4.973360	0.143403	0.000000	14.340344
445	447	3.256281	0.143403	0.000000	14.340344
447	448	3.700104	0.143403	0.000000	14.340344
448	449	4.299777	0.143403	0.000000	14.340344
448	450	4.676005	0.143403	0.000000	14.340344
450	451	3.685778	0.143403	0.000000	14.340344
451	452	4.973456	0.143403	0.000000	14.340344
451	453	3.633270	0.143403	0.000000	14.340344
453	454	3.766433	0.143403	0.000000	14.340344
454	455	4.973196	0.143403	0.000000	14.340344
454	456	3.256774	0.143403	0.000000	14.340344
456	457	3.700047	0.143403	0.000000	14.340344
457	458	4.299552	0.143403	0.000000	14.340344
457	459	3.538240	0.143403	0.000000	14.340344
459	460	3.785686	0.143403	0.000000	14.340344
460	461	4.299551	0.143403	0.000000	14.340344
460	462	4.385810	0.143403	0.000000	14.340344
462	463	3.753301	0.143403	0.000000	14.340344
463	464	4.863771	0.143403	0.000000	14.340344
463	465	3.835889	0.143403	0.000000	14.340344
465	466	3.724970	0.143403	0.000000	14.340344
466	467	4.973324	0.143403	0.000000	14.340344
466	468	3.285014	0.143403	0.000000	14.340344
468	469	3.759992	0.143403	0.000000	14.340344
469	470	4.378675	0.143403	0.000000	14.340344
469	471	4.191364	0.143403	0.000000	14.340344
471	472	3.751327	0.143403	0.000000	14.340344
472	473	4.863589	0.143403	0.000000	14.340344
472	474	3.018513	0.143403	0.000000	14.340344
474	475	3.703971	0.143403	0.000000	14.340344
475	476	4.299632	0.143403	0.000000	14.340344
475	477	3.998841	0.143403	0.000000	14.340344
477	478	3.784620	0.143403	0.000000	14.340344
478	479	4.378751	0.143403	0.000000	14.340344
478	480	3.870384	0.143403	0.000000	14.340344
480	481	3.759060	0.143403	0.000000	14.340344
481	482	4.378877	0.143403	0.000000	14.340344
481	483	4.191587	0.143403	0.000000	14.340344
483	484	3.751820	0.143403	0.000000	14.340344
484	485	4.863574	0.143403	0.000000	14.340344
484	486	3.018555	0.143403	0.000000	14.340344
486	487	3.703915	0.143403	0.000000	14.340344
487	488	4.299755	0.143403	0.000000	14.340344
487	489	4.385500	0.143403	0.000000	14.340344
489	490	3.753324	0.143403	0.000000	14.340344
490	491	4.863722	0.143403	0.000000	14.340344
490	492	3.287454	0.143403	0.000000	14.340344
492	493	3.728821	0.143403	0.000000	14.340344
493	494	4.378603	0.143403	0.000000	14.340344
493	495	4.391552	0.143403	0.000000	14.340344
495	496	3.716307	0.143403	0.000000	14.340344
496	497	4.973501	0.143403	0.000000	14.340344
496	498	3.256476	0.143403	0.000000	14.340344
498	499	3.699830	0.143403	0.000000	14.340344
499	500	4.299739	0.143403	0.000000	14.340344
499	501	4.385738	0.143403	0.000000	14.340344
501	502	3.753444	0.143403	0.000000	14.340344
502	503	4.863398	0.143403	0.000000	14.340344
502	504	3.018413	0.143403	0.000000	14.340344
504	505	3.704065	0.143403	0.000000	14.340344
505	506	4.299666	0.143403	0.000000	14.340344
505	507	4.385538	0.143403	0.000000	14.340344
507	508	3.753302	0.143403	0.000000	14.340344
508	509	4.863644	0.143403	0.000000	14.340344
508	510	3.836054	0.143403	0.000000	14.340344
510	511	3.725044	0.143403	0.000000	14.340344
511	512	4.973334	0.143403	0.000000	14.340344
511	513	3.633554	0.143403	0.000000	14.340344
513	514	3.766538	0.143403	0.000000	14.340344
514	515	4.973486	0.143403	0.000000	14.340344
514	516	3.735795	0.143403	0.000000	14.340344
516	517	3.739900	0.143403	0.000000	14.340344
517	518	4.863688	0.143403	0.000000	14.340344
517	519	3.286929	0.143403	0.000000	14.340344
519	520	3.728905	0.143403	0.000000	14.340344
520	521	4.378842	0.143403	0.000000	14.340344
520	522	4.391181	0.143403	0.000000	14.340344
522	523	3.716282	0.143403	0.000000	14.340344
523	524	4.973344	0.143403	0.000000	14.340344
523	525	3.285128	0.143403	0.000000	14.340344
525	526	3.759997	0.143403	0.000000	14.340344
526	527	4.378649	0.143403	0.000000	14.340344
526	528	4.191536	0.143403	0.000000	14.340344
528	529	3.751399	0.143403	0.000000	14.340344
529	530	4.863750	0.143403	0.000000	14.340344
529	531	3.685806	0.143403	0.000000	14.340344
531	532	3.744345	0.143403	0.000000	14.340344
532	533	4.863559	0.143403	0.000000	14.340344
532	534	3.018329	0.143403	0.000000	14.340344
534	535	3.704046	0.143403	0.000000	14.340344
535	536	4.299796	0.143403	0.000000	14.340344
535	537	3.538236	0.143403	0.000000	14.340344
537	538	3.785746	0.143403	0.000000	14.340344
538	539	4.299834	0.143403	0.000000	14.340344
538	540	3.998729	0.143403	0.000000	14.340344
540	541	3.784181	0.143403	0.000000	14.340344
541	542	4.378833	0.143403	0.000000	14.340344
541	543	4.391353	0.143403	0.000000	14.340344
543	544	3.716172	0.143403	0.000000	14.340344
544	545	4.973622	0.143403	0.000000	14.340344
544	546	3.256321	0.143403	0.000000	14.340344
546	547	3.699641	0.143403	0.000000	14.340344
547	548	4.299854	0.143403	0.000000	14.340344
547	549	4.385825	0.143403	0.000000	14.340344
549	550	3.753228	0.143403	0.000000	14.340344
550	551	4.863490	0.143403	0.000000	14.340344
550	552	3.836266	0.143403	0.000000	14.340344
552	553	3.724678	0.143403	0.000000	14.340344
553	554	4.973409	0.143403	0.000000	14.340344
553	555	3.735612	0.143403	0.000000	14.340344
555	556	3.739744	0.143403	0.000000	14.340344
556	557	4.863682	0.143403	0.000000	14.340344
556	558	3.287007	0.143403	0.000000	14.340344
558	559	3.728693	0.143403	0.000000	14.340344
559	560	4.378786	0.143403	0.000000	14.340344
559	561	4.191531	0.143403	0.000000	14.340344
561	562	3.751492	0.143403	0.000000	14.340344
562	563	4.863886	0.143403	0.000000	14.340344
562	564	3.018727	0.143403	0.000000	14.340344
564	565	3.703932	0.143403	0.000000	14.340344
565	566	4.299851	0.143403	0.000000	14.340344
565	567	3.998793	0.143403	0.000000	14.340344
567	568	3.784470	0.143403	0.000000	14.340344
568	569	4.378607	0.143403	0.000000	14.340344
568	570	4.191427	0.143403	0.000000	14.340344
570	571	3.751535	0.143403	0.000000	14.340344
571	572	4.863825	0.143403	0.000000	14.340344
571	573	3.018648	0.143403	0.000000	14.340344
573	574	3.704229	0.143403	0.000000	14.340344
574	575	4.299755	0.143403	0.000000	14.340344
574	576	3.538232	0.143403	0.000000	14.340344
576	577	3.785856	0.143403	0.000000	14.340344
577	578	4.299587	0.143403	0.000000	14.340344
577	579	4.385179	0.143403	0.000000	14.340344
579	580	3.753519	0.143403	0.000000	14.340344
580	581	4.863585	0.143403	0.000000	14.340344
580	582	3.685697	0.143403	0.000000	14.340344
582	583	3.744378	0.143403	0.000000	14.340344
583	584	4.863928	0.143403	0.000000	14.340344
583	585	3.685810	0.143403	0.000000	14.340344
585	586	3.744852	0.143403	0.000000	14.340344
586	587	4.863297	0.143403	0.000000	14.340344
586	588	3.685566	0.143403	0.000000	14.340344
588	589	3.744094	0.143403	0.000000	14.340344
589	590	4.863788	0.143403	0.000000	14.340344
589	591	3.835916	0.143403	0.000000	14.340344
591	592	3.724829	0.143403	0.000000	14.340344
592	593	4.973451	0.143403	0.000000	14.340344
592	594	3.285089	0.143403	0.000000	14.340344
594	595	3.759854	0.143403	0.000000	14.340344
595	596	4.378723	0.143403	0.000000	14.340344
595	597	4.391263	0.143403	0.000000	14.340344
597	598	3.716347	0.143403	0.000000	14.340344
598	599	4.973217	0.143403	0.000000	14.340344
598	600	3.285246	0.143403	0.000000	14.340344
600	601	3.759853	0.143403	0.000000	14.340344
601	602	4.378681	0.143403	0.000000	14.340344
601	603	4.191588	0.143403	0.000000	14.340344
603	604	3.751475	0.143403	0.000000	14.340344
604	605	4.863783	0.143403	0.000000	14.340344
604	606	3.287294	0.143403	0.000000	14.340344
606	607	3.729006	0.143403	0.000000	14.340344
607	608	4.378638	0.143403	0.000000	14.340344
607	609	3.870393	0.143403	0.000000	14.340344
609	610	3.758952	0.143403	0.000000	14.340344
610	611	4.378932	0.143403	0.000000	14.340344
610	612	3.870428	0.143403	0.000000	14.340344
612	613	3.759050	0.143403	0.000000	14.340344
613	614	4.378589	0.143403	0.000000	14.340344
613	615	4.391490	0.143403	0.000000	14.340344
615	616	3.716380	0.143403	0.000000	14.340344
616	617	4.973396	0.143403	0.000000	14.340344
616	618	3.633437	0.143403	0.000000	14.340344
618	619	3.766864	0.143403	0.000000	14.340344
619	620	4.973203	0.143403	0.000000	14.340344
619	621	3.735596	0.143403	0.000000	14.340344
621	622	3.739577	0.143403	0.000000	14.340344
622	623	4.863557	0.143403	0.000000	14.340344
622	624	3.685992	0.143403	0.000000	14.340344
624	625	3.744482	0.143403	0.000000	14.340344
625	626	4.863667	0.143403	0.000000	14.340344
625	627	3.685525	0.143403	0.000000	14.340344
627	628	3.744499	0.143403	0.000000	14.340344
628	629	4.863973	0.143403	0.000000	14.340344
628	630	3.018478	0.143403	0.000000	14.340344
630	631	3.704200	0.143403	0.000000	14.340344
631	632	4.299623	0.143403	0.000000	14.340344
631	633	3.998625	0.143403	0.000000	14.340344
633	634	3.784465	0.143403	0.000000	14.340344
634	635	4.378840	0.143403	0.000000	14.340344
634	636	4.391739	0.143403	0.000000	14.340344
636	637	3.716293	0.143403	0.000000	14.340344
637	638	4.973308	0.143403	0.000000	14.340344
637	639	3.256495	0.143403	0.000000	14.340344
639	640	3.700097	0.143403	0.000000	14.340344
640	641	4.299819	0.143403	0.000000	14.340344
640	642	3.998577	0.143403	0.000000	14.340344
642	643	3.784407	0.143403	0.000000	14.340344
643	644	4.378923	0.143403	0.000000	14.340344
643	645	3.707262	0.143403	0.000000	14.340344
645	646	3.710317	0.143403	0.000000	14.340344
646	647	4.299838	0.143403	0.000000	14.340344
646	648	3.537938	0.143403	0.000000	14.340344
648	649	3.785737	0.143403	0.000000	14.340344
649	650	4.299567	0.143403	0.000000	14.340344
649	651	4.385504	0.143403	0.000000	14.340344
651	652	3.753352	0.143403	0.000000	14.340344
652	653	4.863731	0.143403	0.000000	14.340344
652	654	3.287348	0.143403	0.000000	14.340344
654	655	3.728925	0.143403	0.000000	14.340344
655	656	4.378621	0.143403	0.000000	14.340344
655	657	3.706914	0.143403	0.000000	14.340344
657	658	3.709896	0.143403	0.000000	14.340344
658	659	4.299694	0.143403	0.000000	14.340344
658	660	4.385772	0.143403	0.000000	14.340344
660	661	3.753226	0.143403	0.000000	14.340344
661	662	4.863536	0.143403	0.000000	14.340344
661	663	3.685729	0.143403	0.000000	14.340344
663	664	3.744372	0.143403	0.000000	14.340344
664	665	4.863812	0.143403	0.000000	14.340344
664	666	3.685939	0.143403	0.000000	14.340344
666	667	3.744192	0.143403	0.000000	14.340344
667	668	4.863670	0.143403	0.000000	14.340344
667	669	3.685733	0.143403	0.000000	14.340344
669	670	3.744548	0.143403	0.000000	14.340344
670	671	4.863804	0.143403	0.000000	14.340344
670	672	3.836112	0.143403	0.000000	14.340344
672	673	3.724329	0.143403	0.000000	14.340344
673	674	4.973628	0.143403	0.000000	14.340344
673	675	3.633539	0.143403	0.000000	14.340344
675	676	3.766517	0.143403	0.000000	14.340344
676	677	4.973472	0.143403	0.000000	14.340344
676	678	3.256103	0.143403	0.000000	14.340344
678	679	3.699858	0.143403	0.000000	14.340344
679	680	4.299325	0.143403	0.000000	14.340344
679	681	4.385410	0.143403	0.000000	14.340344
681	682	3.753368	0.143403	0.000000	14.340344
682	683	4.863693	0.143403	0.000000	14.340344
682	684	3.287284	0.143403	0.000000	14.340344
684	685	3.729010	0.143403	0.000000	14.340344
685	686	4.378538	0.143403	0.000000	14.340344
685	687	4.391216	0.143403	0.000000	14.340344
687	688	3.716188	0.143403	0.000000	14.340344
688	689	4.973562	0.143403	0.000000	14.340344
688	690	3.284743	0.143403	0.000000	14.340344
690	691	3.759964	0.143403	0.000000	14.340344
691	692	4.378535	0.143403	0.000000	14.340344
691	693	3.870689	0.143403	0.000000	14.340344
693	694	3.758878	0.143403	0.000000	14.340344
694	695	4.378907	0.143403	0.000000	14.340344
694	696	3.707390	0.143403	0.000000	14.340344
696	697	3.710025	0.143403	0.000000	14.340344
697	698	4.300238	0.143403	0.000000	14.340344
697	699	4.385766	0.143403	0.000000	14.340344
699	700	3.753511	0.143403	0.000000	14.340344
700	701	4.863587	0.143403	0.000000	14.340344
700	702	3.836230	0.143403	0.000000	14.340344
702	703	3.724969	0.143403	0.000000	14.340344
703	704	4.973430	0.143403	0.000000	14.340344
703	705	3.256264	0.143403	0.000000	14.340344
705	706	3.699655	0.143403	0.000000	14.340344
706	707	4.299711	0.143403	0.000000	14.340344
706	708	3.998609	0.143403	0.000000	14.340344
708	709	3.784154	0.143403	0.000000	14.340344
709	710	4.378713	0.143403	0.000000	14.340344
709	711	4.391225	0.143403	0.000000	14.340344
711	712	3.716136	0.143403	0.000000	14.340344
712	713	4.973602	0.143403	0.000000	14.340344
712	714	3.633541	0.143403	0.000000	14.340344
714	715	3.766489	0.143403	0.000000	14.340344
715	716	4.973437	0.143403	0.000000	14.340344
715	717	3.735490	0.143403	0.000000	14.340344
717	718	3.739728	0.143403	0.000000	14.340344
718	719	4.864019	0.143403	0.000000	14.340344
718	720	3.287054	0.143403	0.000000	14.340344
720	721	3.729190	0.143403	0.000000	14.340344
721	722	4.378760	0.143403	0.000000	14.340344
721	723	3.870614	0.143403	0.000000	14.340344
723	724	3.759189	0.143403	0.000000	14.340344
724	725	4.378916	0.143403	0.000000	14.340344
724	726	3.706567	0.143403	0.000000	14.340344
726	727	3.710426	0.143403	0.000000	14.340344
727	728	4.299403	0.143403	0.000000	14.340344
727	729	3.538020	0.143403	0.000000	14.340344
729	730	3.785962	0.143403	0.000000	14.340344
730	731	4.299611	0.143403	0.000000	14.340344
730	732	4.385671	0.143403	0.000000	14.340344
732	733	3.753471	0.143403	0.000000	14.340344
733	734	4.863613	0.143403	0.000000	14.340344
733	735	3.836097	0.143403	0.000000	14.340344
735	736	3.724627	0.143403	0.000000	14.340344
736	737	4.973510	0.143403	0.000000	14.340344
736	738	3.256322	0.143403	0.000000	14.340344
738	739	3.700008	0.143403	0.000000	14.340344
739	740	4.299661	0.143403	0.000000	14.340344
739	741	3.998702	0.143403	0.000000	14.340344
741	742	3.784513	0.143403	0.000000	14.340344
742	743	4.378688	0.143403	0.000000	14.340344
742	744	4.391573	0.143403	0.000000	14.340344
744	745	3.716417	0.143403	0.000000	14.340344
745	746	4.973246	0.143403	0.000000	14.340344
745	747	3.735688	0.143403	0.000000	14.340344
747	748	3.740022	0.143403	0.000000	14.340344
748	749	4.863556	0.143403	0.000000	14.340344
748	750	3.685587	0.143403	0.000000	14.340344
750	751	3.744384	0.143403	0.000000	14.340344
751	752	4.864014	0.143403	0.000000	14.340344
751	753	3.018449	0.143403	0.000000	14.340344
753	754	3.704003	0.143403	0.000000	14.340344
754	755	4.299633	0.143403	0.000000	14.340344
754	756	4.385417	0.143403	0.000000	14.340344
756	757	3.753859	0.143403	0.000000	14.340344
757	758	4.863705	0.143403	0.000000	14.340344
757	759	3.287197	0.143403	0.000000	14.340344
759	760	3.729070	0.143403	0.000000	14.340344
760	761	4.378773	0.143403	0.000000	14.340344
760	762	4.391108	0.143403	0.000000	14.340344
762	763	3.716264	0.143403	0.000000	14.340344
763	764	4.973427	0.143403	0.000000	14.340344
763	765	3.256043	0.143403	0.000000	14.340344
765	766	3.699863	0.143403	0.000000	14.340344
766	767	4.299632	0.143403	0.000000	14.340344
766	768	3.538305	0.143403	0.000000	14.340344
768	769	3.785884	0.143403	0.000000	14.340344
769	770	4.299944	0.143403	0.000000	14.340344
769	771	3.998487	0.143403	0.000000	14.340344
771	772	3.784522	0.143403	0.000000	14.340344
772	773	4.378923	0.143403	0.000000	14.340344
772	774	3.870575	0.143403	0.000000	14.340344
774	775	3.758610	0.143403	0.000000	14.340344
775	776	4.378616	0.143403	0.000000	14.340344
775	777	3.870540	0.143403	0.000000	14.340344
777	778	3.759193	0.143403	0.000000	14.340344
778	779	4.378671	0.143403	0.000000	14.340344
778	780	3.870665	0.143403	0.000000	14.340344
780	781	3.759089	0.143403	0.000000	14.340344
781	782	4.378807	0.143403	0.000000	14.340344
781	783	4.391109	0.143403	0.000000	14.340344
783	784	3.716374	0.143403	0.000000	14.340344
784	785	4.973414	0.143403	0.000000	14.340344
784	786	3.735455	0.143403	0.000000	14.340344
786	787	3.739742	0.143403	0.000000	14.340344
787	788	4.863629	0.143403	0.000000	14.340344
787	789	3.287308	0.143403	0.000000	14.340344
789	790	3.728920	0.143403	0.000000	14.340344
790	791	4.378894	0.143403	0.000000	14.340344
790	792	4.391246	0.143403	0.000000	14.340344
792	793	3.716096	0.143403	0.000000	14.340344
793	794	4.973354	0.143403	0.000000	14.340344
793	795	3.633526	0.143403	0.000000	14.340344
795	796	3.766315	0.143403	0.000000	14.340344
796	797	4.973485	0.143403	0.000000	14.340344
796	798	3.735603	0.143403	0.000000	14.340344
798	799	3.739822	0.143403	0.000000	14.340344
799	800	4.863743	0.143403	0.000000	14.340344
799	801	3.836208	0.143403	0.000000	14.340344
801	802	3.724523	0.143403	0.000000	14.340344
802	803	4.973584	0.143403	0.000000	14.340344
802	804	3.256186	0.143403	0.000000	14.340344
804	805	3.699609	0.143403	0.000000	14.340344
805	806	4.299581	0.143403	0.000000	14.340344
805	807	4.385682	0.143403	0.000000	14.340344
807	808	3.753344	0.143403	0.000000	14.340344
808	809	4.863892	0.143403	0.000000	14.340344
808	810	3.835559	0.143403	0.000000	14.340344
810	811	3.724893	0.143403	0.000000	14.340344
811	812	4.973289	0.143403	0.000000	14.340344
811	813	3.285134	0.143403	0.000000	14.340344
813	814	3.759725	0.143403	0.000000	14.340344
814	815	4.378895	0.143403	0.000000	14.340344
814	816	3.870504	0.143403	0.000000	14.340344
816	817	3.759138	0.143403	0.000000	14.340344
817	818	4.378791	0.143403	0.000000	14.340344
817	819	3.870509	0.143403	0.000000	14.340344
819	820	3.758894	0.143403	0.000000	14.340344
820	821	4.378765	0.143403	0.000000	14.340344
820	822	3.707114	0.143403	0.000000	14.340344
822	823	3.710118	0.143403	0.000000	14.340344
823	824	4.299682	0.143403	0.000000	14.340344
823	825	3.538233	0.143403	0.000000	14.340344
825	826	3.785371	0.143403	0.000000	14.340344
826	827	4.299872	0.143403	0.000000	14.340344
826	828	4.385888	0.143403	0.000000	14.340344
828	829	3.753433	0.143403	0.000000	14.340344
829	830	4.863409	0.143403	0.000000	14.340344
829	831	3.685744	0.143403	0.000000	14.340344
831	832	3.744176	0.143403	0.000000	14.340344
832	833	4.863580	0.143403	0.000000	14.340344
832	834	3.686162	0.143403	0.000000	14.340344
834	835	3.744840	0.143403	0.000000	14.340344
835	836	4.863737	0.143403	0.000000	14.340344
835	837	3.287445	0.143403	0.000000	14.340344
837	838	3.728926	0.143403	0.000000	14.340344
838	839	4.378621	0.143403	0.000000	14.340344
838	840	4.190945	0.143403	0.000000	14.340344
840	841	3.751452	0.143403	0.000000	14.340344
841	842	4.864024	0.143403	0.000000	14.340344
841	843	3.018527	0.143403	0.000000	14.340344
843	844	3.704130	0.143403	0.000000	14.340344
844	845	4.299358	0.143403	0.000000	14.340344
844	846	4.385920	0.143403	0.000000	14.340344
846	847	3.753526	0.143403	0.000000	14.340344
847	848	4.863815	0.143403	0.000000	14.340344
847	849	3.018351	0.143403	0.000000	14.340344
849	850	3.703816	0.143403	0.000000	14.340344
850	851	4.300057	0.143403	0.000000	14.340344
850	852	3.998610	0.143403	0.000000	14.340344
852	853	3.784442	0.143403	0.000000	14.340344
853	854	4.378723	0.143403	0.000000	14.340344
853	855	3.870382	0.143403	0.000000	14.340344
855	856	3.759058	0.143403	0.000000	14.340344
856	857	4.378668	0.143403	0.000000	14.340344
856	858	3.870357	0.143403	0.000000	14.340344
858	859	3.759028	0.143403	0.000000	14.340344
859	860	4.378727	0.143403	0.000000	14.340344
859	861	3.870385	0.143403	0.000000	14.340344
861	862	3.759131	0.143403	0.000000	14.340344
862	863	4.378615	0.143403	0.000000	14.340344
862	864	4.391545	0.143403	0.000000	14.340344
864	865	3.716268	0.143403	0.000000	14.340344
865	866	4.973254	0.143403	0.000000	14.340344
865	867	3.633787	0.143403	0.000000	14.340344
867	868	3.766473	0.143403	0.000000	14.340344
868	869	4.973529	0.143403	0.000000	14.340344
868	870	3.284959	0.143403	0.000000	14.340344
870	871	3.759808	0.143403	0.000000	14.340344
871	872	4.378875	0.143403	0.000000	14.340344
871	873	4.191553	0.143403	0.000000	14.340344
873	874	3.751657	0.143403	0.000000	14.340344
874	875	4.863773	0.143403	0.000000	14.340344
874	876	3.835872	0.143403	0.000000	14.340344
876	877	3.724828	0.143403	0.000000	14.340344
877	878	4.973192	0.143403	0.000000	14.340344
877	879	3.285155	0.143403	0.000000	14.340344
879	880	3.759702	0.143403	0.000000	14.340344
880	881	4.379053	0.143403	0.000000	14.340344
880	882	4.191392	0.143403	0.000000	14.340344
882	883	3.751632	0.143403	0.000000	14.340344
883	884	4.863231	0.143403	0.000000	14.340344
883	885	3.287379	0.143403	0.000000	14.340344
885	886	3.728907	0.143403	0.000000	14.340344
886	887	4.378819	0.143403	0.000000	14.340344
886	888	3.706967	0.143403	0.000000	14.340344
888	889	3.710124	0.143403	0.000000	14.340344
889	890	4.299652	0.143403	0.000000	14.340344
889	891	3.998748	0.143403	0.000000	14.340344
891	892	3.784507	0.143403	0.000000	14.340344
892	893	4.378526	0.143403	0.000000	14.340344
892	894	4.391375	0.143403	0.000000	14.340344
894	895	3.715991	0.143403	0.000000	14.340344
895	896	4.973541	0.143403	0.000000	14.340344
895	897	3.256250	0.143403	0.000000	14.340344
897	898	3.699497	0.143403	0.000000	14.340344
898	899	4.300065	0.143403	0.000000	14.340344
898	900	4.385668	0.143403	0.000000	14.340344
900	901	3.753260	0.143403	0.000000	14.340344
901	902	4.863565	0.143403	0.000000	14.340344
901	903	3.835896	0.143403	0.000000	14.340344
903	904	3.724755	0.143403	0.000000	14.340344
904	905	4.973544	0.143403	0.000000	14.340344
904	906	3.633295	0.143403	0.000000	14.340344
906	907	3.766564	0.143403	0.000000	14.340344
907	908	4.973579	0.143403	0.000000	14.340344
907	909	3.284790	0.143403	0.000000	14.340344
909	910	3.759690	0.143403	0.000000	14.340344
910	911	4.378665	0.143403	0.000000	14.340344
910	912	4.391349	0.143403	0.000000	14.340344
912	913	3.716148	0.143403	0.000000	14.340344
913	914	4.973386	0.143403	0.000000	14.340344
913	915	3.735508	0.143403	0.000000	14.340344
915	916	3.740284	0.143403	0.000000	14.340344
916	917	4.863505	0.143403	0.000000	14.340344
916	918	3.287068	0.143403	0.000000	14.340344
918	919	3.729197	0.143403	0.000000	14.340344
919	920	4.378795	0.143403	0.000000	14.340344
919	921	3.870498	0.143403	0.000000	14.340344
921	922	3.759216	0.143403	0.000000	14.340344
922	923	4.378893	0.143403	0.000000	14.340344
922	924	3.706630	0.143403	0.000000	14.340344
924	925	3.709965	0.143403	0.000000	14.340344
925	926	4.299630	0.143403	0.000000	14.340344
925	927	3.998630	0.143403	0.000000	14.340344
927	928	3.784357	0.143403	0.000000	14.340344
928	929	4.378606	0.143403	0.000000	14.340344
928	930	3.706824	0.143403	0.000000	14.340344
930	931	3.710424	0.143403	0.000000	14.340344
931	932	4.299452	0.143403	0.000000	14.340344
931	933	3.538066	0.143403	0.000000	14.340344
933	934	3.786038	0.143403	0.000000	14.340344
934	935	4.299907	0.143403	0.000000	14.340344
934	936	4.385527	0.143403	0.000000	14.340344
936	937	3.753129	0.143403	0.000000	14.340344
937	938	4.863469	0.143403	0.000000	14.340344
937	939	3.836171	0.143403	0.000000	14.340344
939	940	3.724621	0.143403	0.000000	14.340344
940	941	4.973504	0.143403	0.000000	14.340344
942	943	4.299966	0.143403	0.000000	14.340344
942	944	3.998523	0.143403	0.000000	14.340344
944	945	3.784416	0.143403	0.000000	14.340344
945	946	4.378626	0.143403	0.000000	14.340344
945	947	4.391670	0.143403	0.000000	14.340344
947	948	3.716493	0.143403	0.000000	14.340344
948	949	4.973485	0.143403	0.000000	14.340344
948	950	3.633735	0.143403	0.000000	14.340344
950	951	3.766483	0.143403	0.000000	14.340344
951	952	4.973531	0.143403	0.000000	14.340344
951	953	3.735823	0.143403	0.000000	14.340344
953	954	3.739820	0.143403	0.000000	14.340344
954	955	4.863560	0.143403	0.000000	14.340344
954	956	3.835879	0.143403	0.000000	14.340344
956	957	3.724842	0.143403	0.000000	14.340344
957	958	4.973433	0.143403	0.000000	14.340344
957	959	3.735947	0.143403	0.000000	14.340344
959	960	3.739892	0.143403	0.000000	14.340344
960	961	4.863710	0.143403	0.000000	14.340344
960	962	3.689637	0.143403	0.000000	14.340344
962	963	3.744992	0.143403	0.000000	14.340344
963	964	4.863711	0.143403	0.000000	14.340344
963	965	3.287160	0.143403	0.000000	14.340344
965	966	3.729155	0.143403	0.000000	14.340344
966	967	4.378733	0.143403	0.000000	14.340344
966	968	3.707095	0.143403	0.000000	14.340344
968	969	3.710280	0.143403	0.000000	14.340344
969	970	4.299785	0.143403	0.000000	14.340344
969	971	4.385376	0.143403	0.000000	14.340344
971	972	3.753227	0.143403	0.000000	14.340344
972	973	4.863664	0.143403	0.000000	14.340344
972	974	3.018542	0.143403	0.000000	14.340344
974	975	3.704125	0.143403	0.000000	14.340344
975	976	4.299661	0.143403	0.000000	14.340344
975	977	3.538137	0.143403	0.000000	14.340344
977	978	3.785549	0.143403	0.000000	14.340344
978	979	4.299822	0.143403	0.000000	14.340344
978	980	3.998904	0.143403	0.000000	14.340344
980	981	3.784679	0.143403	0.000000	14.340344
981	982	4.378885	0.143403	0.000000	14.340344
981	983	4.391292	0.143403	0.000000	14.340344
983	984	3.716394	0.143403	0.000000	14.340344
984	985	4.973273	0.143403	0.000000	14.340344
984	986	3.256362	0.143403	0.000000	14.340344
986	987	3.699822	0.143403	0.000000	14.340344
987	988	4.299876	0.143403	0.000000	14.340344
987	989	4.385491	0.143403	0.000000	14.340344
989	990	3.753286	0.143403	0.000000	14.340344
990	991	4.863786	0.143403	0.000000	14.340344
990	992	3.835902	0.143403	0.000000	14.340344
992	993	3.724637	0.143403	0.000000	14.340344
993	994	4.973722	0.143403	0.000000	14.340344
993	995	3.735418	0.143403	0.000000	14.340344
995	996	3.739528	0.143403	0.000000	14.340344
996	997	4.863798	0.143403	0.000000	14.340344
996	998	3.287124	0.143403	0.000000	14.340344
998	999	3.728956	0.143403	0.000000	14.340344
999	1000	4.378726	0.143403	0.000000	14.340344
999	1001	4.191276	0.143403	0.000000	14.340344
1001	1002	3.751422	0.143403	0.000000	14.340344
1002	1003	4.863532	0.143403	0.000000	14.340344
1002	1004	3.018801	0.143403	0.000000	14.340344
1004	1005	3.704300	0.143403	0.000000	14.340344
1005	1006	4.299660	0.143403	0.000000	14.340344
1005	1007	3.998747	0.143403	0.000000	14.340344
1007	1008	3.784581	0.143403	0.000000	14.340344
1008	1009	4.378924	0.143403	0.000000	14.340344
1008	1010	4.191487	0.143403	0.000000	14.340344
1010	1011	3.751459	0.143403	0.000000	14.340344
1011	1012	4.863793	0.143403	0.000000	14.340344
1011	1013	3.018624	0.143403	0.000000	14.340344
1013	1014	3.703843	0.143403	0.000000	14.340344
1014	1015	4.299916	0.143403	0.000000	14.340344
1014	1016	3.538184	0.143403	0.000000	14.340344
1016	1017	3.785448	0.143403	0.000000	14.340344
1017	1018	4.299954	0.143403	0.000000	14.340344
1017	1019	4.385844	0.143403	0.000000	14.340344
1019	1020	3.753121	0.143403	0.000000	14.340344
1020	1021	4.863686	0.143403	0.000000	14.340344
1020	1022	3.689915	0.143403	0.000000	14.340344
1022	1023	3.744895	0.143403	0.000000	14.340344
1023	1024	4.863782	0.143403	0.000000	14.340344
1023	1025	3.689600	0.143403	0.000000	14.340344
1025	1026	3.745002	0.143403	0.000000	14.340344
1026	1027	4.863697	0.143403	0.000000	14.340344
1026	1028	3.689682	0.143403	0.000000	14.340344
1028	1029	3.745092	0.143403	0.000000	14.340344
1029	1030	4.863707	0.143403	0.000000	14.340344
1029	1031	3.836142	0.143403	0.000000	14.340344
1031	1032	3.724792	0.143403	0.000000	14.340344
1032	1033	4.973523	0.143403	0.000000	14.340344
1032	1034	3.285306	0.143403	0.000000	14.340344
1034	1035	3.759963	0.143403	0.000000	14.340344
1035	1036	4.378880	0.143403	0.000000	14.340344
1035	1037	4.391455	0.143403	0.000000	14.340344
1037	1038	3.716340	0.143403	0.000000	14.340344
1038	1039	4.973601	0.143403	0.000000	14.340344
1038	1040	3.284850	0.143403	0.000000	14.340344
1040	1041	3.759848	0.143403	0.000000	14.340344
1041	1042	4.378633	0.143403	0.000000	14.340344
1041	1043	4.191388	0.143403	0.000000	14.340344
1043	1044	3.751411	0.143403	0.000000	14.340344
1044	1045	4.863723	0.143403	0.000000	14.340344
1044	1046	3.287227	0.143403	0.000000	14.340344
1046	1047	3.728664	0.143403	0.000000	14.340344
1047	1048	4.378984	0.143403	0.000000	14.340344
1047	1049	3.865881	0.143403	0.000000	14.340344
1049	1050	3.758431	0.143403	0.000000	14.340344
1050	1051	4.378704	0.143403	0.000000	14.340344
1050	1052	3.866193	0.143403	0.000000	14.340344
1052	1053	3.758230	0.143403	0.000000	14.340344
1053	1054	4.378759	0.143403	0.000000	14.340344
1053	1055	4.391302	0.143403	0.000000	14.340344
1055	1056	3.716267	0.143403	0.000000	14.340344
1056	1057	4.973480	0.143403	0.000000	14.340344
1056	1058	3.633671	0.143403	0.000000	14.340344
1058	1059	3.766301	0.143403	0.000000	14.340344
1059	1060	4.973693	0.143403	0.000000	14.340344
1059	1061	3.735638	0.143403	0.000000	14.340344
1061	1062	3.739941	0.143403	0.000000	14.340344
1062	1063	4.863470	0.143403	0.000000	14.340344
1062	1064	3.689573	0.143403	0.000000	14.340344
1064	1065	3.745054	0.143403	0.000000	14.340344
1065	1066	4.863406	0.143403	0.000000	14.340344
1065	1067	3.690001	0.143403	0.000000	14.340344
1067	1068	3.744921	0.143403	0.000000	14.340344
1068	1069	4.863705	0.143403	0.000000	14.340344
1068	1070	3.018456	0.143403	0.000000	14.340344
1070	1071	3.704095	0.143403	0.000000	14.340344
1071	1072	4.299613	0.143403	0.000000	14.340344
1071	1073	3.998701	0.143403	0.000000	14.340344
1073	1074	3.784385	0.143403	0.000000	14.340344
1074	1075	4.378787	0.143403	0.000000	14.340344
1074	1076	4.391520	0.143403	0.000000	14.340344
1076	1077	3.716434	0.143403	0.000000	14.340344
1077	1078	4.973479	0.143403	0.000000	14.340344
1077	1079	3.256295	0.143403	0.000000	14.340344
1079	1080	3.699944	0.143403	0.000000	14.340344
1080	1081	4.299874	0.143403	0.000000	14.340344
1080	1082	3.998815	0.143403	0.000000	14.340344
1082	1083	3.784339	0.143403	0.000000	14.340344
1083	1084	4.378988	0.143403	0.000000	14.340344
1083	1085	3.707202	0.143403	0.000000	14.340344
1085	1086	3.710467	0.143403	0.000000	14.340344
1086	1087	4.299629	0.143403	0.000000	14.340344
1086	1088	3.538089	0.143403	0.000000	14.340344
1088	1089	3.785866	0.143403	0.000000	14.340344
1089	1090	4.299783	0.143403	0.000000	14.340344
1089	1091	4.385376	0.143403	0.000000	14.340344
1091	1092	3.753621	0.143403	0.000000	14.340344
1092	1093	4.863645	0.143403	0.000000	14.340344
1092	1094	3.287205	0.143403	0.000000	14.340344
1094	1095	3.728969	0.143403	0.000000	14.340344
1095	1096	4.378766	0.143403	0.000000	14.340344
1095	1097	3.706862	0.143403	0.000000	14.340344
1097	1098	3.709834	0.143403	0.000000	14.340344
1098	1099	4.299608	0.143403	0.000000	14.340344
1098	1100	4.385778	0.143403	0.000000	14.340344
1100	1101	3.753371	0.143403	0.000000	14.340344
1101	1102	4.863938	0.143403	0.000000	14.340344
1101	1103	3.689506	0.143403	0.000000	14.340344
1103	1104	3.745001	0.143403	0.000000	14.340344
1104	1105	4.863876	0.143403	0.000000	14.340344
1104	1106	3.689637	0.143403	0.000000	14.340344
1106	1107	3.744689	0.143403	0.000000	14.340344
1107	1108	4.863743	0.143403	0.000000	14.340344
1107	1109	3.689799	0.143403	0.000000	14.340344
1109	1110	3.745297	0.143403	0.000000	14.340344
1110	1111	4.863790	0.143403	0.000000	14.340344
1110	1112	3.835979	0.143403	0.000000	14.340344
1112	1113	3.724699	0.143403	0.000000	14.340344
1113	1114	4.973831	0.143403	0.000000	14.340344
1113	1115	3.633493	0.143403	0.000000	14.340344
1115	1116	3.765980	0.143403	0.000000	14.340344
1116	1117	4.973500	0.143403	0.000000	14.340344
1116	1118	3.256392	0.143403	0.000000	14.340344
1118	1119	3.699552	0.143403	0.000000	14.340344
1119	1120	4.299710	0.143403	0.000000	14.340344
1119	1121	4.385737	0.143403	0.000000	14.340344
1121	1122	3.753444	0.143403	0.000000	14.340344
1122	1123	4.863565	0.143403	0.000000	14.340344
1122	1124	3.287425	0.143403	0.000000	14.340344
1124	1125	3.728830	0.143403	0.000000	14.340344
1125	1126	4.378405	0.143403	0.000000	14.340344
1125	1127	4.391285	0.143403	0.000000	14.340344
1127	1128	3.716230	0.143403	0.000000	14.340344
1128	1129	4.973324	0.143403	0.000000	14.340344
1128	1130	3.285070	0.143403	0.000000	14.340344
1130	1131	3.759687	0.143403	0.000000	14.340344
1131	1132	4.378811	0.143403	0.000000	14.340344
1131	1133	3.866048	0.143403	0.000000	14.340344
1133	1134	3.758598	0.143403	0.000000	14.340344
1134	1135	4.378715	0.143403	0.000000	14.340344
1134	1136	3.706989	0.143403	0.000000	14.340344
1136	1137	3.710256	0.143403	0.000000	14.340344
1137	1138	4.299814	0.143403	0.000000	14.340344
1137	1139	4.385722	0.143403	0.000000	14.340344
1139	1140	3.753094	0.143403	0.000000	14.340344
1140	1141	4.863790	0.143403	0.000000	14.340344
1140	1142	3.836095	0.143403	0.000000	14.340344
1142	1143	3.725058	0.143403	0.000000	14.340344
1143	1144	4.973304	0.143403	0.000000	14.340344
1143	1145	3.256314	0.143403	0.000000	14.340344
1145	1146	3.700072	0.143403	0.000000	14.340344
1146	1147	4.299513	0.143403	0.000000	14.340344
1146	1148	3.998847	0.143403	0.000000	14.340344
1148	1149	3.784457	0.143403	0.000000	14.340344
1149	1150	4.378880	0.143403	0.000000	14.340344
1149	1151	4.391493	0.143403	0.000000	14.340344
1151	1152	3.715864	0.143403	0.000000	14.340344
1152	1153	4.973389	0.143403	0.000000	14.340344
1152	1154	3.634029	0.143403	0.000000	14.340344
1154	1155	3.766169	0.143403	0.000000	14.340344
1155	1156	4.973475	0.143403	0.000000	14.340344
1155	1157	3.735880	0.143403	0.000000	14.340344
1157	1158	3.739644	0.143403	0.000000	14.340344
1158	1159	4.863607	0.143403	0.000000	14.340344
1158	1160	3.689945	0.143403	0.000000	14.340344
1160	1161	3.744964	0.143403	0.000000	14.340344
1161	1162	4.863537	0.143403	0.000000	14.340344
1161	1163	3.287298	0.143403	0.000000	14.340344
1163	1164	3.729198	0.143403	0.000000	14.340344
1164	1165	4.378687	0.143403	0.000000	14.340344
1164	1166	3.707286	0.143403	0.000000	14.340344
1166	1167	3.710309	0.143403	0.000000	14.340344
1167	1168	4.299710	0.143403	0.000000	14.340344
1167	1169	3.537938	0.143403	0.000000	14.340344
1169	1170	3.785723	0.143403	0.000000	14.340344
1170	1171	4.299530	0.143403	0.000000	14.340344
1170	1172	4.385509	0.143403	0.000000	14.340344
1172	1173	3.753296	0.143403	0.000000	14.340344
1173	1174	4.863774	0.143403	0.000000	14.340344
1173	1175	3.835985	0.143403	0.000000	14.340344
1175	1176	3.725162	0.143403	0.000000	14.340344
1176	1177	4.973410	0.143403	0.000000	14.340344
1176	1178	3.256156	0.143403	0.000000	14.340344
1178	1179	3.699658	0.143403	0.000000	14.340344
1179	1180	4.299644	0.143403	0.000000	14.340344
1179	1181	3.998693	0.143403	0.000000	14.340344
1181	1182	3.784449	0.143403	0.000000	14.340344
1182	1183	4.378768	0.143403	0.000000	14.340344
1182	1184	4.391492	0.143403	0.000000	14.340344
1184	1185	3.716276	0.143403	0.000000	14.340344
1185	1186	4.973382	0.143403	0.000000	14.340344
1185	1187	3.735468	0.143403	0.000000	14.340344
1187	1188	3.740013	0.143403	0.000000	14.340344
1188	1189	4.863783	0.143403	0.000000	14.340344
1188	1190	3.689436	0.143403	0.000000	14.340344
1190	1191	3.745399	0.143403	0.000000	14.340344
1191	1192	4.863726	0.143403	0.000000	14.340344
1191	1193	3.018180	0.143403	0.000000	14.340344
1193	1194	3.704168	0.143403	0.000000	14.340344
1194	1195	4.299628	0.143403	0.000000	14.340344
1194	1196	4.385615	0.143403	0.000000	14.340344
1196	1197	3.753345	0.143403	0.000000	14.340344
1197	1198	4.863698	0.143403	0.000000	14.340344
1197	1199	3.287262	0.143403	0.000000	14.340344
1199	1200	3.728975	0.143403	0.000000	14.340344
1200	1201	4.378691	0.143403	0.000000	14.340344
1200	1202	4.391111	0.143403	0.000000	14.340344
1202	1203	3.716285	0.143403	0.000000	14.340344
1203	1204	4.973273	0.143403	0.000000	14.340344
1203	1205	3.256089	0.143403	0.000000	14.340344
1205	1206	3.699896	0.143403	0.000000	14.340344
1206	1207	4.299696	0.143403	0.000000	14.340344
1206	1208	3.538099	0.143403	0.000000	14.340344
1208	1209	3.785449	0.143403	0.000000	14.340344
1209	1210	4.299664	0.143403	0.000000	14.340344
1209	1211	3.998753	0.143403	0.000000	14.340344
1211	1212	3.784638	0.143403	0.000000	14.340344
1212	1213	4.378675	0.143403	0.000000	14.340344
1212	1214	3.865762	0.143403	0.000000	14.340344
1214	1215	3.758167	0.143403	0.000000	14.340344
1215	1216	4.378866	0.143403	0.000000	14.340344
1215	1217	3.866228	0.143403	0.000000	14.340344
1217	1218	3.758709	0.143403	0.000000	14.340344
1218	1219	4.378603	0.143403	0.000000	14.340344
1218	1220	3.865989	0.143403	0.000000	14.340344
1220	1221	3.758605	0.143403	0.000000	14.340344
1221	1222	4.378607	0.143403	0.000000	14.340344
1221	1223	4.391509	0.143403	0.000000	14.340344
1223	1224	3.716427	0.143403	0.000000	14.340344
1224	1225	4.973178	0.143403	0.000000	14.340344
1224	1226	3.735622	0.143403	0.000000	14.340344
1226	1227	3.739636	0.143403	0.000000	14.340344
1227	1228	4.863768	0.143403	0.000000	14.340344
1227	1229	3.287160	0.143403	0.000000	14.340344
1229	1230	3.728979	0.143403	0.000000	14.340344
1230	1231	4.378859	0.143403	0.000000	14.340344
1230	1232	4.391190	0.143403	0.000000	14.340344
1232	1233	3.716196	0.143403	0.000000	14.340344
1233	1234	4.973434	0.143403	0.000000	14.340344
1233	1235	3.633463	0.143403	0.000000	14.340344
1235	1236	3.766150	0.143403	0.000000	14.340344
1236	1237	4.973517	0.143403	0.000000	14.340344
1236	1238	3.735690	0.143403	0.000000	14.340344
1238	1239	3.739489	0.143403	0.000000	14.340344
1239	1240	4.863893	0.143403	0.000000	14.340344
1239	1241	3.836203	0.143403	0.000000	14.340344
1241	1242	3.724520	0.143403	0.000000	14.340344
1242	1243	4.973721	0.143403	0.000000	14.340344
1242	1244	3.256047	0.143403	0.000000	14.340344
1244	1245	3.699760	0.143403	0.000000	14.340344
1245	1246	4.299750	0.143403	0.000000	14.340344
1245	1247	4.385687	0.143403	0.000000	14.340344
1247	1248	3.753305	0.143403	0.000000	14.340344
1248	1249	4.863799	0.143403	0.000000	14.340344
1248	1250	3.836023	0.143403	0.000000	14.340344
1250	1251	3.724936	0.143403	0.000000	14.340344
1251	1252	4.973396	0.143403	0.000000	14.340344
1251	1253	3.284954	0.143403	0.000000	14.340344
1253	1254	3.760064	0.143403	0.000000	14.340344
1254	1255	4.378719	0.143403	0.000000	14.340344
1254	1256	3.865830	0.143403	0.000000	14.340344
1256	1257	3.758474	0.143403	0.000000	14.340344
1257	1258	4.378824	0.143403	0.000000	14.340344
1257	1259	3.866094	0.143403	0.000000	14.340344
1259	1260	3.758378	0.143403	0.000000	14.340344
1260	1261	4.378822	0.143403	0.000000	14.340344
1260	1262	3.707140	0.143403	0.000000	14.340344
1262	1263	3.710337	0.143403	0.000000	14.340344
1263	1264	4.299800	0.143403	0.000000	14.340344
1263	1265	3.538153	0.143403	0.000000	14.340344
1265	1266	3.785506	0.143403	0.000000	14.340344
1266	1267	4.299716	0.143403	0.000000	14.340344
1266	1268	4.385671	0.143403	0.000000	14.340344
1268	1269	3.753307	0.143403	0.000000	14.340344
1269	1270	4.863869	0.143403	0.000000	14.340344
1269	1271	3.689861	0.143403	0.000000	14.340344
1271	1272	3.744693	0.143403	0.000000	14.340344
1272	1273	4.863814	0.143403	0.000000	14.340344
1272	1274	3.689557	0.143403	0.000000	14.340344
1274	1275	3.745074	0.143403	0.000000	14.340344
1275	1276	4.863541	0.143403	0.000000	14.340344
1275	1277	3.287289	0.143403	0.000000	14.340344
1277	1278	3.728563	0.143403	0.000000	14.340344
1278	1279	4.378757	0.143403	0.000000	14.340344
1278	1280	4.191312	0.143403	0.000000	14.340344
1280	1281	3.751894	0.143403	0.000000	14.340344
1281	1282	4.863698	0.143403	0.000000	14.340344
1281	1283	3.018347	0.143403	0.000000	14.340344
1283	1284	3.704200	0.143403	0.000000	14.340344
1284	1285	4.299385	0.143403	0.000000	14.340344
1284	1286	4.385784	0.143403	0.000000	14.340344
1286	1287	3.753047	0.143403	0.000000	14.340344
1287	1288	4.863779	0.143403	0.000000	14.340344
1287	1289	3.018395	0.143403	0.000000	14.340344
1289	1290	3.704024	0.143403	0.000000	14.340344
1290	1291	4.299508	0.143403	0.000000	14.340344
1290	1292	3.998795	0.143403	0.000000	14.340344
1292	1293	3.784546	0.143403	0.000000	14.340344
1293	1294	4.378778	0.143403	0.000000	14.340344
1293	1295	3.865790	0.143403	0.000000	14.340344
1295	1296	3.758410	0.143403	0.000000	14.340344
1296	1297	4.378804	0.143403	0.000000	14.340344
1296	1298	3.866125	0.143403	0.000000	14.340344
1298	1299	3.758394	0.143403	0.000000	14.340344
1299	1300	4.378898	0.143403	0.000000	14.340344
1299	1301	3.866162	0.143403	0.000000	14.340344
1301	1302	3.758378	0.143403	0.000000	14.340344
1302	1303	4.378647	0.143403	0.000000	14.340344
1302	1304	4.391185	0.143403	0.000000	14.340344
1304	1305	3.716267	0.143403	0.000000	14.340344
1305	1306	4.973363	0.143403	0.000000	14.340344
1305	1307	3.633404	0.143403	0.000000	14.340344
1307	1308	3.766385	0.143403	0.000000	14.340344
1308	1309	4.973385	0.143403	0.000000	14.340344
1308	1310	3.284999	0.143403	0.000000	14.340344
1310	1311	3.759924	0.143403	0.000000	14.340344
1311	1312	4.378800	0.143403	0.000000	14.340344
1311	1313	4.191655	0.143403	0.000000	14.340344
1313	1314	3.751374	0.143403	0.000000	14.340344
1314	1315	4.863672	0.143403	0.000000	14.340344
1314	1316	3.835845	0.143403	0.000000	14.340344
1316	1317	3.725000	0.143403	0.000000	14.340344
1317	1318	4.973596	0.143403	0.000000	14.340344
1317	1319	3.284798	0.143403	0.000000	14.340344
1319	1320	3.759842	0.143403	0.000000	14.340344
1320	1321	4.378417	0.143403	0.000000	14.340344
1320	1322	4.191469	0.143403	0.000000	14.340344
1322	1323	3.751238	0.143403	0.000000	14.340344
1323	1324	4.863861	0.143403	0.000000	14.340344
1323	1325	3.287242	0.143403	0.000000	14.340344
1325	1326	3.728992	0.143403	0.000000	14.340344
1326	1327	4.378794	0.143403	0.000000	14.340344
1326	1328	3.707030	0.143403	0.000000	14.340344
1328	1329	3.710357	0.143403	0.000000	14.340344
1329	1330	4.299752	0.143403	0.000000	14.340344
1329	1331	3.998489	0.143403	0.000000	14.340344
1331	1332	3.784423	0.143403	0.000000	14.340344
1332	1333	4.378656	0.143403	0.000000	14.340344
1332	1334	4.391445	0.143403	0.000000	14.340344
1334	1335	3.716519	0.143403	0.000000	14.340344
1335	1336	4.973292	0.143403	0.000000	14.340344
1335	1337	3.256062	0.143403	0.000000	14.340344
1337	1338	3.699619	0.143403	0.000000	14.340344
1338	1339	4.299855	0.143403	0.000000	14.340344
1338	1340	4.385782	0.143403	0.000000	14.340344
1340	1341	3.753229	0.143403	0.000000	14.340344
1341	1342	4.863790	0.143403	0.000000	14.340344
1341	1343	3.835975	0.143403	0.000000	14.340344
1343	1344	3.724815	0.143403	0.000000	14.340344
1344	1345	4.973627	0.143403	0.000000	14.340344
1344	1346	3.633352	0.143403	0.000000	14.340344
1346	1347	3.766335	0.143403	0.000000	14.340344
1347	1348	4.973528	0.143403	0.000000	14.340344
1347	1349	3.285055	0.143403	0.000000	14.340344
1349	1350	3.759929	0.143403	0.000000	14.340344
1350	1351	4.378672	0.143403	0.000000	14.340344
1350	1352	3.866076	0.143403	0.000000	14.340344
1352	1353	3.758395	0.143403	0.000000	14.340344
1353	1354	4.378745	0.143403	0.000000	14.340344
1353	1355	4.191381	0.143403	0.000000	14.340344
1355	1356	3.751711	0.143403	0.000000	14.340344
1356	1357	4.863711	0.143403	0.000000	14.340344
1356	1358	3.018371	0.143403	0.000000	14.340344
1358	1359	3.703999	0.143403	0.000000	14.340344
1359	1360	4.299726	0.143403	0.000000	14.340344
1359	1361	4.385378	0.143403	0.000000	14.340344
1361	1362	3.753685	0.143403	0.000000	14.340344
1362	1363	4.863559	0.143403	0.000000	14.340344
1362	1364	3.287444	0.143403	0.000000	14.340344
1364	1365	3.729042	0.143403	0.000000	14.340344
1365	1366	4.378907	0.143403	0.000000	14.340344
1365	1367	3.706844	0.143403	0.000000	14.340344
1367	1368	3.710009	0.143403	0.000000	14.340344
1368	1369	4.299667	0.143403	0.000000	14.340344
1368	1370	3.538175	0.143403	0.000000	14.340344
1370	1371	3.785907	0.143403	0.000000	14.340344
1371	1372	4.299745	0.143403	0.000000	14.340344
1371	1373	3.998489	0.143403	0.000000	14.340344
1373	1374	3.784487	0.143403	0.000000	14.340344
1374	1375	4.378608	0.143403	0.000000	14.340344
1374	1376	4.391544	0.143403	0.000000	14.340344
1376	1377	3.716377	0.143403	0.000000	14.340344
1377	1378	4.973441	0.143403	0.000000	14.340344
1377	1379	3.285046	0.143403	0.000000	14.340344
1379	1380	3.760137	0.143403	0.000000	14.340344
1380	1381	4.378793	0.143403	0.000000	14.340344
1380	1382	4.391156	0.143403	0.000000	14.340344
1382	1383	3.716299	0.143403	0.000000	14.340344
1383	1384	4.973331	0.143403	0.000000	14.340344
1383	1385	3.256337	0.143403	0.000000	14.340344
1385	1386	3.699884	0.143403	0.000000	14.340344
1386	1387	4.299771	0.143403	0.000000	14.340344
1386	1388	4.385670	0.143403	0.000000	14.340344
1388	1389	3.753533	0.143403	0.000000	14.340344
1389	1390	4.863598	0.143403	0.000000	14.340344
1389	1391	3.287296	0.143403	0.000000	14.340344
1391	1392	3.728883	0.143403	0.000000	14.340344
1392	1393	4.378865	0.143403	0.000000	14.340344
1392	1394	4.391349	0.143403	0.000000	14.340344
1394	1395	3.716118	0.143403	0.000000	14.340344
1395	1396	4.973564	0.143403	0.000000	14.340344
1395	1397	3.285383	0.143403	0.000000	14.340344
1397	1398	3.759754	0.143403	0.000000	14.340344
1398	1399	4.378663	0.143403	0.000000	14.340344
1398	1400	4.191585	0.143403	0.000000	14.340344
1400	1401	3.751240	0.143403	0.000000	14.340344
1401	1402	4.863580	0.143403	0.000000	14.340344
1401	1403	3.689755	0.143403	0.000000	14.340344
1403	1404	3.744794	0.143403	0.000000	14.340344
1404	1405	4.863462	0.143403	0.000000	14.340344
1404	1406	3.836298	0.143403	0.000000	14.340344
1406	1407	3.724747	0.143403	0.000000	14.340344
1407	1408	4.973346	0.143403	0.000000	14.340344
1407	1409	3.285012	0.143403	0.000000	14.340344
1409	1410	3.759730	0.143403	0.000000	14.340344
1410	1411	4.378818	0.143403	0.000000	14.340344
1410	1412	4.191432	0.143403	0.000000	14.340344
1412	1413	3.751561	0.143403	0.000000	14.340344
1413	1414	4.863698	0.143403	0.000000	14.340344
1413	1415	3.018584	0.143403	0.000000	14.340344
1415	1416	3.704303	0.143403	0.000000	14.340344
1416	1417	4.299493	0.143403	0.000000	14.340344
1416	1418	3.998562	0.143403	0.000000	14.340344
1418	1419	3.784467	0.143403	0.000000	14.340344
1419	1420	4.378790	0.143403	0.000000	14.340344
1419	1421	4.391424	0.143403	0.000000	14.340344
1421	1422	3.716362	0.143403	0.000000	14.340344
1422	1423	4.973446	0.143403	0.000000	14.340344
1422	1424	3.633151	0.143403	0.000000	14.340344
1424	1425	3.766494	0.143403	0.000000	14.340344
1425	1426	4.973600	0.143403	0.000000	14.340344
1425	1427	3.256072	0.143403	0.000000	14.340344
1427	1428	3.699972	0.143403	0.000000	14.340344
1428	1429	4.299868	0.143403	0.000000	14.340344
1428	1430	3.538073	0.143403	0.000000	14.340344
1430	1431	3.785920	0.143403	0.000000	14.340344
1431	1432	4.299734	0.143403	0.000000	14.340344
1431	1433	4.675864	0.143403	0.000000	14.340344
1433	1434	3.685796	0.143403	0.000000	14.340344
1434	1435	4.973060	0.143403	0.000000	14.340344
1434	1436	3.256137	0.143403	0.000000	14.340344
1436	1437	3.700024	0.143403	0.000000	14.340344
1437	1438	4.299773	0.143403	0.000000	14.340344
1437	1439	3.538010	0.143403	0.000000	14.340344
1439	1440	3.785336	0.143403	0.000000	14.340344
1440	1441	4.299848	0.143403	0.000000	14.340344
1440	1442	4.385338	0.143403	0.000000	14.340344
1442	1443	3.753370	0.143403	0.000000	14.340344
1443	1444	4.863662	0.143403	0.000000	14.340344
1443	1445	3.287524	0.143403	0.000000	14.340344
1445	1446	3.729173	0.143403	0.000000	14.340344
1446	1447	4.378492	0.143403	0.000000	14.340344
1446	1448	4.391783	0.143403	0.000000	14.340344
1448	1449	3.716046	0.143403	0.000000	14.340344
1449	1450	4.973358	0.143403	0.000000	14.340344
1449	1451	3.633471	0.143403	0.000000	14.340344
1451	1452	3.766228	0.143403	0.000000	14.340344
1452	1453	4.973649	0.143403	0.000000	14.340344
1452	1454	3.735626	0.143403	0.000000	14.340344
1454	1455	3.739504	0.143403	0.000000	14.340344
1455	1456	4.863872	0.143403	0.000000	14.340344
1455	1457	3.835922	0.143403	0.000000	14.340344
1457	1458	3.725165	0.143403	0.000000	14.340344
1458	1459	4.973317	0.143403	0.000000	14.340344
1458	1460	3.735528	0.143403	0.000000	14.340344
1460	1461	3.739532	0.143403	0.000000	14.340344
1461	1462	4.863560	0.143403	0.000000	14.340344
1461	1463	3.689956	0.143403	0.000000	14.340344
1463	1464	3.745046	0.143403	0.000000	14.340344
1464	1465	4.863592	0.143403	0.000000	14.340344
1464	1466	3.287622	0.143403	0.000000	14.340344
1466	1467	3.728655	0.143403	0.000000	14.340344
1467	1468	4.378695	0.143403	0.000000	14.340344
1467	1469	3.706911	0.143403	0.000000	14.340344
1469	1470	3.710208	0.143403	0.000000	14.340344
1470	1471	4.299838	0.143403	0.000000	14.340344
1470	1472	4.385414	0.143403	0.000000	14.340344
1472	1473	3.753268	0.143403	0.000000	14.340344
1473	1474	4.863813	0.143403	0.000000	14.340344
1473	1475	3.018536	0.143403	0.000000	14.340344
1475	1476	3.704351	0.143403	0.000000	14.340344
1476	1477	4.299377	0.143403	0.000000	14.340344
1476	1478	3.538076	0.143403	0.000000	14.340344
1478	1479	3.785598	0.143403	0.000000	14.340344
1479	1480	4.299841	0.143403	0.000000	14.340344
1479	1481	3.998683	0.143403	0.000000	14.340344
1481	1482	3.784259	0.143403	0.000000	14.340344
1482	1483	4.378704	0.143403	0.000000	14.340344
1482	1484	4.391337	0.143403	0.000000	14.340344
1484	1485	3.716615	0.143403	0.000000	14.340344
1485	1486	4.973288	0.143403	0.000000	14.340344
1485	1487	3.256395	0.143403	0.000000	14.340344
1487	1488	3.699887	0.143403	0.000000	14.340344
1488	1489	4.299715	0.143403	0.000000	14.340344
1488	1490	4.385639	0.143403	0.000000	14.340344
1490	1491	3.753283	0.143403	0.000000	14.340344
1491	1492	4.863825	0.143403	0.000000	14.340344
1491	1493	3.836062	0.143403	0.000000	14.340344
1493	1494	3.725000	0.143403	0.000000	14.340344
1494	1495	4.973360	0.143403	0.000000	14.340344
1494	1496	3.735507	0.143403	0.000000	14.340344
1496	1497	3.739688	0.143403	0.000000	14.340344
1497	1498	4.863727	0.143403	0.000000	14.340344
1497	1499	3.287278	0.143403	0.000000	14.340344
1499	1500	3.728534	0.143403	0.000000	14.340344
1500	1501	4.378427	0.143403	0.000000	14.340344
1500	1502	4.191401	0.143403	0.000000	14.340344
1502	1503	3.751557	0.143403	0.000000	14.340344
1503	1504	4.863839	0.143403	0.000000	14.340344
1503	1505	3.018558	0.143403	0.000000	14.340344
1505	1506	3.703926	0.143403	0.000000	14.340344
1506	1507	4.299591	0.143403	0.000000	14.340344
1506	1508	3.998782	0.143403	0.000000	14.340344
1508	1509	3.784406	0.143403	0.000000	14.340344
1509	1510	4.378979	0.143403	0.000000	14.340344
1509	1511	4.191323	0.143403	0.000000	14.340344
1511	1512	3.751488	0.143403	0.000000	14.340344
1512	1513	4.863679	0.143403	0.000000	14.340344
1512	1514	3.018309	0.143403	0.000000	14.340344
1514	1515	3.703949	0.143403	0.000000	14.340344
1515	1516	4.300003	0.143403	0.000000	14.340344
1515	1517	3.538398	0.143403	0.000000	14.340344
1517	1518	3.785680	0.143403	0.000000	14.340344
1518	1519	4.299838	0.143403	0.000000	14.340344
1518	1520	4.385549	0.143403	0.000000	14.340344
1520	1521	3.753122	0.143403	0.000000	14.340344
1521	1522	4.863842	0.143403	0.000000	14.340344
1521	1523	3.689756	0.143403	0.000000	14.340344
1523	1524	3.744842	0.143403	0.000000	14.340344
1524	1525	4.863819	0.143403	0.000000	14.340344
1524	1526	3.689725	0.143403	0.000000	14.340344
1526	1527	3.745439	0.143403	0.000000	14.340344
1527	1528	4.863531	0.143403	0.000000	14.340344
1527	1529	3.689750	0.143403	0.000000	14.340344
1529	1530	3.745030	0.143403	0.000000	14.340344
1530	1531	4.863685	0.143403	0.000000	14.340344
1530	1532	3.835915	0.143403	0.000000	14.340344
1532	1533	3.724900	0.143403	0.000000	14.340344
1533	1534	4.973191	0.143403	0.000000	14.340344
1533	1535	3.284987	0.143403	0.000000	14.340344
1535	1536	3.759549	0.143403	0.000000	14.340344
1536	1537	4.378656	0.143403	0.000000	14.340344
1536	1538	4.391617	0.143403	0.000000	14.340344
1538	1539	3.715917	0.143403	0.000000	14.340344
1539	1540	4.973363	0.143403	0.000000	14.340344
1539	1541	3.284924	0.143403	0.000000	14.340344
1541	1542	3.760188	0.143403	0.000000	14.340344
1542	1543	4.378703	0.143403	0.000000	14.340344
1542	1544	4.191366	0.143403	0.000000	14.340344
1544	1545	3.751194	0.143403	0.000000	14.340344
1545	1546	4.863425	0.143403	0.000000	14.340344
1545	1547	3.287517	0.143403	0.000000	14.340344
1547	1548	3.728993	0.143403	0.000000	14.340344
1548	1549	4.378846	0.143403	0.000000	14.340344
1548	1550	3.865803	0.143403	0.000000	14.340344
1550	1551	3.758697	0.143403	0.000000	14.340344
1551	1552	4.378691	0.143403	0.000000	14.340344
1551	1553	3.866015	0.143403	0.000000	14.340344
1553	1554	3.758355	0.143403	0.000000	14.340344
1554	1555	4.378921	0.143403	0.000000	14.340344
1554	1556	4.391594	0.143403	0.000000	14.340344
1556	1557	3.716501	0.143403	0.000000	14.340344
1557	1558	4.973537	0.143403	0.000000	14.340344
1557	1559	3.633148	0.143403	0.000000	14.340344
1559	1560	3.766141	0.143403	0.000000	14.340344
1560	1561	4.973554	0.143403	0.000000	14.340344
1560	1562	3.735690	0.143403	0.000000	14.340344
1562	1563	3.739668	0.143403	0.000000	14.340344
1563	1564	4.863745	0.143403	0.000000	14.340344
1563	1565	3.689703	0.143403	0.000000	14.340344
1565	1566	3.744923	0.143403	0.000000	14.340344
1566	1567	4.863779	0.143403	0.000000	14.340344
1566	1568	3.689628	0.143403	0.000000	14.340344
1568	1569	3.744826	0.143403	0.000000	14.340344
1569	1570	4.863577	0.143403	0.000000	14.340344
1569	1571	3.018407	0.143403	0.000000	14.340344
1571	1572	3.703853	0.143403	0.000000	14.340344
1572	1573	4.299648	0.143403	0.000000	14.340344
1572	1574	3.998902	0.143403	0.000000	14.340344
1574	1575	3.784079	0.143403	0.000000	14.340344
1575	1576	4.378648	0.143403	0.000000	14.340344
1575	1577	4.391606	0.143403	0.000000	14.340344
1577	1578	3.716300	0.143403	0.000000	14.340344
1578	1579	4.973355	0.143403	0.000000	14.340344
1578	1580	3.256489	0.143403	0.000000	14.340344
1580	1581	3.699930	0.143403	0.000000	14.340344
1581	1582	4.299708	0.143403	0.000000	14.340344
1581	1583	3.998579	0.143403	0.000000	14.340344
1583	1584	3.784555	0.143403	0.000000	14.340344
1584	1585	4.378782	0.143403	0.000000	14.340344
1584	1586	3.706967	0.143403	0.000000	14.340344
1586	1587	3.710150	0.143403	0.000000	14.340344
1587	1588	4.299957	0.143403	0.000000	14.340344
1587	1589	3.538112	0.143403	0.000000	14.340344
1589	1590	3.785912	0.143403	0.000000	14.340344
1590	1591	4.299720	0.143403	0.000000	14.340344
1590	1592	4.385454	0.143403	0.000000	14.340344
1592	1593	3.753451	0.143403	0.000000	14.340344
1593	1594	4.863891	0.143403	0.000000	14.340344
1593	1595	3.287251	0.143403	0.000000	14.340344
1595	1596	3.729096	0.143403	0.000000	14.340344
1596	1597	4.379098	0.143403	0.000000	14.340344
1596	1598	3.706809	0.143403	0.000000	14.340344
1598	1599	3.710030	0.143403	0.000000	14.340344
1599	1600	4.299706	0.143403	0.000000	14.340344
1599	1601	4.385644	0.143403	0.000000	14.340344
1601	1602	3.753649	0.143403	0.000000	14.340344
1602	1603	4.863680	0.143403	0.000000	14.340344
1602	1604	3.689642	0.143403	0.000000	14.340344
1604	1605	3.744810	0.143403	0.000000	14.340344
1605	1606	4.863768	0.143403	0.000000	14.340344
1605	1607	3.689477	0.143403	0.000000	14.340344
1607	1608	3.745059	0.143403	0.000000	14.340344
1608	1609	4.863672	0.143403	0.000000	14.340344
1608	1610	3.689601	0.143403	0.000000	14.340344
1610	1611	3.744855	0.143403	0.000000	14.340344
1611	1612	4.863456	0.143403	0.000000	14.340344
1611	1613	3.835792	0.143403	0.000000	14.340344
1613	1614	3.724788	0.143403	0.000000	14.340344
1614	1615	4.973230	0.143403	0.000000	14.340344
1614	1616	3.633300	0.143403	0.000000	14.340344
1616	1617	3.766590	0.143403	0.000000	14.340344
1617	1618	4.973332	0.143403	0.000000	14.340344
1617	1619	3.256346	0.143403	0.000000	14.340344
1619	1620	3.699807	0.143403	0.000000	14.340344
1620	1621	4.299870	0.143403	0.000000	14.340344
1620	1622	4.385950	0.143403	0.000000	14.340344
1622	1623	3.753294	0.143403	0.000000	14.340344
1623	1624	4.864000	0.143403	0.000000	14.340344
1623	1625	3.287276	0.143403	0.000000	14.340344
1625	1626	3.728794	0.143403	0.000000	14.340344
1626	1627	4.378761	0.143403	0.000000	14.340344
1626	1628	4.391811	0.143403	0.000000	14.340344
1628	1629	3.716254	0.143403	0.000000	14.340344
1629	1630	4.973242	0.143403	0.000000	14.340344
1629	1631	3.285188	0.143403	0.000000	14.340344
1631	1632	3.759749	0.143403	0.000000	14.340344
1632	1633	4.378595	0.143403	0.000000	14.340344
1632	1634	3.866148	0.143403	0.000000	14.340344
1634	1635	3.758803	0.143403	0.000000	14.340344
1635	1636	4.378805	0.143403	0.000000	14.340344
1635	1637	3.706876	0.143403	0.000000	14.340344
1637	1638	3.710479	0.143403	0.000000	14.340344
1638	1639	4.299645	0.143403	0.000000	14.340344
1638	1640	4.385485	0.143403	0.000000	14.340344
1640	1641	3.753259	0.143403	0.000000	14.340344
1641	1642	4.863394	0.143403	0.000000	14.340344
1641	1643	3.836113	0.143403	0.000000	14.340344
1643	1644	3.725119	0.143403	0.000000	14.340344
1644	1645	4.973246	0.143403	0.000000	14.340344
1644	1646	3.256295	0.143403	0.000000	14.340344
1646	1647	3.699668	0.143403	0.000000	14.340344
1647	1648	4.300127	0.143403	0.000000	14.340344
1647	1649	3.998394	0.143403	0.000000	14.340344
1649	1650	3.784485	0.143403	0.000000	14.340344
1650	1651	4.378966	0.143403	0.000000	14.340344
1650	1652	4.391166	0.143403	0.000000	14.340344
1652	1653	3.716607	0.143403	0.000000	14.340344
1653	1654	4.973122	0.143403	0.000000	14.340344
1653	1655	3.633390	0.143403	0.000000	14.340344
1655	1656	3.766539	0.143403	0.000000	14.340344
1656	1657	4.973423	0.143403	0.000000	14.340344
1656	1658	3.735686	0.143403	0.000000	14.340344
1658	1659	3.739620	0.143403	0.000000	14.340344
1659	1660	4.863895	0.143403	0.000000	14.340344
1659	1661	3.689599	0.143403	0.000000	14.340344
1661	1662	3.744981	0.143403	0.000000	14.340344
1662	1663	4.863893	0.143403	0.000000	14.340344
1662	1664	3.287286	0.143403	0.000000	14.340344
1664	1665	3.728768	0.143403	0.000000	14.340344
1665	1666	4.378657	0.143403	0.000000	14.340344
1665	1667	3.707057	0.143403	0.000000	14.340344
1667	1668	3.710615	0.143403	0.000000	14.340344
1668	1669	4.299507	0.143403	0.000000	14.340344
1668	1670	3.538172	0.143403	0.000000	14.340344
1670	1671	3.785906	0.143403	0.000000	14.340344
1671	1672	4.299853	0.143403	0.000000	14.340344
1671	1673	4.385476	0.143403	0.000000	14.340344
1673	1674	3.752934	0.143403	0.000000	14.340344
1674	1675	4.863982	0.143403	0.000000	14.340344
1674	1676	3.836023	0.143403	0.000000	14.340344
1676	1677	3.725224	0.143403	0.000000	14.340344
1677	1678	4.973519	0.143403	0.000000	14.340344
1677	1679	3.256044	0.143403	0.000000	14.340344
1679	1680	3.699945	0.143403	0.000000	14.340344
1680	1681	4.299723	0.143403	0.000000	14.340344
1680	1682	3.998478	0.143403	0.000000	14.340344
1682	1683	3.784235	0.143403	0.000000	14.340344
1683	1684	4.378997	0.143403	0.000000	14.340344
1683	1685	4.391647	0.143403	0.000000	14.340344
1685	1686	3.716373	0.143403	0.000000	14.340344
1686	1687	4.973491	0.143403	0.000000	14.340344
1686	1688	3.735508	0.143403	0.000000	14.340344
1688	1689	3.739659	0.143403	0.000000	14.340344
1689	1690	4.863622	0.143403	0.000000	14.340344
1689	1691	3.689620	0.143403	0.000000	14.340344
1691	1692	3.744818	0.143403	0.000000	14.340344
1692	1693	4.863575	0.143403	0.000000	14.340344
1692	1694	3.018069	0.143403	0.000000	14.340344
1694	1695	3.704336	0.143403	0.000000	14.340344
1695	1696	4.299612	0.143403	0.000000	14.340344
1695	1697	4.385228	0.143403	0.000000	14.340344
1697	1698	3.753346	0.143403	0.000000	14.340344
1698	1699	4.863841	0.143403	0.000000	14.340344
1698	1700	3.287194	0.143403	0.000000	14.340344
1700	1701	3.729014	0.143403	0.000000	14.340344
1701	1702	4.378717	0.143403	0.000000	14.340344
1701	1703	4.391296	0.143403	0.000000	14.340344
1703	1704	3.716257	0.143403	0.000000	14.340344
1704	1705	4.973385	0.143403	0.000000	14.340344
1704	1706	3.256103	0.143403	0.000000	14.340344
1706	1707	3.699875	0.143403	0.000000	14.340344
1707	1708	4.299776	0.143403	0.000000	14.340344
1707	1709	3.537949	0.143403	0.000000	14.340344
1709	1710	3.785869	0.143403	0.000000	14.340344
1710	1711	4.299723	0.143403	0.000000	14.340344
1710	1712	3.998741	0.143403	0.000000	14.340344
1712	1713	3.784225	0.143403	0.000000	14.340344
1713	1714	4.378749	0.143403	0.000000	14.340344
1713	1715	3.865774	0.143403	0.000000	14.340344
1715	1716	3.758402	0.143403	0.000000	14.340344
1716	1717	4.378748	0.143403	0.000000	14.340344
1716	1718	3.865991	0.143403	0.000000	14.340344
1718	1719	3.758294	0.143403	0.000000	14.340344
1719	1720	4.378713	0.143403	0.000000	14.340344
1719	1721	3.866336	0.143403	0.000000	14.340344
1721	1722	3.758411	0.143403	0.000000	14.340344
1722	1723	4.378873	0.143403	0.000000	14.340344
1722	1724	4.391551	0.143403	0.000000	14.340344
1724	1725	3.716336	0.143403	0.000000	14.340344
1725	1726	4.973171	0.143403	0.000000	14.340344
1725	1727	3.735563	0.143403	0.000000	14.340344
1727	1728	3.739837	0.143403	0.000000	14.340344
1728	1729	4.863429	0.143403	0.000000	14.340344
1728	1730	3.287707	0.143403	0.000000	14.340344
1730	1731	3.728959	0.143403	0.000000	14.340344
1731	1732	4.378798	0.143403	0.000000	14.340344
1731	1733	4.391070	0.143403	0.000000	14.340344
1733	1734	3.716359	0.143403	0.000000	14.340344
1734	1735	4.973449	0.143403	0.000000	14.340344
1734	1736	3.633613	0.143403	0.000000	14.340344
1736	1737	3.766310	0.143403	0.000000	14.340344
1737	1738	4.973690	0.143403	0.000000	14.340344
1737	1739	3.735459	0.143403	0.000000	14.340344
1739	1740	3.739775	0.143403	0.000000	14.340344
1740	1741	4.863705	0.143403	0.000000	14.340344
1740	1742	3.836120	0.143403	0.000000	14.340344
1742	1743	3.724884	0.143403	0.000000	14.340344
1743	1744	4.973246	0.143403	0.000000	14.340344
1743	1745	3.256341	0.143403	0.000000	14.340344
1745	1746	3.699869	0.143403	0.000000	14.340344
1746	1747	4.299461	0.143403	0.000000	14.340344
1746	1748	4.385910	0.143403	0.000000	14.340344
1748	1749	3.753024	0.143403	0.000000	14.340344
1749	1750	4.863843	0.143403	0.000000	14.340344
1749	1751	3.836038	0.143403	0.000000	14.340344
1751	1752	3.724759	0.143403	0.000000	14.340344
1752	1753	4.973383	0.143403	0.000000	14.340344
1752	1754	3.285060	0.143403	0.000000	14.340344
1754	1755	3.759906	0.143403	0.000000	14.340344
1755	1756	4.378606	0.143403	0.000000	14.340344
1755	1757	3.866147	0.143403	0.000000	14.340344
1757	1758	3.758406	0.143403	0.000000	14.340344
1758	1759	4.378766	0.143403	0.000000	14.340344
1758	1760	3.866179	0.143403	0.000000	14.340344
1760	1761	3.758439	0.143403	0.000000	14.340344
1761	1762	4.378822	0.143403	0.000000	14.340344
1761	1763	3.706966	0.143403	0.000000	14.340344
1763	1764	3.710072	0.143403	0.000000	14.340344
1764	1765	4.299572	0.143403	0.000000	14.340344
1764	1766	3.538004	0.143403	0.000000	14.340344
1766	1767	3.785693	0.143403	0.000000	14.340344
1767	1768	4.299944	0.143403	0.000000	14.340344
1767	1769	4.385690	0.143403	0.000000	14.340344
1769	1770	3.753440	0.143403	0.000000	14.340344
1770	1771	4.863899	0.143403	0.000000	14.340344
1770	1772	3.689701	0.143403	0.000000	14.340344
1772	1773	3.744709	0.143403	0.000000	14.340344
1773	1774	4.863861	0.143403	0.000000	14.340344
1773	1775	3.689770	0.143403	0.000000	14.340344
1775	1776	3.744838	0.143403	0.000000	14.340344
1776	1777	4.863614	0.143403	0.000000	14.340344
1776	1778	3.287360	0.143403	0.000000	14.340344
1778	1779	3.729018	0.143403	0.000000	14.340344
1779	1780	4.378733	0.143403	0.000000	14.340344
1779	1781	4.191344	0.143403	0.000000	14.340344
1781	1782	3.751561	0.143403	0.000000	14.340344
1782	1783	4.863712	0.143403	0.000000	14.340344
1782	1784	3.018432	0.143403	0.000000	14.340344
1784	1785	3.704097	0.143403	0.000000	14.340344
1785	1786	4.299507	0.143403	0.000000	14.340344
1785	1787	4.385587	0.143403	0.000000	14.340344
1787	1788	3.753124	0.143403	0.000000	14.340344
1788	1789	4.863637	0.143403	0.000000	14.340344
1788	1790	3.018548	0.143403	0.000000	14.340344
1790	1791	3.704197	0.143403	0.000000	14.340344
1791	1792	4.299840	0.143403	0.000000	14.340344
1791	1793	3.998157	0.143403	0.000000	14.340344
1793	1794	3.784650	0.143403	0.000000	14.340344
1794	1795	4.379103	0.143403	0.000000	14.340344
1794	1796	3.865867	0.143403	0.000000	14.340344
1796	1797	3.758315	0.143403	0.000000	14.340344
1797	1798	4.378848	0.143403	0.000000	14.340344
1797	1799	3.866155	0.143403	0.000000	14.340344
1799	1800	3.758336	0.143403	0.000000	14.340344
1800	1801	4.378591	0.143403	0.000000	14.340344
1800	1802	3.866171	0.143403	0.000000	14.340344
1802	1803	3.758716	0.143403	0.000000	14.340344
1803	1804	4.378836	0.143403	0.000000	14.340344
1803	1805	4.391123	0.143403	0.000000	14.340344
1805	1806	3.716400	0.143403	0.000000	14.340344
1806	1807	4.973329	0.143403	0.000000	14.340344
1806	1808	3.633730	0.143403	0.000000	14.340344
1808	1809	3.766557	0.143403	0.000000	14.340344
1809	1810	4.973104	0.143403	0.000000	14.340344
1809	1811	3.285458	0.143403	0.000000	14.340344
1811	1812	3.760081	0.143403	0.000000	14.340344
1812	1813	4.378661	0.143403	0.000000	14.340344
1812	1814	4.191380	0.143403	0.000000	14.340344
1814	1815	3.751833	0.143403	0.000000	14.340344
1815	1816	4.863358	0.143403	0.000000	14.340344
1815	1817	3.835923	0.143403	0.000000	14.340344
1817	1818	3.725030	0.143403	0.000000	14.340344
1818	1819	4.973397	0.143403	0.000000	14.340344
1818	1820	3.284636	0.143403	0.000000	14.340344
1820	1821	3.759793	0.143403	0.000000	14.340344
1821	1822	4.378883	0.143403	0.000000	14.340344
1821	1823	4.191340	0.143403	0.000000	14.340344
1823	1824	3.751745	0.143403	0.000000	14.340344
1824	1825	4.863543	0.143403	0.000000	14.340344
1824	1826	3.287261	0.143403	0.000000	14.340344
1826	1827	3.728574	0.143403	0.000000	14.340344
1827	1828	4.378889	0.143403	0.000000	14.340344
1827	1829	3.707090	0.143403	0.000000	14.340344
1829	1830	3.710548	0.143403	0.000000	14.340344
1830	1831	4.299742	0.143403	0.000000	14.340344
1830	1832	3.998519	0.143403	0.000000	14.340344
1832	1833	3.784406	0.143403	0.000000	14.340344
1833	1834	4.378601	0.143403	0.000000	14.340344
1833	1835	4.391798	0.143403	0.000000	14.340344
1835	1836	3.716088	0.143403	0.000000	14.340344
1836	1837	4.973195	0.143403	0.000000	14.340344
1836	1838	3.256573	0.143403	0.000000	14.340344
1838	1839	3.699706	0.143403	0.000000	14.340344
1839	1840	4.299811	0.143403	0.000000	14.340344
1839	1841	4.385305	0.143403	0.000000	14.340344
1841	1842	3.753422	0.143403	0.000000	14.340344
1842	1843	4.863565	0.143403	0.000000	14.340344
1842	1844	3.836057	0.143403	0.000000	14.340344
1844	1845	3.724840	0.143403	0.000000	14.340344
1845	1846	4.973544	0.143403	0.000000	14.340344
1845	1847	3.633201	0.143403	0.000000	14.340344
1847	1848	3.766398	0.143403	0.000000	14.340344
1848	1849	4.973660	0.143403	0.000000	14.340344
1848	1850	3.284828	0.143403	0.000000	14.340344
1850	1851	3.760030	0.143403	0.000000	14.340344
1851	1852	4.378933	0.143403	0.000000	14.340344
1851	1853	3.865845	0.143403	0.000000	14.340344
1853	1854	3.758788	0.143403	0.000000	14.340344
1854	1855	4.378707	0.143403	0.000000	14.340344
1854	1856	4.191151	0.143403	0.000000	14.340344
1856	1857	3.751476	0.143403	0.000000	14.340344
1857	1858	4.863857	0.143403	0.000000	14.340344
1857	1859	3.018123	0.143403	0.000000	14.340344
1859	1860	3.704011	0.143403	0.000000	14.340344
1860	1861	4.299607	0.143403	0.000000	14.340344
1860	1862	4.385591	0.143403	0.000000	14.340344
1862	1863	3.753409	0.143403	0.000000	14.340344
1863	1864	4.863557	0.143403	0.000000	14.340344
1863	1865	3.287428	0.143403	0.000000	14.340344
1865	1866	3.728964	0.143403	0.000000	14.340344
1866	1867	4.378757	0.143403	0.000000	14.340344
1866	1868	3.707178	0.143403	0.000000	14.340344
1868	1869	3.710377	0.143403	0.000000	14.340344
1869	1870	4.299829	0.143403	0.000000	14.340344
1869	1871	3.537951	0.143403	0.000000	14.340344
1871	1872	3.786129	0.143403	0.000000	14.340344
1872	1873	4.299600	0.143403	0.000000	14.340344
1872	1874	3.998714	0.143403	0.000000	14.340344
1874	1875	3.784471	0.143403	0.000000	14.340344
1875	1876	4.378766	0.143403	0.000000	14.340344
1875	1877	4.391252	0.143403	0.000000	14.340344
1877	1878	3.716160	0.143403	0.000000	14.340344
1878	1879	4.973571	0.143403	0.000000	14.340344
1878	1880	3.285010	0.143403	0.000000	14.340344
1880	1881	3.760044	0.143403	0.000000	14.340344
1881	1882	4.378795	0.143403	0.000000	14.340344
