2	1	3	114.229453	105.640535
1	3	4	94.460161	110.898662
3	4	5	105.069570	105.640535
3	4	6	119.057982	71.701721
5	4	6	113.818855	49.235182
4	6	7	95.109331	65.248566
6	7	8	107.530201	49.235182
6	7	9	116.035134	71.701721
8	7	9	112.203491	85.564054
7	9	10	95.307228	87.954111
9	10	11	112.795983	85.564054
9	10	12	120.487964	71.701721
11	10	12	110.103429	66.443595
10	12	13	97.926051	39.435946
12	13	14	112.654999	66.443595
12	13	15	121.513041	71.701721
14	13	15	114.664370	91.539197
13	15	16	94.975388	105.640535
15	16	17	108.065681	91.539197
15	16	18	117.469876	71.701721
17	16	18	111.923832	88.432122
16	18	19	95.238034	35.133843
18	19	20	99.447166	88.432122
18	19	21	111.709125	71.701721
20	19	21	113.398493	49.235182
19	21	22	93.993098	65.248566
21	22	23	111.734113	49.235182
21	22	24	124.732685	71.701721
23	22	24	111.142107	105.640535
22	24	25	97.638383	110.898662
24	25	26	98.582854	105.640535
24	25	27	117.080672	71.701721
26	25	27	113.982607	28.680688
25	27	28	94.883981	54.971319
27	28	29	108.409413	28.680688
27	28	30	122.374512	71.701721
29	28	30	113.874257	109.942639
28	30	31	94.782655	84.847036
30	31	32	108.828282	109.942639
30	31	33	112.868662	71.701721
32	31	33	114.222865	105.640535
31	33	34	94.458630	110.898662
33	34	35	105.070771	105.640535
33	34	36	120.348257	71.701721
35	34	36	112.056952	66.443595
34	36	37	98.897358	39.435946
36	37	38	103.514622	66.443595
36	37	39	122.440310	71.701721
38	37	39	111.008886	85.564054
37	39	40	97.473726	87.954111
39	40	41	97.808894	85.564054
39	40	42	113.755655	71.701721
41	40	42	113.395944	49.235182
40	42	43	93.997093	65.248566
42	43	44	111.730074	49.235182
42	43	45	120.393002	71.701721
44	43	45	118.267952	80.305927
43	45	46	92.666405	54.493308
45	46	47	103.129195	80.305927
45	46	48	119.550058	71.701721
47	46	48	113.825469	49.235182
46	48	49	95.106584	65.248566
48	49	50	107.528766	49.235182
48	49	51	116.033955	71.701721
50	49	51	112.192996	85.564054
49	51	52	95.308308	87.954111
51	52	53	112.796824	85.564054
51	52	54	122.183165	71.701721
53	52	54	114.658046	91.539197
52	54	55	94.980960	105.640535
54	55	56	108.063811	91.539197
54	55	57	117.464674	71.701721
56	55	57	111.927611	88.432122
55	57	58	95.232092	35.133843
57	58	59	99.442393	88.432122
57	58	60	117.235846	71.701721
59	58	60	113.980276	28.680688
58	60	61	94.890776	54.971319
60	61	62	108.410904	28.680688
60	61	63	114.684352	71.701721
62	61	63	114.217418	105.640535
61	63	64	94.472934	110.898662
63	64	65	105.064078	105.640535
63	64	66	121.099539	71.701721
65	64	66	111.013958	85.564054
64	66	67	97.472679	87.954111
66	67	68	97.808486	85.564054
66	67	69	119.317074	71.701721
68	67	69	113.983500	28.680688
67	69	70	94.882114	54.971319
69	70	71	108.421579	28.680688
69	70	72	114.666504	71.701721
71	70	72	114.228487	105.640535
70	72	73	94.455752	110.898662
72	73	74	105.069108	105.640535
72	73	75	120.350479	71.701721
74	73	75	112.051544	66.443595
73	75	76	98.908452	39.435946
75	76	77	103.504182	66.443595
75	76	78	120.442215	71.701721
77	76	78	113.828698	49.235182
76	78	79	95.103288	65.248566
78	79	80	107.536649	49.235182
78	79	81	122.870647	71.701721
80	79	81	113.885007	109.942639
79	81	82	94.778252	84.847036
81	82	83	108.829583	109.942639
81	82	84	120.687337	71.701721
83	82	84	113.883750	109.942639
82	84	85	94.776850	84.847036
84	85	86	108.824959	109.942639
84	85	87	120.685022	71.701721
86	85	87	113.879249	109.942639
85	87	88	94.783756	84.847036
87	88	89	108.823278	109.942639
87	88	90	113.826063	71.701721
89	88	90	112.197649	85.564054
88	90	91	95.311595	87.954111
90	91	92	112.796369	85.564054
90	91	93	122.933225	71.701721
92	91	93	111.144883	105.640535
91	93	94	97.645540	110.898662
93	94	95	98.574227	105.640535
93	94	96	111.502718	71.701721
95	94	96	113.392220	49.235182
94	96	97	93.997596	65.248566
96	97	98	111.738224	49.235182
96	97	99	124.731703	71.701721
98	97	99	111.149318	105.640535
97	99	100	97.643138	110.898662
99	100	101	98.580816	105.640535
99	100	102	117.089899	71.701721
101	100	102	113.987301	28.680688
100	102	103	94.882708	54.971319
102	103	104	108.414528	28.680688
102	103	105	119.218928	71.701721
104	103	105	111.931786	88.432122
103	105	106	95.231179	35.133843
105	106	107	99.443235	88.432122
105	106	108	119.307595	71.701721
107	106	108	113.575113	109.942639
106	108	109	95.150451	84.847036
108	109	110	98.260806	109.942639
108	109	111	121.091028	71.701721
110	109	111	113.579720	109.942639
109	111	112	95.151781	84.847036
111	112	113	98.266634	109.942639
111	112	114	113.480042	71.701721
113	112	114	113.397950	49.235182
112	114	115	94.003497	65.248566
114	115	116	111.734313	49.235182
114	115	117	122.321603	71.701721
116	115	117	110.101652	66.443595
115	117	118	97.924804	39.435946
117	118	119	112.660500	66.443595
117	118	120	121.509716	71.701721
119	118	120	114.662474	91.539197
118	120	121	94.973006	105.640535
120	121	122	108.066220	91.539197
120	121	123	120.819473	71.701721
122	121	123	113.879562	109.942639
121	123	124	94.778069	84.847036
123	124	125	108.836113	109.942639
123	124	126	120.686342	71.701721
125	124	126	113.875720	109.942639
124	126	127	94.777044	84.847036
126	127	128	108.827800	109.942639
126	127	129	112.870100	71.701721
128	127	129	114.222623	105.640535
127	129	130	94.460630	110.898662
129	130	131	105.066372	105.640535
129	130	132	121.097087	71.701721
131	130	132	111.005986	85.564054
130	132	133	97.477095	87.954111
132	133	134	97.807233	85.564054
132	133	135	113.756464	71.701721
134	133	135	113.401370	49.235182
133	135	136	93.995054	65.248566
135	136	137	111.731637	49.235182
135	136	138	120.391546	71.701721
137	136	138	118.267749	80.305927
136	138	139	92.661770	54.493308
138	139	140	103.133965	80.305927
138	139	141	121.497640	71.701721
140	139	141	111.011496	85.564054
139	141	142	97.473963	87.954111
141	142	143	97.806591	85.564054
141	142	144	114.158277	71.701721
143	142	144	115.455491	91.539197
142	144	145	93.068457	105.640535
144	145	146	103.850544	91.539197
144	145	147	122.536156	71.701721
146	145	147	112.048260	66.443595
145	147	148	98.911147	39.435946
147	148	149	103.501040	66.443595
147	148	150	120.438052	71.701721
149	148	150	113.819990	49.235182
148	150	151	95.107561	65.248566
150	151	152	107.533162	49.235182
150	151	153	119.645378	71.701721
152	151	153	111.928354	88.432122
151	153	154	95.236626	35.133843
153	154	155	99.440642	88.432122
153	154	156	112.081879	71.701721
155	154	156	115.461261	91.539197
154	156	157	93.066460	105.640535
156	157	158	103.848865	91.539197
156	157	159	121.239927	71.701721
158	157	159	113.824396	49.235182
157	159	160	95.116233	65.248566
159	160	161	107.524678	49.235182
159	160	162	122.884420	71.701721
161	160	162	113.873348	109.942639
160	162	163	94.791361	84.847036
162	163	164	108.824470	109.942639
162	163	165	120.694614	71.701721
164	163	165	113.878825	109.942639
163	165	166	94.783399	84.847036
165	166	167	108.830459	109.942639
165	166	168	120.692815	71.701721
167	166	168	113.880932	109.942639
166	168	169	94.779615	84.847036
168	169	170	108.828592	109.942639
168	169	171	113.820368	71.701721
170	169	171	112.197705	85.564054
169	171	172	95.310048	87.954111
171	172	173	112.793694	85.564054
171	172	174	120.486531	71.701721
173	172	174	110.109195	66.443595
172	174	175	97.928135	39.435946
174	175	176	112.655078	66.443595
174	175	177	118.023130	71.701721
176	175	177	118.272348	80.305927
175	177	178	92.661361	54.493308
177	178	179	103.145279	80.305927
177	178	180	119.549311	71.701721
179	178	180	113.819629	49.235182
178	180	181	95.107223	65.248566
180	181	182	107.535903	49.235182
180	181	183	119.633096	71.701721
182	181	183	111.934364	88.432122
181	183	184	95.230388	35.133843
183	184	185	99.445556	88.432122
183	184	186	111.717460	71.701721
185	184	186	113.400450	49.235182
184	186	187	93.991497	65.248566
186	187	188	111.739992	49.235182
186	187	189	124.722048	71.701721
188	187	189	111.147623	105.640535
187	189	190	97.640577	110.898662
189	190	191	98.574147	105.640535
189	190	192	119.173408	71.701721
191	190	192	113.573541	109.942639
190	192	193	95.153234	84.847036
192	193	194	98.267612	109.942639
192	193	195	113.871066	71.701721
194	193	195	115.456579	91.539197
193	195	196	93.071988	105.640535
195	196	197	103.855214	91.539197
195	196	198	121.232236	71.701721
197	196	198	113.821300	49.235182
196	198	199	95.107436	65.248566
198	199	200	107.529214	49.235182
198	199	201	116.034756	71.701721
200	199	201	112.207032	85.564054
199	201	202	95.306031	87.954111
201	202	203	112.799308	85.564054
201	202	204	118.653916	71.701721
203	202	204	118.273376	80.305927
202	204	205	92.657794	54.493308
204	205	206	103.138343	80.305927
204	205	207	121.501542	71.701721
206	205	207	111.009094	85.564054
205	207	208	97.475073	87.954111
207	208	209	97.806482	85.564054
207	208	210	113.758257	71.701721
209	208	210	113.389187	49.235182
208	210	211	94.003594	65.248566
210	211	212	111.727233	49.235182
210	211	213	122.318149	71.701721
212	211	213	110.097178	66.443595
211	213	214	97.931066	39.435946
213	214	215	112.654843	66.443595
213	214	216	121.516603	71.701721
215	214	216	114.661617	91.539197
214	216	217	94.975894	105.640535
216	217	218	108.060472	91.539197
216	217	219	117.454561	71.701721
218	217	219	111.928417	88.432122
217	219	220	95.228997	35.133843
219	220	221	99.437270	88.432122
219	220	222	119.311629	71.701721
221	220	222	113.573270	109.942639
220	222	223	95.155337	84.847036
222	223	224	98.264936	109.942639
222	223	225	113.861243	71.701721
224	223	225	115.454426	91.539197
223	225	226	93.067355	105.640535
225	226	227	103.853956	91.539197
225	226	228	122.531871	71.701721
227	226	228	112.057122	66.443595
226	228	229	98.907647	39.435946
228	229	230	103.510077	66.443595
228	229	231	120.448799	71.701721
230	229	231	113.819726	49.235182
229	231	232	95.110767	65.248566
231	232	233	107.533752	49.235182
231	232	234	116.037733	71.701721
233	232	234	112.202586	85.564054
232	234	235	95.307862	87.954111
234	235	236	112.801223	85.564054
234	235	237	118.658573	71.701721
236	235	237	118.266575	80.305927
235	237	238	92.667423	54.493308
237	238	239	103.132118	80.305927
237	238	240	121.503181	71.701721
239	238	240	111.005665	85.564054
238	240	241	97.474507	87.954111
240	241	242	97.808910	85.564054
240	241	243	113.752937	71.701721
242	241	243	113.393444	49.235182
241	243	244	93.996739	65.248566
243	244	245	111.730616	49.235182
243	244	246	123.938835	71.701721
245	244	246	114.663784	91.539197
244	246	247	94.973656	105.640535
246	247	248	108.064886	91.539197
246	247	249	120.823553	71.701721
248	247	249	113.877180	109.942639
247	249	250	94.786730	84.847036
249	250	251	108.830019	109.942639
249	250	252	112.875691	71.701721
251	250	252	114.228167	105.640535
250	252	253	94.461890	110.898662
252	253	254	105.064708	105.640535
252	253	255	119.058930	71.701721
254	253	255	113.823827	49.235182
253	255	256	95.105680	65.248566
255	256	257	107.531494	49.235182
255	256	258	119.637982	71.701721
257	256	258	111.929795	88.432122
256	258	259	95.226960	35.133843
258	259	260	99.449518	88.432122
258	259	261	111.710514	71.701721
260	259	261	113.390545	49.235182
259	261	262	94.005913	65.248566
261	262	263	111.724608	49.235182
261	262	264	120.402238	71.701721
263	262	264	118.264073	80.305927
262	264	265	92.667156	54.493308
264	265	266	103.135450	80.305927
264	265	267	120.784816	71.701721
266	265	267	112.053363	66.443595
265	267	268	98.905460	39.435946
267	268	269	103.512788	66.443595
267	268	270	122.446618	71.701721
269	268	270	111.008642	85.564054
268	270	271	97.471570	87.954111
270	271	272	97.810358	85.564054
270	271	273	121.395661	71.701721
272	271	273	113.572134	109.942639
271	273	274	95.152086	84.847036
273	274	275	98.264406	109.942639
273	274	276	121.087485	71.701721
275	274	276	113.579652	109.942639
274	276	277	95.145258	84.847036
276	277	278	98.272935	109.942639
276	277	279	121.090384	71.701721
278	277	279	113.573633	109.942639
277	279	280	95.149586	84.847036
279	280	281	98.265412	109.942639
279	280	282	113.473129	71.701721
281	280	282	113.391509	49.235182
280	282	283	93.998222	65.248566
282	283	284	111.732193	49.235182
282	283	285	123.931745	71.701721
284	283	285	114.664634	91.539197
283	285	286	94.978149	105.640535
285	286	287	108.054989	91.539197
285	286	288	117.464062	71.701721
287	286	288	111.937269	88.432122
286	288	289	95.222967	35.133843
288	289	290	99.446494	88.432122
288	289	291	111.710712	71.701721
290	289	291	113.389407	49.235182
289	291	292	93.998254	65.248566
291	292	293	111.731663	49.235182
291	292	294	122.319910	71.701721
293	292	294	110.097055	66.443595
292	294	295	97.931927	39.435946
294	295	296	112.655527	66.443595
294	295	297	121.508688	71.701721
296	295	297	114.665034	91.539197
295	297	298	94.973968	105.640535
297	298	299	108.063828	91.539197
297	298	300	113.817051	71.701721
299	298	300	112.201680	85.564054
298	300	301	95.305366	87.954111
300	301	302	112.795627	85.564054
300	301	303	118.654255	71.701721
302	301	303	118.270938	80.305927
301	303	304	92.666257	54.493308
303	304	305	103.130410	80.305927
303	304	306	119.551133	71.701721
305	304	306	113.822967	49.235182
304	306	307	95.105930	65.248566
306	307	308	107.533264	49.235182
306	307	309	116.031963	71.701721
308	307	309	112.199328	85.564054
307	309	310	95.305037	87.954111
309	310	311	112.796839	85.564054
309	310	312	122.924115	71.701721
311	310	312	111.143016	105.640535
310	312	313	97.638910	110.898662
312	313	314	98.574478	105.640535
312	313	315	119.172038	71.701721
314	313	315	113.575923	109.942639
313	315	316	95.145800	84.847036
315	316	317	98.273275	109.942639
315	316	318	121.087666	71.701721
317	316	318	113.571996	109.942639
316	318	319	95.150603	84.847036
318	319	320	98.264553	109.942639
318	319	321	113.861268	71.701721
320	319	321	115.452347	91.539197
319	321	322	93.072071	105.640535
321	322	323	103.851559	91.539197
321	322	324	122.534282	71.701721
323	322	324	112.053765	66.443595
322	324	325	98.906148	39.435946
324	325	326	103.509338	66.443595
324	325	327	120.441492	71.701721
326	325	327	113.821645	49.235182
325	327	328	95.109649	65.248566
327	328	329	107.532707	49.235182
327	328	330	122.877059	71.701721
329	328	330	113.878954	109.942639
328	330	331	94.783136	84.847036
330	331	332	108.828193	109.942639
330	331	333	120.692843	71.701721
332	331	333	113.884276	109.942639
331	333	334	94.782005	84.847036
333	334	335	108.832706	109.942639
333	334	336	117.428392	71.701721
335	334	336	111.928464	88.432122
334	336	337	95.224809	35.133843
336	337	338	99.444849	88.432122
336	337	339	117.225659	71.701721
338	337	339	113.985559	28.680688
337	339	340	94.882457	54.971319
339	340	341	108.417148	28.680688
339	340	342	114.675690	71.701721
341	340	342	114.226438	105.640535
340	342	343	94.465534	110.898662
342	343	344	105.070435	105.640535
342	343	345	119.064287	71.701721
344	343	345	113.821211	49.235182
343	345	346	95.105039	65.248566
345	346	347	107.535870	49.235182
345	346	348	115.078847	71.701721
347	346	348	114.225299	105.640535
346	348	349	94.471155	110.898662
348	349	350	105.058401	105.640535
348	349	351	121.112474	71.701721
350	349	351	111.013674	85.564054
349	351	352	97.473149	87.954111
351	352	353	97.808491	85.564054
351	352	354	121.399200	71.701721
353	352	354	113.571740	109.942639
352	354	355	95.154188	84.847036
354	355	356	98.271522	109.942639
354	355	357	121.087721	71.701721
356	355	357	113.579872	109.942639
355	357	358	95.146350	84.847036
357	358	359	98.267978	109.942639
357	358	360	121.089917	71.701721
359	358	360	113.574491	109.942639
358	360	361	95.148485	84.847036
360	361	362	98.265280	109.942639
360	361	363	113.469802	71.701721
362	361	363	113.398787	49.235182
361	363	364	93.992992	65.248566
363	364	365	111.732018	49.235182
363	364	366	122.316673	71.701721
365	364	366	110.096372	66.443595
364	366	367	97.930959	39.435946
366	367	368	112.655634	66.443595
366	367	369	122.162865	71.701721
368	367	369	111.139091	105.640535
367	369	370	97.648524	110.898662
369	370	371	98.572934	105.640535
369	370	372	117.090026	71.701721
371	370	372	113.987622	28.680688
370	372	373	94.888237	54.971319
372	373	374	108.415927	28.680688
372	373	375	115.648544	71.701721
374	373	375	112.202990	85.564054
373	375	376	95.303750	87.954111
375	376	377	112.792366	85.564054
375	376	378	122.928957	71.701721
377	376	378	111.144050	105.640535
376	378	379	97.644932	110.898662
378	379	380	98.575063	105.640535
378	379	381	117.093745	71.701721
380	379	381	113.981585	28.680688
379	381	382	94.887788	54.971319
381	382	383	108.416101	28.680688
381	382	384	119.217612	71.701721
383	382	384	111.931852	88.432122
382	384	385	95.228409	35.133843
384	385	386	99.444082	88.432122
384	385	387	112.081558	71.701721
386	385	387	115.455739	91.539197
385	387	388	93.068418	105.640535
387	388	389	103.851808	91.539197
387	388	390	123.286151	71.701721
389	388	390	111.007715	85.564054
388	390	391	97.476908	87.954111
390	391	392	97.809349	85.564054
390	391	393	113.761472	71.701721
392	391	393	113.394214	49.235182
391	393	394	94.006817	65.248566
393	394	395	111.724888	49.235182
393	394	396	120.402965	71.701721
395	394	396	118.263560	80.305927
394	396	397	92.671284	54.493308
396	397	398	103.137956	80.305927
396	397	399	119.551385	71.701721
398	397	399	113.824128	49.235182
397	399	400	95.106022	65.248566
399	400	401	107.533900	49.235182
399	400	402	116.028886	71.701721
401	400	402	112.203252	85.564054
400	402	403	95.300779	87.954111
402	403	404	112.796860	85.564054
402	403	405	120.484830	71.701721
404	403	405	110.105846	66.443595
403	405	406	97.931860	39.435946
405	406	407	112.652450	66.443595
405	406	408	122.164191	71.701721
407	406	408	111.147433	105.640535
406	408	409	97.643301	110.898662
408	409	410	98.579816	105.640535
408	409	411	111.507055	71.701721
410	409	411	113.392726	49.235182
409	411	412	94.003653	65.248566
411	412	413	111.736826	49.235182
411	412	414	123.942410	71.701721
413	412	414	114.655925	91.539197
412	414	415	94.975914	105.640535
414	415	416	108.066757	91.539197
414	415	417	117.459969	71.701721
416	415	417	111.933722	88.432122
415	417	418	95.225975	35.133843
417	418	419	99.445699	88.432122
417	418	420	119.307742	71.701721
419	418	420	113.571207	109.942639
418	420	421	95.156549	84.847036
420	421	422	98.269088	109.942639
420	421	423	113.860850	71.701721
422	421	423	115.455681	91.539197
421	423	424	93.069456	105.640535
423	424	425	103.850494	91.539197
423	424	426	123.285778	71.701721
425	424	426	111.007242	85.564054
424	426	427	97.478294	87.954111
426	427	428	97.808170	85.564054
426	427	429	114.160912	71.701721
428	427	429	115.457142	91.539197
427	429	430	93.072421	105.640535
429	430	431	103.848905	91.539197
429	430	432	122.533196	71.701721
431	430	432	112.058608	66.443595
430	432	433	98.903845	39.435946
432	433	434	103.508383	66.443595
432	433	435	120.443860	71.701721
434	433	435	113.820344	49.235182
433	435	436	95.108059	65.248566
435	436	437	107.538350	49.235182
435	436	438	119.640756	71.701721
437	436	438	111.927531	88.432122
436	438	439	95.234907	35.133843
438	439	440	99.442398	88.432122
438	439	441	111.716621	71.701721
440	439	441	113.390690	49.235182
439	441	442	93.999375	65.248566
441	442	443	111.730417	49.235182
441	442	444	122.314981	71.701721
443	442	444	110.100936	66.443595
442	444	445	97.929463	39.435946
444	445	446	112.652420	66.443595
444	445	447	118.016567	71.701721
446	445	447	118.275965	80.305927
445	447	448	92.659447	54.493308
447	448	449	103.131526	80.305927
447	448	450	113.679058	71.701721
449	448	450	116.083311	66.443595
448	450	451	92.238429	114.244742
450	451	452	110.593548	66.443595
450	451	453	122.935857	71.701721
452	451	453	110.099225	66.443595
451	453	454	97.930526	39.435946
453	454	455	112.654795	66.443595
453	454	456	118.014592	71.701721
455	454	456	118.270237	80.305927
454	456	457	92.654628	54.493308
456	457	458	103.139019	80.305927
456	457	459	120.779694	71.701721
458	457	459	112.053870	66.443595
457	459	460	98.902500	39.435946
459	460	461	103.509026	66.443595
459	460	462	120.439625	71.701721
461	460	462	113.821040	49.235182
460	462	463	95.108685	65.248566
462	463	464	107.529059	49.235182
462	463	465	116.035200	71.701721
464	463	465	112.198928	85.564054
463	465	466	95.309771	87.954111
465	466	467	112.792446	85.564054
465	466	468	122.925640	71.701721
467	466	468	111.149763	105.640535
466	468	469	97.637616	110.898662
468	469	470	98.578275	105.640535
468	469	471	117.090779	71.701721
470	469	471	113.983687	28.680688
469	471	472	94.886415	54.971319
471	472	473	108.414877	28.680688
471	472	474	114.674062	71.701721
473	472	474	114.220476	105.640535
472	474	475	94.463515	110.898662
474	475	476	105.066222	105.640535
474	475	477	121.096620	71.701721
476	475	477	111.006775	85.564054
475	477	478	97.475078	87.954111
477	478	479	97.805932	85.564054
477	478	480	121.395325	71.701721
479	478	480	113.582310	109.942639
478	480	481	95.144792	84.847036
480	481	482	98.269399	109.942639
480	481	483	119.008496	71.701721
482	481	483	113.983069	28.680688
481	483	484	94.880418	54.971319
483	484	485	108.415764	28.680688
483	484	486	114.669677	71.701721
485	484	486	114.229129	105.640535
484	486	487	94.463251	110.898662
486	487	488	105.068655	105.640535
486	487	489	119.065510	71.701721
488	487	489	113.826238	49.235182
487	489	490	95.107479	65.248566
489	490	491	107.534960	49.235182
489	490	492	119.638171	71.701721
491	490	492	111.925268	88.432122
490	492	493	95.233660	35.133843
492	493	494	99.447426	88.432122
492	493	495	111.713678	71.701721
494	493	495	113.396419	49.235182
493	495	496	93.994416	65.248566
495	496	497	111.729536	49.235182
495	496	498	120.389876	71.701721
497	496	498	118.269190	80.305927
496	498	499	92.659941	54.493308
498	499	500	103.137602	80.305927
498	499	501	119.546260	71.701721
500	499	501	113.823620	49.235182
499	501	502	95.106545	65.248566
501	502	503	107.532350	49.235182
501	502	504	115.079572	71.701721
503	502	504	114.226007	105.640535
502	504	505	94.461085	110.898662
504	505	506	105.063010	105.640535
504	505	507	119.057476	71.701721
506	505	507	113.821796	49.235182
505	507	508	95.106501	65.248566
507	508	509	107.532891	49.235182
507	508	510	116.036593	71.701721
509	508	510	112.200924	85.564054
508	510	511	95.305004	87.954111
510	511	512	112.797176	85.564054
510	511	513	120.483719	71.701721
512	511	513	110.103127	66.443595
511	513	514	97.924160	39.435946
513	514	515	112.651771	66.443595
513	514	516	121.507915	71.701721
515	514	516	114.666200	91.539197
514	516	517	94.969550	105.640535
516	517	518	108.062302	91.539197
516	517	519	117.457454	71.701721
518	517	519	111.931781	88.432122
517	519	520	95.234481	35.133843
519	520	521	99.439965	88.432122
519	520	522	111.716325	71.701721
521	520	522	113.393334	49.235182
520	522	523	94.000742	65.248566
522	523	524	111.729372	49.235182
522	523	525	124.730768	71.701721
524	523	525	111.144707	105.640535
523	525	526	97.638909	110.898662
525	526	527	98.576456	105.640535
525	526	528	117.087339	71.701721
527	526	528	113.988621	28.680688
526	528	529	94.881310	54.971319
528	529	530	108.421569	28.680688
528	529	531	122.373956	71.701721
530	529	531	113.876091	109.942639
529	531	532	94.782873	84.847036
531	532	533	108.832845	109.942639
531	532	534	112.869414	71.701721
533	532	534	114.227503	105.640535
532	534	535	94.463653	110.898662
534	535	536	105.063212	105.640535
534	535	537	120.359663	71.701721
536	535	537	112.052416	66.443595
535	537	538	98.906089	39.435946
537	538	539	103.505704	66.443595
537	538	540	122.443502	71.701721
539	538	540	111.006047	85.564054
538	540	541	97.475655	87.954111
540	541	542	97.809294	85.564054
540	541	543	113.756515	71.701721
542	541	543	113.397441	49.235182
541	543	544	94.003309	65.248566
543	544	545	111.726467	49.235182
543	544	546	120.402376	71.701721
545	544	546	118.267310	80.305927
544	546	547	92.664576	54.493308
546	547	548	103.137989	80.305927
546	547	549	119.546526	71.701721
548	547	549	113.817863	49.235182
547	549	550	95.106973	65.248566
549	550	551	107.533712	49.235182
549	550	552	116.031176	71.701721
551	550	552	112.199121	85.564054
550	552	553	95.305122	87.954111
552	553	554	112.797480	85.564054
552	553	555	122.182063	71.701721
554	553	555	114.659777	91.539197
553	555	556	94.982040	105.640535
555	556	557	108.058700	91.539197
555	556	558	117.467545	71.701721
557	556	558	111.936144	88.432122
556	558	559	95.229725	35.133843
558	559	560	99.443603	88.432122
558	559	561	117.236543	71.701721
560	559	561	113.977643	28.680688
559	561	562	94.886910	54.971319
561	562	563	108.412362	28.680688
561	562	564	114.668441	71.701721
563	562	564	114.220572	105.640535
562	564	565	94.461165	110.898662
564	565	566	105.061078	105.640535
564	565	567	121.099810	71.701721
566	565	567	111.003503	85.564054
565	567	568	97.473369	87.954111
567	568	569	97.809990	85.564054
567	568	570	119.308636	71.701721
569	568	570	113.985334	28.680688
568	570	571	94.881202	54.971319
570	571	572	108.414598	28.680688
570	571	573	114.668677	71.701721
572	571	573	114.222341	105.640535
571	573	574	94.458392	110.898662
573	574	575	105.065449	105.640535
573	574	576	120.348956	71.701721
575	574	576	112.056286	66.443595
574	576	577	98.906515	39.435946
576	577	578	103.512602	66.443595
576	577	579	120.445116	71.701721
578	577	579	113.823511	49.235182
577	579	580	95.110918	65.248566
579	580	581	107.527624	49.235182
579	580	582	122.875500	71.701721
581	580	582	113.880234	109.942639
580	582	583	94.779451	84.847036
582	583	584	108.827002	109.942639
582	583	585	120.689347	71.701721
584	583	585	113.870557	109.942639
583	585	586	94.782315	84.847036
585	586	587	108.824093	109.942639
585	586	588	120.684785	71.701721
587	586	588	113.880067	109.942639
586	588	589	94.785307	84.847036
588	589	590	108.827657	109.942639
588	589	591	113.827732	71.701721
590	589	591	112.201869	85.564054
589	591	592	95.307182	87.954111
591	592	593	112.797429	85.564054
591	592	594	122.932640	71.701721
593	592	594	111.142933	105.640535
592	594	595	97.645681	110.898662
594	595	596	98.575173	105.640535
594	595	597	111.498391	71.701721
596	595	597	113.398726	49.235182
595	597	598	93.997267	65.248566
597	598	599	111.730279	49.235182
597	598	600	124.736043	71.701721
599	598	600	111.145885	105.640535
598	600	601	97.639897	110.898662
600	601	602	98.583129	105.640535
600	601	603	117.085624	71.701721
602	601	603	113.985548	28.680688
601	603	604	94.883108	54.971319
603	604	605	108.412312	28.680688
603	604	606	119.216664	71.701721
605	604	606	111.931276	88.432122
604	606	607	95.232851	35.133843
606	607	608	99.445644	88.432122
606	607	609	119.315050	71.701721
608	607	609	113.578055	109.942639
607	609	610	95.156143	84.847036
609	610	611	98.264114	109.942639
609	610	612	121.094763	71.701721
611	610	612	113.576461	109.942639
610	612	613	95.148237	84.847036
612	613	614	98.268516	109.942639
612	613	615	113.468108	71.701721
614	613	615	113.398147	49.235182
613	615	616	93.996554	65.248566
615	616	617	111.733855	49.235182
615	616	618	122.317787	71.701721
617	616	618	110.104492	66.443595
616	618	619	97.924821	39.435946
618	619	620	112.653434	66.443595
618	619	621	121.507276	71.701721
620	619	621	114.666465	91.539197
619	621	622	94.965968	105.640535
621	622	623	108.065405	91.539197
621	622	624	120.814664	71.701721
623	622	624	113.874028	109.942639
622	624	625	94.781247	84.847036
624	625	626	108.828390	109.942639
624	625	627	120.688243	71.701721
626	625	627	113.874405	109.942639
625	627	628	94.787790	84.847036
627	628	629	108.818127	109.942639
627	628	630	112.871838	71.701721
629	628	630	114.223698	105.640535
628	630	631	94.459735	110.898662
630	631	632	105.070170	105.640535
630	631	633	121.098776	71.701721
632	631	633	111.012817	85.564054
631	633	634	97.470724	87.954111
633	634	635	97.811184	85.564054
633	634	636	113.754331	71.701721
635	634	636	113.394523	49.235182
634	636	637	93.992658	65.248566
636	637	638	111.737038	49.235182
636	637	639	120.388582	71.701721
638	637	639	118.268937	80.305927
637	639	640	92.663677	54.493308
639	640	641	103.134913	80.305927
639	640	642	121.503977	71.701721
641	640	642	111.012090	85.564054
640	642	643	97.474717	87.954111
642	643	644	97.810733	85.564054
642	643	645	114.152712	71.701721
644	643	645	115.454949	91.539197
643	645	646	93.059134	105.640535
645	646	647	103.849432	91.539197
645	646	648	122.528274	71.701721
647	646	648	112.052181	66.443595
646	648	649	98.911050	39.435946
648	649	650	103.508480	66.443595
648	649	651	120.444187	71.701721
650	649	651	113.823439	49.235182
649	651	652	95.107839	65.248566
651	652	653	107.527328	49.235182
651	652	654	119.636577	71.701721
653	652	654	111.929469	88.432122
652	654	655	95.230066	35.133843
654	655	656	99.441674	88.432122
654	655	657	112.088080	71.701721
656	655	657	115.454503	91.539197
655	657	658	93.072783	105.640535
657	658	659	103.853009	91.539197
657	658	660	121.237743	71.701721
659	658	660	113.818552	49.235182
658	660	661	95.109821	65.248566
660	661	662	107.535866	49.235182
660	661	663	122.877001	71.701721
662	661	663	113.874832	109.942639
661	663	664	94.785625	84.847036
663	664	665	108.821516	109.942639
663	664	666	120.692875	71.701721
665	664	666	113.877247	109.942639
664	666	667	94.778618	84.847036
666	667	668	108.835451	109.942639
666	667	669	120.680541	71.701721
668	667	669	113.877838	109.942639
667	669	670	94.782902	84.847036
669	670	671	108.826097	109.942639
669	670	672	113.831457	71.701721
671	670	672	112.194408	85.564054
670	672	673	95.315151	87.954111
672	673	674	112.799562	85.564054
672	673	675	120.491493	71.701721
674	673	675	110.099158	66.443595
673	675	676	97.929879	39.435946
675	676	677	112.651861	66.443595
675	676	678	118.013089	71.701721
677	676	678	118.271257	80.305927
676	678	679	92.660787	54.493308
678	679	680	103.137062	80.305927
678	679	681	119.546521	71.701721
680	679	681	113.826055	49.235182
679	681	682	95.111952	65.248566
681	682	683	107.526724	49.235182
681	682	684	119.643455	71.701721
683	682	684	111.927110	88.432122
682	684	685	95.231771	35.133843
684	685	686	99.441721	88.432122
684	685	687	111.712702	71.701721
686	685	687	113.399243	49.235182
685	687	688	94.004046	65.248566
687	688	689	111.724578	49.235182
687	688	690	124.740599	71.701721
689	688	690	111.145495	105.640535
688	690	691	97.644351	110.898662
690	691	692	98.582519	105.640535
690	691	693	119.179066	71.701721
692	691	693	113.579530	109.942639
691	693	694	95.146399	84.847036
693	694	695	98.273002	109.942639
693	694	696	113.856956	71.701721
695	694	696	115.448769	91.539197
694	696	697	93.068313	105.640535
696	697	698	103.851145	91.539197
696	697	699	121.234903	71.701721
698	697	699	113.819786	49.235182
697	699	700	95.105614	65.248566
699	700	701	107.534916	49.235182
699	700	702	116.026129	71.701721
701	700	702	112.199060	85.564054
700	702	703	95.301869	87.954111
702	703	704	112.792326	85.564054
702	703	705	118.656596	71.701721
704	703	705	118.266299	80.305927
703	705	706	92.669351	54.493308
705	706	707	103.135859	80.305927
705	706	708	121.510120	71.701721
707	706	708	111.008270	85.564054
706	708	709	97.478272	87.954111
708	709	710	97.808210	85.564054
708	709	711	113.757454	71.701721
710	709	711	113.395509	49.235182
709	711	712	94.003665	65.248566
711	712	713	111.728373	49.235182
711	712	714	122.320290	71.701721
713	712	714	110.102764	66.443595
712	714	715	97.926037	39.435946
714	715	716	112.652428	66.443595
714	715	717	121.507658	71.701721
716	715	717	114.667438	91.539197
715	717	718	94.975925	105.640535
717	718	719	108.056758	91.539197
717	718	720	117.466452	71.701721
719	718	720	111.928074	88.432122
718	720	721	95.234034	35.133843
720	721	722	99.436429	88.432122
720	721	723	119.306806	71.701721
722	721	723	113.576448	109.942639
721	723	724	95.149425	84.847036
723	724	725	98.268780	109.942639
723	724	726	113.860643	71.701721
725	724	726	115.457568	91.539197
724	726	727	93.070421	105.640535
726	727	728	103.849243	91.539197
726	727	729	122.528063	71.701721
728	727	729	112.063895	66.443595
727	729	730	98.897884	39.435946
729	730	731	103.504452	66.443595
729	730	732	120.443400	71.701721
731	730	732	113.826491	49.235182
730	732	733	95.105563	65.248566
732	733	734	107.532950	49.235182
732	733	735	116.030522	71.701721
734	733	735	112.203229	85.564054
733	735	736	95.306637	87.954111
735	736	737	112.797068	85.564054
735	736	738	118.657910	71.701721
737	736	738	118.270638	80.305927
736	738	739	92.664533	54.493308
738	739	740	103.130034	80.305927
738	739	741	121.502371	71.701721
740	739	741	111.011219	85.564054
739	741	742	97.468811	87.954111
741	742	743	97.807080	85.564054
741	742	744	113.747368	71.701721
743	742	744	113.393574	49.235182
742	744	745	93.994907	65.248566
744	745	746	111.732133	49.235182
744	745	747	123.928032	71.701721
746	745	747	114.672040	91.539197
745	747	748	94.964177	105.640535
747	748	749	108.059592	91.539197
747	748	750	120.814313	71.701721
749	748	750	113.880684	109.942639
748	750	751	94.784905	84.847036
750	751	752	108.826674	109.942639
750	751	753	112.882755	71.701721
752	751	753	114.224016	105.640535
751	753	754	94.464517	110.898662
753	754	755	105.068093	105.640535
753	754	756	119.056135	71.701721
755	754	756	113.824618	49.235182
754	756	757	95.110025	65.248566
756	757	758	107.525409	49.235182
756	757	759	119.638010	71.701721
758	757	759	111.932937	88.432122
757	759	760	95.229157	35.133843
759	760	761	99.438382	88.432122
759	760	762	111.712499	71.701721
761	760	762	113.399093	49.235182
760	762	763	94.000058	65.248566
762	763	764	111.727981	49.235182
762	763	765	120.396059	71.701721
764	763	765	118.271624	80.305927
763	765	766	92.666223	54.493308
765	766	767	103.130410	80.305927
765	766	768	120.788671	71.701721
767	766	768	112.058830	66.443595
766	768	769	98.902690	39.435946
768	769	770	103.505629	66.443595
768	769	771	122.444390	71.701721
770	769	771	111.010365	85.564054
769	771	772	97.476298	87.954111
771	772	773	97.805759	85.564054
771	772	774	121.401853	71.701721
773	772	774	113.569841	109.942639
772	774	775	95.155578	84.847036
774	775	776	98.273632	109.942639
774	775	777	121.095253	71.701721
776	775	777	113.575594	109.942639
775	777	778	95.149077	84.847036
777	778	779	98.269070	109.942639
777	778	780	121.086899	71.701721
779	778	780	113.575259	109.942639
778	780	781	95.146967	84.847036
780	781	782	98.271871	109.942639
780	781	783	113.472878	71.701721
782	781	783	113.396335	49.235182
781	783	784	94.002015	65.248566
783	784	785	111.728576	49.235182
783	784	786	123.940848	71.701721
785	784	786	114.664289	91.539197
784	786	787	94.978616	105.640535
786	787	788	108.061700	91.539197
786	787	789	117.466929	71.701721
788	787	789	111.935871	88.432122
787	789	790	95.228490	35.133843
789	790	791	99.445707	88.432122
789	790	792	111.715789	71.701721
791	790	792	113.393895	49.235182
790	792	793	94.003178	65.248566
792	793	794	111.734637	49.235182
792	793	795	122.320174	71.701721
794	793	795	110.103590	66.443595
793	795	796	97.926557	39.435946
795	796	797	112.659334	66.443595
795	796	798	121.509284	71.701721
797	796	798	114.666861	91.539197
796	798	799	94.971134	105.640535
798	799	800	108.062248	91.539197
798	799	801	113.813955	71.701721
800	799	801	112.198472	85.564054
799	801	802	95.307518	87.954111
801	802	803	112.797936	85.564054
801	802	804	118.660833	71.701721
803	802	804	118.261462	80.305927
802	804	805	92.673191	54.493308
804	805	806	103.135944	80.305927
804	805	807	119.551980	71.701721
806	805	807	113.825900	49.235182
805	807	808	95.110024	65.248566
807	808	809	107.530245	49.235182
807	808	810	116.042278	71.701721
809	808	810	112.200774	85.564054
808	810	811	95.315709	87.954111
810	811	812	112.800614	85.564054
810	811	813	122.934822	71.701721
812	811	813	111.145417	105.640535
811	813	814	97.639116	110.898662
813	814	815	98.573506	105.640535
813	814	816	119.170689	71.701721
815	814	816	113.573321	109.942639
814	816	817	95.151699	84.847036
816	817	818	98.268834	109.942639
816	817	819	121.095413	71.701721
818	817	819	113.568673	109.942639
817	819	820	95.152107	84.847036
819	820	821	98.269614	109.942639
819	820	822	113.856191	71.701721
821	820	822	115.454968	91.539197
820	822	823	93.068144	105.640535
822	823	824	103.849331	91.539197
822	823	825	122.539850	71.701721
824	823	825	112.057794	66.443595
823	825	826	98.907231	39.435946
825	826	827	103.517505	66.443595
825	826	828	120.439148	71.701721
827	826	828	113.817689	49.235182
826	828	829	95.108222	65.248566
828	829	830	107.530662	49.235182
828	829	831	122.876365	71.701721
830	829	831	113.879812	109.942639
829	831	832	94.778238	84.847036
831	832	833	108.837217	109.942639
831	832	834	120.682181	71.701721
833	832	834	113.875555	109.942639
832	834	835	94.778338	84.847036
834	835	836	108.823312	109.942639
834	835	837	117.430198	71.701721
836	835	837	111.931891	88.432122
835	837	838	95.231673	35.133843
837	838	839	99.446233	88.432122
837	838	840	117.231116	71.701721
839	838	840	113.985565	28.680688
838	840	841	94.888783	54.971319
840	841	842	108.408404	28.680688
840	841	843	114.679194	71.701721
842	841	843	114.217862	105.640535
841	843	844	94.462000	110.898662
843	844	845	105.072321	105.640535
843	844	846	119.052517	71.701721
845	844	846	113.823836	49.235182
844	846	847	95.102902	65.248566
846	847	848	107.529842	49.235182
846	847	849	115.082044	71.701721
848	847	849	114.223100	105.640535
847	849	850	94.464527	110.898662
849	850	851	105.066022	105.640535
849	850	852	121.104511	71.701721
851	850	852	111.001632	85.564054
850	852	853	97.480497	87.954111
852	853	854	97.806835	85.564054
852	853	855	121.403498	71.701721
854	853	855	113.578750	109.942639
853	855	856	95.151235	84.847036
855	856	857	98.270816	109.942639
855	856	858	121.089124	71.701721
857	856	858	113.574678	109.942639
856	858	859	95.153937	84.847036
858	859	860	98.265548	109.942639
858	859	861	121.098382	71.701721
860	859	861	113.575961	109.942639
859	861	862	95.152825	84.847036
861	862	863	98.266349	109.942639
861	862	864	113.474622	71.701721
863	862	864	113.395532	49.235182
862	864	865	93.992290	65.248566
864	865	866	111.740926	49.235182
864	865	867	122.310756	71.701721
866	865	867	110.104692	66.443595
865	867	868	97.923215	39.435946
867	868	869	112.653816	66.443595
867	868	870	122.155280	71.701721
869	868	870	111.147509	105.640535
868	870	871	97.641148	110.898662
870	871	872	98.579040	105.640535
870	871	873	117.085256	71.701721
872	871	873	113.982643	28.680688
871	873	874	94.883868	54.971319
873	874	875	108.412835	28.680688
873	874	876	115.652167	71.701721
875	874	876	112.197785	85.564054
874	876	877	95.309434	87.954111
876	877	878	112.795895	85.564054
876	877	879	122.927864	71.701721
878	877	879	111.146107	105.640535
877	879	880	97.639718	110.898662
879	880	881	98.577247	105.640535
879	880	882	117.087848	71.701721
881	880	882	113.977293	28.680688
880	882	883	94.885595	54.971319
882	883	884	108.418039	28.680688
882	883	885	119.215299	71.701721
884	883	885	111.931548	88.432122
883	885	886	95.232514	35.133843
885	886	887	99.439875	88.432122
885	886	888	112.083980	71.701721
887	886	888	115.458739	91.539197
886	888	889	93.063530	105.640535
888	889	890	103.856460	91.539197
888	889	891	123.283200	71.701721
890	889	891	111.002927	85.564054
889	891	892	97.476789	87.954111
891	892	893	97.804827	85.564054
891	892	894	113.753484	71.701721
893	892	894	113.396050	49.235182
892	894	895	93.999929	65.248566
894	895	896	111.732625	49.235182
894	895	897	120.403631	71.701721
896	895	897	118.263390	80.305927
895	897	898	92.673093	54.493308
897	898	899	103.135179	80.305927
897	898	900	119.556105	71.701721
899	898	900	113.817636	49.235182
898	900	901	95.113726	65.248566
900	901	902	107.533179	49.235182
900	901	903	116.039638	71.701721
902	901	903	112.200930	85.564054
901	903	904	95.310391	87.954111
903	904	905	112.797312	85.564054
903	904	906	120.489635	71.701721
905	904	906	110.103544	66.443595
904	906	907	97.930554	39.435946
906	907	908	112.649165	66.443595
906	907	909	122.160534	71.701721
908	907	909	111.144573	105.640535
907	909	910	97.646078	110.898662
909	910	911	98.578534	105.640535
909	910	912	111.503518	71.701721
911	910	912	113.398777	49.235182
910	912	913	93.998423	65.248566
912	913	914	111.730976	49.235182
912	913	915	123.935104	71.701721
914	913	915	114.665995	91.539197
913	915	916	94.972680	105.640535
915	916	917	108.055847	91.539197
915	916	918	117.454632	71.701721
917	916	918	111.941851	88.432122
916	918	919	95.223336	35.133843
918	919	920	99.442503	88.432122
918	919	921	119.307527	71.701721
920	919	921	113.573111	109.942639
919	921	922	95.149275	84.847036
921	922	923	98.267519	109.942639
921	922	924	113.860749	71.701721
923	922	924	115.459835	91.539197
922	924	925	93.070743	105.640535
924	925	926	103.853696	91.539197
924	925	927	123.289458	71.701721
926	925	927	111.005029	85.564054
925	927	928	97.483211	87.954111
927	928	929	97.805786	85.564054
927	928	930	114.162276	71.701721
929	928	930	115.461526	91.539197
928	930	931	93.065536	105.640535
930	931	932	103.854310	91.539197
930	931	933	122.526667	71.701721
932	931	933	112.064092	66.443595
931	933	934	98.897342	39.435946
933	934	935	103.506175	66.443595
933	934	936	120.438177	71.701721
935	934	936	113.817749	49.235182
934	936	937	95.111043	65.248566
936	937	938	107.532696	49.235182
936	937	939	116.041600	71.701721
938	937	939	112.202843	85.564054
937	939	940	95.305554	87.954111
939	940	941	112.803868	85.564054
943	942	944	111.003740	85.564054
942	944	945	97.480449	87.954111
944	945	946	97.807581	85.564054
944	945	947	113.751539	71.701721
946	945	947	113.403029	49.235182
945	947	948	93.986858	65.248566
947	948	949	111.734679	49.235182
947	948	950	122.308016	71.701721
949	948	950	110.100086	66.443595
948	950	951	97.919789	39.435946
950	951	952	112.653681	66.443595
950	951	953	121.504112	71.701721
952	951	953	114.665851	91.539197
951	953	954	94.970866	105.640535
953	954	955	108.067871	91.539197
953	954	956	113.816718	71.701721
955	954	956	112.203180	85.564054
954	956	957	95.304008	87.954111
956	957	958	112.792641	85.564054
956	957	959	122.176363	71.701721
958	957	959	114.663135	91.539197
957	959	960	94.969719	105.640535
959	960	961	108.064935	91.539197
959	960	962	120.787858	71.701721
961	960	962	113.835585	109.942639
960	962	963	94.827938	84.847036
962	963	964	108.824202	109.942639
962	963	965	117.451364	71.701721
964	963	965	111.926754	88.432122
963	965	966	95.239317	35.133843
965	966	967	99.439192	88.432122
965	966	968	112.088070	71.701721
967	966	968	115.459841	91.539197
966	968	969	93.063906	105.640535
968	969	970	103.853648	91.539197
968	969	971	121.229088	71.701721
970	969	971	113.821520	49.235182
969	971	972	95.109510	65.248566
971	972	973	107.531364	49.235182
971	972	974	115.085787	71.701721
973	972	974	114.226747	105.640535
972	974	975	94.460251	110.898662
974	975	976	105.061886	105.640535
974	975	977	120.354141	71.701721
976	975	977	112.055947	66.443595
975	977	978	98.907004	39.435946
977	978	979	103.517472	66.443595
977	978	980	122.448923	71.701721
979	978	980	111.009420	85.564054
978	980	981	97.474834	87.954111
980	981	982	97.805802	85.564054
980	981	983	113.754160	71.701721
982	981	983	113.396752	49.235182
981	983	984	93.993606	65.248566
983	984	985	111.735009	49.235182
983	984	986	120.385770	71.701721
985	984	986	118.271046	80.305927
984	986	987	92.664053	54.493308
986	987	988	103.131897	80.305927
986	987	989	119.554699	71.701721
988	987	989	113.817047	49.235182
987	989	990	95.111140	65.248566
989	990	991	107.527550	49.235182
989	990	992	116.031193	71.701721
991	990	992	112.196421	85.564054
990	992	993	95.313263	87.954111
992	993	994	112.793300	85.564054
992	993	995	122.191815	71.701721
994	993	995	114.659123	91.539197
993	995	996	94.984855	105.640535
995	996	997	108.058472	91.539197
995	996	998	117.470348	71.701721
997	996	998	111.933918	88.432122
996	998	999	95.231379	35.133843
998	999	1000	99.442456	88.432122
998	999	1001	117.230238	71.701721
1000	999	1001	113.985399	28.680688
999	1001	1002	94.882665	54.971319
1001	1002	1003	108.416441	28.680688
1001	1002	1004	114.672016	71.701721
1003	1002	1004	114.225296	105.640535
1002	1004	1005	94.456338	110.898662
1004	1005	1006	105.068485	105.640535
1004	1005	1007	121.092739	71.701721
1006	1005	1007	111.015746	85.564054
1005	1007	1008	97.467074	87.954111
1007	1008	1009	97.809112	85.564054
1007	1008	1010	119.310380	71.701721
1009	1008	1010	113.980659	28.680688
1008	1010	1011	94.885285	54.971319
1010	1011	1012	108.414367	28.680688
1010	1011	1013	114.675355	71.701721
1012	1011	1013	114.223089	105.640535
1011	1013	1014	94.460063	110.898662
1013	1014	1015	105.068352	105.640535
1013	1014	1016	120.353676	71.701721
1015	1014	1016	112.049151	66.443595
1014	1016	1017	98.915628	39.435946
1016	1017	1018	103.506646	66.443595
1016	1017	1019	120.448618	71.701721
1018	1017	1019	113.819416	49.235182
1017	1019	1020	95.108341	65.248566
1019	1020	1021	107.536513	49.235182
1019	1020	1022	122.852986	71.701721
1021	1020	1022	113.823847	109.942639
1020	1022	1023	94.833383	84.847036
1022	1023	1024	108.821887	109.942639
1022	1023	1025	120.679113	71.701721
1024	1023	1025	113.829841	109.942639
1023	1025	1026	94.831223	84.847036
1025	1026	1027	108.822405	109.942639
1025	1026	1028	120.676978	71.701721
1027	1026	1028	113.828743	109.942639
1026	1028	1029	94.828052	84.847036
1028	1029	1030	108.822054	109.942639
1028	1029	1031	113.835963	71.701721
1030	1029	1031	112.200312	85.564054
1029	1031	1032	95.304098	87.954111
1031	1032	1033	112.797912	85.564054
1031	1032	1034	122.927908	71.701721
1033	1032	1034	111.142882	105.640535
1032	1034	1035	97.638856	110.898662
1034	1035	1036	98.579367	105.640535
1034	1035	1037	111.498019	71.701721
1036	1035	1037	113.395667	49.235182
1035	1037	1038	93.995914	65.248566
1037	1038	1039	111.733097	49.235182
1037	1038	1040	124.732215	71.701721
1039	1038	1040	111.144075	105.640535
1038	1040	1041	97.645728	110.898662
1040	1041	1042	98.579178	105.640535
1040	1041	1043	117.089085	71.701721
1042	1041	1043	113.983861	28.680688
1041	1043	1044	94.886608	54.971319
1043	1044	1045	108.411391	28.680688
1043	1044	1046	119.222180	71.701721
1045	1044	1046	111.933771	88.432122
1044	1046	1047	95.234150	35.133843
1046	1047	1048	99.447308	88.432122
1046	1047	1049	119.339236	71.701721
1048	1047	1049	113.625828	109.942639
1047	1049	1050	95.104765	84.847036
1049	1050	1051	98.272000	109.942639
1049	1050	1052	121.104199	71.701721
1051	1050	1052	113.633468	109.942639
1050	1052	1053	95.101471	84.847036
1052	1053	1054	98.274689	109.942639
1052	1053	1055	113.454468	71.701721
1054	1053	1055	113.393452	49.235182
1053	1055	1056	93.995805	65.248566
1055	1056	1057	111.732254	49.235182
1055	1056	1058	122.313994	71.701721
1057	1056	1058	110.102666	66.443595
1056	1058	1059	97.927063	39.435946
1058	1059	1060	112.650708	66.443595
1058	1059	1061	121.515823	71.701721
1060	1059	1061	114.661579	91.539197
1059	1061	1062	94.974306	105.640535
1061	1062	1063	108.063609	91.539197
1061	1062	1064	120.789570	71.701721
1063	1062	1064	113.836504	109.942639
1062	1064	1065	94.822973	84.847036
1064	1065	1066	108.828221	109.942639
1064	1065	1067	120.674770	71.701721
1066	1065	1067	113.828372	109.942639
1065	1067	1068	94.830468	84.847036
1067	1068	1069	108.821717	109.942639
1067	1068	1070	112.888494	71.701721
1069	1068	1070	114.229293	105.640535
1068	1070	1071	94.455002	110.898662
1070	1071	1072	105.072143	105.640535
1070	1071	1073	121.096693	71.701721
1072	1071	1073	111.003850	85.564054
1071	1073	1074	97.474695	87.954111
1073	1074	1075	97.812351	85.564054
1073	1074	1076	113.755344	71.701721
1075	1074	1076	113.393018	49.235182
1074	1076	1077	93.996426	65.248566
1076	1077	1078	111.725626	49.235182
1076	1077	1079	120.391870	71.701721
1078	1077	1079	118.267680	80.305927
1077	1079	1080	92.660229	54.493308
1079	1080	1081	103.137186	80.305927
1079	1080	1082	121.498513	71.701721
1081	1080	1082	111.003157	85.564054
1080	1082	1083	97.473897	87.954111
1082	1083	1084	97.804084	85.564054
1082	1083	1085	114.150195	71.701721
1084	1083	1085	115.453965	91.539197
1083	1085	1086	93.061099	105.640535
1085	1086	1087	103.860758	91.539197
1085	1086	1088	122.528045	71.701721
1087	1086	1088	112.056439	66.443595
1086	1088	1089	98.908896	39.435946
1088	1089	1090	103.503127	66.443595
1088	1089	1091	120.446109	71.701721
1090	1089	1091	113.829106	49.235182
1089	1091	1092	95.107470	65.248566
1091	1092	1093	107.532928	49.235182
1091	1092	1094	119.642981	71.701721
1093	1092	1094	111.931070	88.432122
1092	1094	1095	95.235757	35.133843
1094	1095	1096	99.437679	88.432122
1094	1095	1097	112.083339	71.701721
1096	1095	1097	115.459163	91.539197
1095	1097	1098	93.064120	105.640535
1097	1098	1099	103.851732	91.539197
1097	1098	1100	121.233397	71.701721
1099	1098	1100	113.816565	49.235182
1098	1100	1101	95.111576	65.248566
1100	1101	1102	107.529017	49.235182
1100	1101	1103	122.853751	71.701721
1102	1101	1103	113.828810	109.942639
1101	1103	1104	94.834579	84.847036
1103	1104	1105	108.819845	109.942639
1103	1104	1106	120.686109	71.701721
1105	1104	1106	113.829404	109.942639
1104	1106	1107	94.834342	84.847036
1106	1107	1108	108.825394	109.942639
1106	1107	1109	120.681147	71.701721
1108	1107	1109	113.833890	109.942639
1107	1109	1110	94.828725	84.847036
1109	1110	1111	108.818382	109.942639
1109	1110	1112	113.835423	71.701721
1111	1110	1112	112.203203	85.564054
1110	1112	1113	95.304068	87.954111
1112	1113	1114	112.797908	85.564054
1112	1113	1115	120.493434	71.701721
1114	1113	1115	110.093853	66.443595
1113	1115	1116	97.936772	39.435946
1115	1116	1117	112.655946	66.443595
1115	1116	1118	118.025873	71.701721
1117	1116	1118	118.258981	80.305927
1116	1118	1119	92.672148	54.493308
1118	1119	1120	103.135817	80.305927
1118	1119	1121	119.548706	71.701721
1120	1119	1121	113.823395	49.235182
1119	1121	1122	95.106640	65.248566
1121	1122	1123	107.534192	49.235182
1121	1122	1124	119.638603	71.701721
1123	1122	1124	111.932206	88.432122
1122	1124	1125	95.228706	35.133843
1124	1125	1126	99.444924	88.432122
1124	1125	1127	111.713168	71.701721
1126	1125	1127	113.394877	49.235182
1125	1127	1128	94.004934	65.248566
1127	1128	1129	111.726266	49.235182
1127	1128	1130	124.729620	71.701721
1129	1128	1130	111.151024	105.640535
1128	1130	1131	97.635286	110.898662
1130	1131	1132	98.575977	105.640535
1130	1131	1133	119.195780	71.701721
1132	1131	1133	113.627605	109.942639
1131	1133	1134	95.096819	84.847036
1133	1134	1135	98.275215	109.942639
1133	1134	1136	113.839489	71.701721
1135	1134	1136	115.458717	91.539197
1134	1136	1137	93.065787	105.640535
1136	1137	1138	103.853182	91.539197
1136	1137	1139	121.235647	71.701721
1138	1137	1139	113.818069	49.235182
1137	1139	1140	95.110238	65.248566
1139	1140	1141	107.532297	49.235182
1139	1140	1142	116.030771	71.701721
1141	1140	1142	112.201084	85.564054
1140	1142	1143	95.303085	87.954111
1142	1143	1144	112.798005	85.564054
1142	1143	1145	118.651837	71.701721
1144	1143	1145	118.272687	80.305927
1143	1145	1146	92.658019	54.493308
1145	1146	1147	103.135398	80.305927
1145	1146	1148	121.498801	71.701721
1147	1146	1148	111.010747	85.564054
1146	1148	1149	97.472546	87.954111
1148	1149	1150	97.805484	85.564054
1148	1149	1151	113.757061	71.701721
1150	1149	1151	113.394645	49.235182
1149	1151	1152	93.994994	65.248566
1151	1152	1153	111.738886	49.235182
1151	1152	1154	122.316111	71.701721
1153	1152	1154	110.094910	66.443595
1152	1154	1155	97.928031	39.435946
1154	1155	1156	112.655350	66.443595
1154	1155	1157	121.505070	71.701721
1156	1155	1157	114.665027	91.539197
1155	1157	1158	94.965065	105.640535
1157	1158	1159	108.069262	91.539197
1157	1158	1160	120.787361	71.701721
1159	1158	1160	113.829450	109.942639
1158	1160	1161	94.825723	84.847036
1160	1161	1162	108.829303	109.942639
1160	1161	1163	117.437096	71.701721
1162	1161	1163	111.936966	88.432122
1161	1163	1164	95.226289	35.133843
1163	1164	1165	99.439551	88.432122
1163	1164	1166	112.085569	71.701721
1165	1164	1166	115.452845	91.539197
1164	1166	1167	93.067737	105.640535
1166	1167	1168	103.850850	91.539197
1166	1167	1169	122.530693	71.701721
1168	1167	1169	112.063222	66.443595
1167	1169	1170	98.902803	39.435946
1169	1170	1171	103.512812	66.443595
1169	1170	1172	120.443974	71.701721
1171	1170	1172	113.820057	49.235182
1170	1172	1173	95.112389	65.248566
1172	1173	1174	107.527982	49.235182
1172	1173	1175	116.032663	71.701721
1174	1173	1175	112.202034	85.564054
1173	1175	1176	95.302770	87.954111
1175	1176	1177	112.797428	85.564054
1175	1176	1178	118.654949	71.701721
1177	1176	1178	118.270903	80.305927
1176	1178	1179	92.660869	54.493308
1178	1179	1180	103.141830	80.305927
1178	1179	1181	121.503098	71.701721
1180	1179	1181	111.009774	85.564054
1179	1181	1182	97.477677	87.954111
1181	1182	1183	97.804764	85.564054
1181	1182	1184	113.760542	71.701721
1183	1182	1184	113.394204	49.235182
1182	1184	1185	93.998107	65.248566
1184	1185	1186	111.727617	49.235182
1184	1185	1187	123.929939	71.701721
1186	1185	1187	114.670978	91.539197
1185	1187	1188	94.973050	105.640535
1187	1188	1189	108.058881	91.539197
1187	1188	1190	120.792568	71.701721
1189	1188	1190	113.840168	109.942639
1188	1190	1191	94.827975	84.847036
1190	1191	1192	108.818443	109.942639
1190	1191	1193	112.889921	71.701721
1192	1191	1193	114.231070	105.640535
1191	1193	1194	94.459717	110.898662
1193	1194	1195	105.069194	105.640535
1193	1194	1196	119.059017	71.701721
1195	1194	1196	113.824928	49.235182
1194	1196	1197	95.108270	65.248566
1196	1197	1198	107.531674	49.235182
1196	1197	1199	119.641167	71.701721
1198	1197	1199	111.933261	88.432122
1197	1199	1200	95.232187	35.133843
1199	1200	1201	99.446056	88.432122
1199	1200	1202	111.719931	71.701721
1201	1200	1202	113.398503	49.235182
1200	1202	1203	94.002859	65.248566
1202	1203	1204	111.729751	49.235182
1202	1203	1205	120.393151	71.701721
1204	1203	1205	118.272386	80.305927
1203	1205	1206	92.665254	54.493308
1205	1206	1207	103.137460	80.305927
1205	1206	1208	120.794497	71.701721
1207	1206	1208	112.051885	66.443595
1206	1208	1209	98.906106	39.435946
1208	1209	1210	103.513063	66.443595
1208	1209	1211	122.444234	71.701721
1210	1209	1211	111.007172	85.564054
1209	1211	1212	97.477699	87.954111
1211	1212	1213	97.805917	85.564054
1211	1212	1214	121.422492	71.701721
1213	1212	1214	113.637896	109.942639
1212	1214	1215	95.097958	84.847036
1214	1215	1216	98.274639	109.942639
1214	1215	1217	121.095091	71.701721
1216	1215	1217	113.628586	109.942639
1215	1217	1218	95.092066	84.847036
1217	1218	1219	98.272593	109.942639
1217	1218	1220	121.085233	71.701721
1219	1218	1220	113.638367	109.942639
1218	1220	1221	95.090656	84.847036
1220	1221	1222	98.276750	109.942639
1220	1221	1223	113.457095	71.701721
1222	1221	1223	113.397962	49.235182
1221	1223	1224	93.997670	65.248566
1223	1224	1225	111.732892	49.235182
1223	1224	1226	123.933733	71.701721
1225	1224	1226	114.666488	91.539197
1224	1226	1227	94.972019	105.640535
1226	1227	1228	108.061718	91.539197
1226	1227	1229	117.461151	71.701721
1228	1227	1229	111.927148	88.432122
1227	1229	1230	95.236086	35.133843
1229	1230	1231	99.434993	88.432122
1229	1230	1232	111.716768	71.701721
1231	1230	1232	113.395452	49.235182
1230	1232	1233	94.002119	65.248566
1232	1233	1234	111.731034	49.235182
1232	1233	1235	122.322784	71.701721
1234	1233	1235	110.101591	66.443595
1233	1235	1236	97.929733	39.435946
1235	1236	1237	112.656184	66.443595
1235	1236	1238	121.510930	71.701721
1237	1236	1238	114.663127	91.539197
1236	1238	1239	94.973849	105.640535
1238	1239	1240	108.065791	91.539197
1238	1239	1241	113.818340	71.701721
1240	1239	1241	112.196446	85.564054
1239	1241	1242	95.311774	87.954111
1241	1242	1243	112.794807	85.564054
1241	1242	1244	118.665517	71.701721
1243	1242	1244	118.261934	80.305927
1242	1244	1245	92.675096	54.493308
1244	1245	1246	103.132089	80.305927
1244	1245	1247	119.551572	71.701721
1246	1245	1247	113.819515	49.235182
1245	1247	1248	95.108356	65.248566
1247	1248	1249	107.534929	49.235182
1247	1248	1250	116.032363	71.701721
1249	1248	1250	112.200578	85.564054
1248	1250	1251	95.302958	87.954111
1250	1251	1252	112.798771	85.564054
1250	1251	1253	122.924115	71.701721
1252	1251	1253	111.148986	105.640535
1251	1253	1254	97.642184	110.898662
1253	1254	1255	98.578788	105.640535
1253	1254	1256	119.204517	71.701721
1255	1254	1256	113.638568	109.942639
1254	1256	1257	95.097599	84.847036
1256	1257	1258	98.277263	109.942639
1256	1257	1259	121.098386	71.701721
1258	1257	1259	113.635981	109.942639
1257	1259	1260	95.093210	84.847036
1259	1260	1261	98.281858	109.942639
1259	1260	1262	113.836729	71.701721
1261	1260	1262	115.453842	91.539197
1260	1262	1263	93.066350	105.640535
1262	1263	1264	103.850930	91.539197
1262	1263	1265	122.532213	71.701721
1264	1263	1265	112.052141	66.443595
1263	1265	1266	98.907678	39.435946
1265	1266	1267	103.506383	66.443595
1265	1266	1268	120.443067	71.701721
1267	1266	1268	113.820211	49.235182
1266	1268	1269	95.111935	65.248566
1268	1269	1270	107.529223	49.235182
1268	1269	1271	122.858629	71.701721
1270	1269	1271	113.823631	109.942639
1269	1271	1272	94.833688	84.847036
1271	1272	1273	108.823642	109.942639
1271	1272	1274	120.680749	71.701721
1273	1272	1274	113.829106	109.942639
1272	1274	1275	94.834457	84.847036
1274	1275	1276	108.824515	109.942639
1274	1275	1277	117.447000	71.701721
1276	1275	1277	111.930580	88.432122
1275	1277	1278	95.235496	35.133843
1277	1278	1279	99.444481	88.432122
1277	1278	1280	117.239369	71.701721
1279	1278	1280	113.988653	28.680688
1278	1280	1281	94.883959	54.971319
1280	1281	1282	108.412897	28.680688
1280	1281	1283	114.665184	71.701721
1282	1281	1283	114.234688	105.640535
1281	1283	1284	94.452272	110.898662
1283	1284	1285	105.071239	105.640535
1283	1284	1286	119.061972	71.701721
1285	1284	1286	113.821365	49.235182
1284	1286	1287	95.113290	65.248566
1286	1287	1288	107.528545	49.235182
1286	1287	1289	115.086810	71.701721
1288	1287	1289	114.224039	105.640535
1287	1289	1290	94.462673	110.898662
1289	1290	1291	105.069021	105.640535
1289	1290	1292	121.103087	71.701721
1291	1290	1292	111.003490	85.564054
1290	1292	1293	97.477313	87.954111
1292	1293	1294	97.802761	85.564054
1292	1293	1295	121.416554	71.701721
1294	1293	1295	113.633844	109.942639
1293	1295	1296	95.093819	84.847036
1295	1296	1297	98.273757	109.942639
1295	1296	1298	121.093618	71.701721
1297	1296	1298	113.635325	109.942639
1296	1298	1299	95.092350	84.847036
1298	1299	1300	98.285569	109.942639
1298	1299	1301	121.097602	71.701721
1300	1299	1301	113.625120	109.942639
1299	1301	1302	95.101105	84.847036
1301	1302	1303	98.270949	109.942639
1301	1302	1304	113.453781	71.701721
1303	1302	1304	113.398015	49.235182
1302	1304	1305	94.000685	65.248566
1304	1305	1306	111.729504	49.235182
1304	1305	1307	122.322743	71.701721
1306	1305	1307	110.102162	66.443595
1305	1307	1308	97.930472	39.435946
1307	1308	1309	112.653325	66.443595
1307	1308	1310	122.157240	71.701721
1309	1308	1310	111.149506	105.640535
1308	1310	1311	97.635836	110.898662
1310	1311	1312	98.579909	105.640535
1310	1311	1313	117.085719	71.701721
1312	1311	1313	113.978911	28.680688
1311	1313	1314	94.886239	54.971319
1313	1314	1315	108.412225	28.680688
1313	1314	1316	115.648451	71.701721
1315	1314	1316	112.199178	85.564054
1314	1316	1317	95.313396	87.954111
1316	1317	1318	112.792036	85.564054
1316	1317	1319	122.936952	71.701721
1318	1317	1319	111.147515	105.640535
1317	1319	1320	97.640991	110.898662
1319	1320	1321	98.581348	105.640535
1319	1320	1322	117.088632	71.701721
1321	1320	1322	113.982826	28.680688
1320	1322	1323	94.891915	54.971319
1322	1323	1324	108.409949	28.680688
1322	1323	1325	119.222628	71.701721
1324	1323	1325	111.933176	88.432122
1323	1325	1326	95.230566	35.133843
1325	1326	1327	99.444821	88.432122
1325	1326	1328	112.084210	71.701721
1327	1326	1328	115.457408	91.539197
1326	1328	1329	93.066516	105.640535
1328	1329	1330	103.850397	91.539197
1328	1329	1331	123.279987	71.701721
1330	1329	1331	111.012588	85.564054
1329	1331	1332	97.473158	87.954111
1331	1332	1333	97.811100	85.564054
1331	1332	1334	113.753001	71.701721
1333	1332	1334	113.400231	49.235182
1332	1334	1335	93.996145	65.248566
1334	1335	1336	111.728090	49.235182
1334	1335	1337	120.397421	71.701721
1336	1335	1337	118.270806	80.305927
1335	1337	1338	92.665717	54.493308
1337	1338	1339	103.134868	80.305927
1337	1338	1340	119.552363	71.701721
1339	1338	1340	113.815937	49.235182
1338	1340	1341	95.113974	65.248566
1340	1341	1342	107.529400	49.235182
1340	1341	1343	116.036629	71.701721
1342	1341	1343	112.204238	85.564054
1341	1343	1344	95.305362	87.954111
1343	1344	1345	112.797421	85.564054
1343	1344	1346	120.487269	71.701721
1345	1344	1346	110.092996	66.443595
1344	1346	1347	97.935394	39.435946
1346	1347	1348	112.648590	66.443595
1346	1347	1349	122.162560	71.701721
1348	1347	1349	111.139454	105.640535
1347	1349	1350	97.642237	110.898662
1349	1350	1351	98.578912	105.640535
1349	1350	1352	119.194171	71.701721
1351	1350	1352	113.629951	109.942639
1350	1352	1353	95.095485	84.847036
1352	1353	1354	98.271501	109.942639
1352	1353	1355	118.991643	71.701721
1354	1353	1355	113.986608	28.680688
1353	1355	1356	94.882590	54.971319
1355	1356	1357	108.416684	28.680688
1355	1356	1358	114.672567	71.701721
1357	1356	1358	114.223388	105.640535
1356	1358	1359	94.466324	110.898662
1358	1359	1360	105.059492	105.640535
1358	1359	1361	119.060316	71.701721
1360	1359	1361	113.826985	49.235182
1359	1361	1362	95.106412	65.248566
1361	1362	1363	107.533568	49.235182
1361	1362	1364	119.639001	71.701721
1363	1362	1364	111.937226	88.432122
1362	1364	1365	95.227474	35.133843
1364	1365	1366	99.442113	88.432122
1364	1365	1367	112.082685	71.701721
1366	1365	1367	115.455130	91.539197
1365	1367	1368	93.070041	105.640535
1367	1368	1369	103.854228	91.539197
1367	1368	1370	122.536832	71.701721
1369	1368	1370	112.056804	66.443595
1368	1370	1371	98.906816	39.435946
1370	1371	1372	103.505406	66.443595
1370	1371	1373	122.441950	71.701721
1372	1371	1373	111.013928	85.564054
1371	1373	1374	97.467544	87.954111
1373	1374	1375	97.809942	85.564054
1373	1374	1376	113.752130	71.701721
1375	1374	1376	113.391838	49.235182
1374	1376	1377	94.000631	65.248566
1376	1377	1378	111.725376	49.235182
1376	1377	1379	124.725182	71.701721
1378	1377	1379	111.151856	105.640535
1377	1379	1380	97.634898	110.898662
1379	1380	1381	98.578398	105.640535
1379	1380	1382	111.499846	71.701721
1381	1380	1382	113.399677	49.235182
1380	1382	1383	93.997741	65.248566
1382	1383	1384	111.728226	49.235182
1382	1383	1385	120.393420	71.701721
1384	1383	1385	118.270505	80.305927
1383	1385	1386	92.663483	54.493308
1385	1386	1387	103.134693	80.305927
1385	1386	1388	119.546540	71.701721
1387	1386	1388	113.819014	49.235182
1386	1388	1389	95.107826	65.248566
1388	1389	1390	107.528647	49.235182
1388	1389	1391	119.638966	71.701721
1390	1389	1391	111.936299	88.432122
1389	1391	1392	95.231260	35.133843
1391	1392	1393	99.444645	88.432122
1391	1392	1394	111.716261	71.701721
1393	1392	1394	113.395208	49.235182
1392	1394	1395	93.998452	65.248566
1394	1395	1396	111.728873	49.235182
1394	1395	1397	124.730375	71.701721
1396	1395	1397	111.139860	105.640535
1395	1397	1398	97.639799	110.898662
1397	1398	1399	98.579570	105.640535
1397	1398	1400	117.084960	71.701721
1399	1398	1400	113.983633	28.680688
1398	1400	1401	94.883489	54.971319
1400	1401	1402	108.420201	28.680688
1400	1401	1403	122.348181	71.701721
1402	1401	1403	113.829697	109.942639
1401	1403	1404	94.830331	84.847036
1403	1404	1405	108.822194	109.942639
1403	1404	1406	113.835523	71.701721
1405	1404	1406	112.199863	85.564054
1404	1406	1407	95.307607	87.954111
1406	1407	1408	112.801203	85.564054
1406	1407	1409	122.936263	71.701721
1408	1407	1409	111.142960	105.640535
1407	1409	1410	97.648557	110.898662
1409	1410	1411	98.576334	105.640535
1409	1410	1412	117.090335	71.701721
1411	1410	1412	113.984277	28.680688
1410	1412	1413	94.881700	54.971319
1412	1413	1414	108.413258	28.680688
1412	1413	1415	114.660704	71.701721
1414	1413	1415	114.228692	105.640535
1413	1415	1416	94.457969	110.898662
1415	1416	1417	105.066562	105.640535
1415	1416	1418	121.102517	71.701721
1417	1416	1418	111.014151	85.564054
1416	1418	1419	97.473045	87.954111
1418	1419	1420	97.812069	85.564054
1418	1419	1421	113.755844	71.701721
1420	1419	1421	113.398898	49.235182
1419	1421	1422	94.001892	65.248566
1421	1422	1423	111.725255	49.235182
1421	1422	1424	122.324987	71.701721
1423	1422	1424	110.102468	66.443595
1422	1424	1425	97.936593	39.435946
1424	1425	1426	112.645492	66.443595
1424	1425	1427	118.023660	71.701721
1426	1425	1427	118.273322	80.305927
1425	1427	1428	92.663997	54.493308
1427	1428	1429	103.132571	80.305927
1427	1428	1430	120.777679	71.701721
1429	1428	1430	112.054486	66.443595
1428	1430	1431	98.901568	39.435946
1430	1431	1432	103.504716	66.443595
1430	1431	1433	114.599608	71.701721
1432	1431	1433	116.083061	66.443595
1431	1433	1434	92.237644	114.244742
1433	1434	1435	110.599168	66.443595
1433	1434	1436	121.194023	71.701721
1435	1434	1436	118.272022	80.305927
1434	1436	1437	92.666090	54.493308
1436	1437	1438	103.130504	80.305927
1436	1437	1439	120.797905	71.701721
1438	1437	1439	112.061030	66.443595
1437	1439	1440	98.910727	39.435946
1439	1440	1441	103.511414	66.443595
1439	1440	1442	120.448283	71.701721
1441	1440	1442	113.822194	49.235182
1440	1442	1443	95.112955	65.248566
1442	1443	1444	107.532350	49.235182
1442	1443	1445	119.641416	71.701721
1444	1443	1445	111.932214	88.432122
1443	1445	1446	95.222111	35.133843
1445	1446	1447	99.442156	88.432122
1445	1446	1448	111.705331	71.701721
1447	1446	1448	113.394812	49.235182
1446	1448	1449	93.997391	65.248566
1448	1449	1450	111.734147	49.235182
1448	1449	1451	122.315646	71.701721
1450	1449	1451	110.108035	66.443595
1449	1451	1452	97.925806	39.435946
1451	1452	1453	112.656876	66.443595
1451	1452	1454	121.514776	71.701721
1453	1452	1454	114.659860	91.539197
1452	1454	1455	94.978232	105.640535
1454	1455	1456	108.064288	91.539197
1454	1455	1457	113.818997	71.701721
1456	1455	1457	112.205449	85.564054
1455	1457	1458	95.304399	87.954111
1457	1458	1459	112.802346	85.564054
1457	1458	1460	122.176889	71.701721
1459	1458	1460	114.665471	91.539197
1458	1460	1461	94.972483	105.640535
1460	1461	1462	108.062424	91.539197
1460	1461	1463	120.794948	71.701721
1462	1461	1463	113.829425	109.942639
1461	1463	1464	94.828026	84.847036
1463	1464	1465	108.826861	109.942639
1463	1464	1466	117.441089	71.701721
1465	1464	1466	111.930887	88.432122
1464	1466	1467	95.226081	35.133843
1466	1467	1468	99.445688	88.432122
1466	1467	1469	112.083531	71.701721
1468	1467	1469	115.453531	91.539197
1467	1469	1470	93.076755	105.640535
1469	1470	1471	103.848338	91.539197
1469	1470	1472	121.242070	71.701721
1471	1470	1472	113.823060	49.235182
1470	1472	1473	95.111120	65.248566
1472	1473	1474	107.528069	49.235182
1472	1473	1475	115.080701	71.701721
1474	1473	1475	114.226565	105.640535
1473	1475	1476	94.456804	110.898662
1475	1476	1477	105.066668	105.640535
1475	1476	1478	120.349869	71.701721
1477	1476	1478	112.063728	66.443595
1476	1478	1479	98.905621	39.435946
1478	1479	1480	103.507916	66.443595
1478	1479	1481	122.452145	71.701721
1480	1479	1481	111.014083	85.564054
1479	1481	1482	97.475100	87.954111
1481	1482	1483	97.817428	85.564054
1481	1482	1484	113.753973	71.701721
1483	1482	1484	113.400923	49.235182
1482	1484	1485	93.995730	65.248566
1484	1485	1486	111.727505	49.235182
1484	1485	1487	120.389824	71.701721
1486	1485	1487	118.273013	80.305927
1485	1487	1488	92.657452	54.493308
1487	1488	1489	103.139769	80.305927
1487	1488	1490	119.541887	71.701721
1489	1488	1490	113.823920	49.235182
1488	1490	1491	95.107909	65.248566
1490	1491	1492	107.527261	49.235182
1490	1491	1493	116.037630	71.701721
1492	1491	1493	112.201840	85.564054
1491	1493	1494	95.306544	87.954111
1493	1494	1495	112.797389	85.564054
1493	1494	1496	122.181219	71.701721
1495	1494	1496	114.665179	91.539197
1494	1496	1497	94.977105	105.640535
1496	1497	1498	108.063583	91.539197
1496	1497	1499	117.474218	71.701721
1498	1497	1499	111.925812	88.432122
1497	1499	1500	95.235921	35.133843
1499	1500	1501	99.447344	88.432122
1499	1500	1502	117.230441	71.701721
1501	1500	1502	113.986203	28.680688
1500	1502	1503	94.886081	54.971319
1502	1503	1504	108.413247	28.680688
1502	1503	1505	114.680196	71.701721
1504	1503	1505	114.223238	105.640535
1503	1505	1506	94.464334	110.898662
1505	1506	1507	105.067422	105.640535
1505	1506	1508	121.102838	71.701721
1507	1506	1508	111.005321	85.564054
1506	1508	1509	97.475470	87.954111
1508	1509	1510	97.809146	85.564054
1508	1509	1511	119.313263	71.701721
1510	1509	1511	113.982742	28.680688
1509	1511	1512	94.888388	54.971319
1511	1512	1513	108.408314	28.680688
1511	1512	1514	114.670643	71.701721
1513	1512	1514	114.223355	105.640535
1512	1514	1515	94.461681	110.898662
1514	1515	1516	105.064576	105.640535
1514	1515	1517	120.354687	71.701721
1516	1515	1517	112.049168	66.443595
1515	1517	1518	98.909498	39.435946
1517	1518	1519	103.504840	66.443595
1517	1518	1520	120.445021	71.701721
1519	1518	1520	113.823436	49.235182
1518	1520	1521	95.109733	65.248566
1520	1521	1522	107.533652	49.235182
1520	1521	1523	122.853765	71.701721
1522	1521	1523	113.826011	109.942639
1521	1523	1524	94.834565	84.847036
1523	1524	1525	108.824004	109.942639
1523	1524	1526	120.681812	71.701721
1525	1524	1526	113.827683	109.942639
1524	1526	1527	94.830135	84.847036
1526	1527	1528	108.821953	109.942639
1526	1527	1529	120.675676	71.701721
1528	1527	1529	113.836287	109.942639
1527	1529	1530	94.824192	84.847036
1529	1530	1531	108.826631	109.942639
1529	1530	1532	113.838524	71.701721
1531	1530	1532	112.199205	85.564054
1530	1532	1533	95.310342	87.954111
1532	1533	1534	112.796164	85.564054
1532	1533	1535	122.931099	71.701721
1534	1533	1535	111.148540	105.640535
1533	1535	1536	97.639747	110.898662
1535	1536	1537	98.580429	105.640535
1535	1536	1538	111.501765	71.701721
1537	1536	1538	113.392236	49.235182
1536	1538	1539	93.999987	65.248566
1538	1539	1540	111.734594	49.235182
1538	1539	1541	124.727907	71.701721
1540	1539	1541	111.145492	105.640535
1539	1541	1542	97.645110	110.898662
1541	1542	1543	98.572626	105.640535
1541	1542	1544	117.095030	71.701721
1543	1542	1544	113.978513	28.680688
1542	1544	1545	94.884674	54.971319
1544	1545	1546	108.419410	28.680688
1544	1545	1547	119.211479	71.701721
1546	1545	1547	111.933178	88.432122
1545	1547	1548	95.227423	35.133843
1547	1548	1549	99.437545	88.432122
1547	1548	1550	119.329494	71.701721
1549	1548	1550	113.636269	109.942639
1548	1550	1551	95.100829	84.847036
1550	1551	1552	98.272877	109.942639
1550	1551	1553	121.099793	71.701721
1552	1551	1553	113.638099	109.942639
1551	1553	1554	95.089306	84.847036
1553	1554	1555	98.279720	109.942639
1553	1554	1556	113.451676	71.701721
1555	1554	1556	113.396400	49.235182
1554	1556	1557	93.999198	65.248566
1556	1557	1558	111.730036	49.235182
1556	1557	1559	122.319905	71.701721
1558	1557	1559	110.098980	66.443595
1557	1559	1560	97.932110	39.435946
1559	1560	1561	112.653784	66.443595
1559	1560	1562	121.516021	71.701721
1561	1560	1562	114.659027	91.539197
1560	1562	1563	94.978600	105.640535
1562	1563	1564	108.059854	91.539197
1562	1563	1565	120.792616	71.701721
1564	1563	1565	113.830289	109.942639
1563	1565	1566	94.831532	84.847036
1565	1566	1567	108.816956	109.942639
1565	1566	1568	120.686693	71.701721
1567	1566	1568	113.824851	109.942639
1566	1568	1569	94.838170	84.847036
1568	1569	1570	108.820927	109.942639
1568	1569	1571	112.893438	71.701721
1570	1569	1571	114.228448	105.640535
1569	1571	1572	94.462460	110.898662
1571	1572	1573	105.068713	105.640535
1571	1572	1574	121.102887	71.701721
1573	1572	1574	111.003764	85.564054
1572	1574	1575	97.473569	87.954111
1574	1575	1576	97.809632	85.564054
1574	1575	1577	113.751957	71.701721
1576	1575	1577	113.393439	49.235182
1575	1577	1578	93.997552	65.248566
1577	1578	1579	111.731337	49.235182
1577	1578	1580	120.391673	71.701721
1579	1578	1580	118.268829	80.305927
1578	1580	1581	92.661093	54.493308
1580	1581	1582	103.137764	80.305927
1580	1581	1583	121.501801	71.701721
1582	1581	1583	111.011624	85.564054
1581	1583	1584	97.472603	87.954111
1583	1584	1585	97.812524	85.564054
1583	1584	1586	114.156283	71.701721
1585	1584	1586	115.458848	91.539197
1584	1586	1587	93.069936	105.640535
1586	1587	1588	103.849593	91.539197
1586	1587	1589	122.535177	71.701721
1588	1587	1589	112.055471	66.443595
1587	1589	1590	98.904002	39.435946
1589	1590	1591	103.507728	66.443595
1589	1590	1592	120.438195	71.701721
1591	1590	1592	113.822556	49.235182
1590	1592	1593	95.108143	65.248566
1592	1593	1594	107.530706	49.235182
1592	1593	1595	119.639293	71.701721
1594	1593	1595	111.928381	88.432122
1593	1595	1596	95.234168	35.133843
1595	1596	1597	99.439265	88.432122
1595	1596	1598	112.088165	71.701721
1597	1596	1598	115.448635	91.539197
1596	1598	1599	93.074343	105.640535
1598	1599	1600	103.848917	91.539197
1598	1599	1601	121.237350	71.701721
1600	1599	1601	113.825038	49.235182
1599	1601	1602	95.104324	65.248566
1601	1602	1603	107.531871	49.235182
1601	1602	1604	122.849173	71.701721
1603	1602	1604	113.831133	109.942639
1602	1604	1605	94.833854	84.847036
1604	1605	1606	108.819382	109.942639
1604	1605	1607	120.682117	71.701721
1606	1605	1607	113.829802	109.942639
1605	1607	1608	94.835804	84.847036
1607	1608	1609	108.818589	109.942639
1607	1608	1610	120.688252	71.701721
1609	1608	1610	113.828301	109.942639
1608	1610	1611	94.833916	84.847036
1610	1611	1612	108.822399	109.942639
1610	1611	1613	113.838152	71.701721
1612	1611	1613	112.203039	85.564054
1611	1613	1614	95.309939	87.954111
1613	1614	1615	112.791278	85.564054
1613	1614	1616	120.490518	71.701721
1615	1614	1616	110.101926	66.443595
1614	1616	1617	97.928369	39.435946
1616	1617	1618	112.652400	66.443595
1616	1617	1619	118.012324	71.701721
1618	1617	1619	118.275724	80.305927
1617	1619	1620	92.657518	54.493308
1619	1620	1621	103.137037	80.305927
1619	1620	1622	119.551916	71.701721
1621	1620	1622	113.816283	49.235182
1620	1622	1623	95.111479	65.248566
1622	1623	1624	107.531961	49.235182
1622	1623	1625	119.641856	71.701721
1624	1623	1625	111.930696	88.432122
1623	1625	1626	95.231155	35.133843
1625	1626	1627	99.447807	88.432122
1625	1626	1628	111.710972	71.701721
1627	1626	1628	113.390564	49.235182
1626	1628	1629	93.992222	65.248566
1628	1629	1630	111.734368	49.235182
1628	1629	1631	124.717808	71.701721
1630	1629	1631	111.149167	105.640535
1629	1631	1632	97.634500	110.898662
1631	1632	1633	98.578463	105.640535
1631	1632	1634	119.193233	71.701721
1633	1632	1634	113.638041	109.942639
1632	1634	1635	95.092370	84.847036
1634	1635	1636	98.274925	109.942639
1634	1635	1637	113.841123	71.701721
1636	1635	1637	115.458121	91.539197
1635	1637	1638	93.069097	105.640535
1637	1638	1639	103.848808	91.539197
1637	1638	1640	121.234250	71.701721
1639	1638	1640	113.826469	49.235182
1638	1640	1641	95.103488	65.248566
1640	1641	1642	107.538450	49.235182
1640	1641	1643	116.034466	71.701721
1642	1641	1643	112.199125	85.564054
1641	1643	1644	95.308080	87.954111
1643	1644	1645	112.792917	85.564054
1643	1644	1646	118.654565	71.701721
1645	1644	1646	118.272262	80.305927
1644	1646	1647	92.663471	54.493308
1646	1647	1648	103.132302	80.305927
1646	1647	1649	121.506994	71.701721
1648	1647	1649	111.004553	85.564054
1647	1649	1650	97.483116	87.954111
1649	1650	1651	97.803777	85.564054
1649	1650	1652	113.760353	71.701721
1651	1650	1652	113.395676	49.235182
1650	1652	1653	93.998538	65.248566
1652	1653	1654	111.732571	49.235182
1652	1653	1655	122.314995	71.701721
1654	1653	1655	110.107936	66.443595
1653	1655	1656	97.920970	39.435946
1655	1656	1657	112.657868	66.443595
1655	1656	1658	121.503705	71.701721
1657	1656	1658	114.660498	91.539197
1656	1658	1659	94.973166	105.640535
1658	1659	1660	108.057537	91.539197
1658	1659	1661	120.799162	71.701721
1660	1659	1661	113.829265	109.942639
1659	1661	1662	94.834216	84.847036
1661	1662	1663	108.822795	109.942639
1661	1662	1664	117.446055	71.701721
1663	1662	1664	111.926220	88.432122
1662	1664	1665	95.233272	35.133843
1664	1665	1666	99.442566	88.432122
1664	1665	1667	112.083483	71.701721
1666	1665	1667	115.457550	91.539197
1665	1667	1668	93.066948	105.640535
1667	1668	1669	103.849656	91.539197
1667	1668	1670	122.526290	71.701721
1669	1668	1670	112.061598	66.443595
1668	1670	1671	98.898128	39.435946
1670	1671	1672	103.506693	66.443595
1670	1671	1673	120.447689	71.701721
1672	1671	1673	113.818642	49.235182
1671	1673	1674	95.117818	65.248566
1673	1674	1675	107.529552	49.235182
1673	1674	1676	116.037458	71.701721
1675	1674	1676	112.199729	85.564054
1674	1676	1677	95.306740	87.954111
1676	1677	1678	112.791163	85.564054
1676	1677	1679	118.653542	71.701721
1678	1677	1679	118.276021	80.305927
1677	1679	1680	92.666121	54.493308
1679	1680	1681	103.129507	80.305927
1679	1680	1682	121.507574	71.701721
1681	1680	1682	111.014042	85.564054
1680	1682	1683	97.475967	87.954111
1682	1683	1684	97.805319	85.564054
1682	1683	1685	113.758450	71.701721
1684	1683	1685	113.390402	49.235182
1683	1685	1686	93.998226	65.248566
1685	1686	1687	111.731119	49.235182
1685	1686	1688	123.928725	71.701721
1687	1686	1688	114.667931	91.539197
1686	1688	1689	94.971064	105.640535
1688	1689	1690	108.066015	91.539197
1688	1689	1691	120.799941	71.701721
1690	1689	1691	113.828053	109.942639
1689	1691	1692	94.838503	84.847036
1691	1692	1693	108.822578	109.942639
1691	1692	1694	112.890569	71.701721
1693	1692	1694	114.229553	105.640535
1692	1694	1695	94.462994	110.898662
1694	1695	1696	105.067775	105.640535
1694	1695	1697	119.067265	71.701721
1696	1695	1697	113.820270	49.235182
1695	1697	1698	95.118605	65.248566
1697	1698	1699	107.521125	49.235182
1697	1698	1700	119.646392	71.701721
1699	1698	1700	111.932789	88.432122
1698	1700	1701	95.228477	35.133843
1700	1701	1702	99.442783	88.432122
1700	1701	1703	111.707971	71.701721
1702	1701	1703	113.399340	49.235182
1701	1703	1704	93.998868	65.248566
1703	1704	1705	111.732041	49.235182
1703	1704	1706	120.397296	71.701721
1705	1704	1706	118.270316	80.305927
1704	1706	1707	92.666725	54.493308
1706	1707	1708	103.131438	80.305927
1706	1707	1709	120.789006	71.701721
1708	1707	1709	112.056286	66.443595
1707	1709	1710	98.905558	39.435946
1709	1710	1711	103.511410	66.443595
1709	1710	1712	122.449384	71.701721
1711	1710	1712	111.008671	85.564054
1710	1712	1713	97.475961	87.954111
1712	1713	1714	97.814758	85.564054
1712	1713	1715	121.421759	71.701721
1714	1713	1715	113.633535	109.942639
1713	1715	1716	95.100170	84.847036
1715	1716	1717	98.273879	109.942639
1715	1716	1718	121.100634	71.701721
1717	1716	1718	113.634135	109.942639
1716	1718	1719	95.099288	84.847036
1718	1719	1720	98.273465	109.942639
1718	1719	1721	121.095981	71.701721
1720	1719	1721	113.634753	109.942639
1719	1721	1722	95.092361	84.847036
1721	1722	1723	98.277709	109.942639
1721	1722	1724	113.451733	71.701721
1723	1722	1724	113.392847	49.235182
1722	1724	1725	93.998762	65.248566
1724	1725	1726	111.732799	49.235182
1724	1725	1727	123.931232	71.701721
1726	1725	1727	114.669779	91.539197
1725	1727	1728	94.965172	105.640535
1727	1728	1729	108.065815	91.539197
1727	1728	1730	117.454862	71.701721
1729	1728	1730	111.928829	88.432122
1728	1730	1731	95.230429	35.133843
1730	1731	1732	99.440416	88.432122
1730	1731	1733	111.713340	71.701721
1732	1731	1733	113.402174	49.235182
1731	1733	1734	93.995930	65.248566
1733	1734	1735	111.731893	49.235182
1733	1734	1736	122.318183	71.701721
1735	1734	1736	110.098552	66.443595
1734	1736	1737	97.932054	39.435946
1736	1737	1738	112.652901	66.443595
1736	1737	1739	121.517075	71.701721
1738	1737	1739	114.662900	91.539197
1737	1739	1740	94.978243	105.640535
1739	1740	1741	108.060543	91.539197
1739	1740	1742	113.816031	71.701721
1741	1740	1742	112.200476	85.564054
1740	1742	1743	95.305027	87.954111
1742	1743	1744	112.797415	85.564054
1742	1743	1745	118.647658	71.701721
1744	1743	1745	118.280886	80.305927
1743	1745	1746	92.653769	54.493308
1745	1746	1747	103.145139	80.305927
1745	1746	1748	119.549097	71.701721
1747	1746	1748	113.822430	49.235182
1746	1748	1749	95.108487	65.248566
1748	1749	1750	107.534136	49.235182
1748	1749	1751	116.036931	71.701721
1750	1749	1751	112.198272	85.564054
1749	1751	1752	95.307684	87.954111
1751	1752	1753	112.800505	85.564054
1751	1752	1754	122.927331	71.701721
1753	1752	1754	111.142832	105.640535
1752	1754	1755	97.644856	110.898662
1754	1755	1756	98.580332	105.640535
1754	1755	1757	119.201731	71.701721
1756	1755	1757	113.638939	109.942639
1755	1757	1758	95.089906	84.847036
1757	1758	1759	98.275535	109.942639
1757	1758	1760	121.089886	71.701721
1759	1758	1760	113.633208	109.942639
1758	1760	1761	95.097703	84.847036
1760	1761	1762	98.274889	109.942639
1760	1761	1763	113.846323	71.701721
1762	1761	1763	115.451787	91.539197
1761	1763	1764	93.072579	105.640535
1763	1764	1765	103.853639	91.539197
1763	1764	1766	122.529905	71.701721
1765	1764	1766	112.060751	66.443595
1764	1766	1767	98.908926	39.435946
1766	1767	1768	103.507232	66.443595
1766	1767	1769	120.451503	71.701721
1768	1767	1769	113.821998	49.235182
1767	1769	1770	95.107140	65.248566
1769	1770	1771	107.534594	49.235182
1769	1770	1772	122.848843	71.701721
1771	1770	1772	113.828637	109.942639
1770	1772	1773	94.831940	84.847036
1772	1773	1774	108.824062	109.942639
1772	1773	1775	120.684664	71.701721
1774	1773	1775	113.824781	109.942639
1773	1775	1776	94.833223	84.847036
1775	1776	1777	108.828564	109.942639
1775	1776	1778	117.447317	71.701721
1777	1776	1778	111.930430	88.432122
1776	1778	1779	95.232414	35.133843
1778	1779	1780	99.440172	88.432122
1778	1779	1781	117.234929	71.701721
1780	1779	1781	113.978634	28.680688
1779	1781	1782	94.891702	54.971319
1781	1782	1783	108.407407	28.680688
1781	1782	1784	114.675713	71.701721
1783	1782	1784	114.229107	105.640535
1782	1784	1785	94.457583	110.898662
1784	1785	1786	105.066544	105.640535
1784	1785	1787	119.058417	71.701721
1786	1785	1787	113.821537	49.235182
1785	1787	1788	95.111783	65.248566
1787	1788	1789	107.530716	49.235182
1787	1788	1790	115.082732	71.701721
1789	1788	1790	114.227076	105.640535
1788	1790	1791	94.460301	110.898662
1790	1791	1792	105.061836	105.640535
1790	1791	1793	121.102133	71.701721
1792	1791	1793	111.016280	85.564054
1791	1793	1794	97.480440	87.954111
1793	1794	1795	97.804081	85.564054
1793	1794	1796	121.429456	71.701721
1795	1794	1796	113.636156	109.942639
1794	1796	1797	95.098633	84.847036
1796	1797	1798	98.277483	109.942639
1796	1797	1799	121.097462	71.701721
1798	1797	1799	113.634156	109.942639
1797	1799	1800	95.094394	84.847036
1799	1800	1801	98.274472	109.942639
1799	1800	1802	121.086830	71.701721
1801	1800	1802	113.632687	109.942639
1800	1802	1803	95.094821	84.847036
1802	1803	1804	98.274128	109.942639
1802	1803	1805	113.457199	71.701721
1804	1803	1805	113.401528	49.235182
1803	1805	1806	93.994254	65.248566
1805	1806	1807	111.734899	49.235182
1805	1806	1808	122.308172	71.701721
1807	1806	1808	110.105484	66.443595
1806	1808	1809	97.914152	39.435946
1808	1809	1810	112.660804	66.443595
1808	1809	1811	122.141060	71.701721
1810	1809	1811	111.144861	105.640535
1809	1811	1812	97.635104	110.898662
1811	1812	1813	98.577925	105.640535
1811	1812	1814	117.087395	71.701721
1813	1812	1814	113.987688	28.680688
1812	1814	1815	94.880565	54.971319
1814	1815	1816	108.416737	28.680688
1814	1815	1817	115.645488	71.701721
1816	1815	1817	112.200526	85.564054
1815	1817	1818	95.308094	87.954111
1817	1818	1819	112.788458	85.564054
1817	1818	1820	122.933411	71.701721
1819	1818	1820	111.148444	105.640535
1818	1820	1821	97.648327	110.898662
1820	1821	1822	98.572150	105.640535
1820	1821	1823	117.091044	71.701721
1822	1821	1823	113.988921	28.680688
1821	1823	1824	94.883687	54.971319
1823	1824	1825	108.414673	28.680688
1823	1824	1826	119.220546	71.701721
1825	1824	1826	111.931507	88.432122
1824	1826	1827	95.232509	35.133843
1826	1827	1828	99.446745	88.432122
1826	1827	1829	112.082866	71.701721
1828	1827	1829	115.451310	91.539197
1827	1829	1830	93.066421	105.640535
1829	1830	1831	103.846668	91.539197
1829	1830	1832	123.281717	71.701721
1831	1830	1832	111.012411	85.564054
1830	1832	1833	97.472835	87.954111
1832	1833	1834	97.810344	85.564054
1832	1833	1835	113.756763	71.701721
1834	1833	1835	113.397535	49.235182
1833	1835	1836	93.989538	65.248566
1835	1836	1837	111.741588	49.235182
1835	1836	1838	120.388816	71.701721
1837	1836	1838	118.262930	80.305927
1836	1838	1839	92.669770	54.493308
1838	1839	1840	103.132538	80.305927
1838	1839	1841	119.547831	71.701721
1840	1839	1841	113.818393	49.235182
1839	1841	1842	95.111886	65.248566
1841	1842	1843	107.530148	49.235182
1841	1842	1844	116.035984	71.701721
1843	1842	1844	112.206264	85.564054
1842	1844	1845	95.301885	87.954111
1844	1845	1846	112.795174	85.564054
1844	1845	1847	120.489466	71.701721
1846	1845	1847	110.095918	66.443595
1845	1847	1848	97.939130	39.435946
1847	1848	1849	112.645462	66.443595
1847	1848	1850	122.161722	71.701721
1849	1848	1850	111.146508	105.640535
1848	1850	1851	97.643912	110.898662
1850	1851	1852	98.576590	105.640535
1850	1851	1853	119.202144	71.701721
1852	1851	1853	113.636496	109.942639
1851	1853	1854	95.096445	84.847036
1853	1854	1855	98.271592	109.942639
1853	1854	1856	118.991108	71.701721
1855	1854	1856	113.985316	28.680688
1854	1856	1857	94.886727	54.971319
1856	1857	1858	108.408075	28.680688
1856	1857	1859	114.674701	71.701721
1858	1857	1859	114.221982	105.640535
1857	1859	1860	94.468135	110.898662
1859	1860	1861	105.065055	105.640535
1859	1860	1862	119.064881	71.701721
1861	1860	1862	113.824202	49.235182
1860	1862	1863	95.105903	65.248566
1862	1863	1864	107.529368	49.235182
1862	1863	1865	119.629665	71.701721
1864	1863	1865	111.932257	88.432122
1863	1865	1866	95.225243	35.133843
1865	1866	1867	99.442902	88.432122
1865	1866	1868	112.081989	71.701721
1867	1866	1868	115.452707	91.539197
1866	1868	1869	93.067673	105.640535
1868	1869	1870	103.849037	91.539197
1868	1869	1871	122.530019	71.701721
1870	1869	1871	112.055705	66.443595
1869	1871	1872	98.905958	39.435946
1871	1872	1873	103.506027	66.443595
1871	1872	1874	122.448826	71.701721
1873	1872	1874	111.008827	85.564054
1872	1874	1875	97.473686	87.954111
1874	1875	1876	97.803661	85.564054
1874	1875	1877	113.751929	71.701721
1876	1875	1877	113.397127	49.235182
1875	1877	1878	94.000170	65.248566
1877	1878	1879	111.726645	49.235182
1877	1878	1880	124.731601	71.701721
1879	1878	1880	111.145668	105.640535
1878	1880	1881	97.640800	110.898662
1880	1881	1882	98.575007	105.640535
