Angles

1	4	2	1	3
2	1	1	3	4
3	9	3	4	5
4	2	3	4	6
5	5	5	4	6
6	1	4	6	7
7	8	6	7	8
8	2	6	7	9
9	4	8	7	9
10	1	7	9	10
11	9	9	10	11
12	2	9	10	12
13	5	11	10	12
14	1	10	12	13
15	8	12	13	14
16	2	12	13	15
17	4	14	13	15
18	1	13	15	16
19	10	15	16	17
20	2	15	16	18
21	6	17	16	18
22	1	16	18	19
23	7	18	19	20
24	2	18	19	21
25	3	20	19	21
26	1	19	21	22
27	7	21	22	23
28	2	21	22	24
29	3	23	22	24
30	1	22	24	25
31	9	24	25	26
32	2	24	25	27
33	5	26	25	27
34	1	25	27	28
35	8	27	28	29
36	2	27	28	30
37	4	29	28	30
38	1	28	30	31
39	9	30	31	32
40	2	30	31	33
41	5	32	31	33
42	1	31	33	34
43	9	33	34	35
44	2	33	34	36
45	5	35	34	36
46	1	34	36	37
47	10	36	37	38
48	2	36	37	39
49	6	38	37	39
50	1	37	39	40
51	8	39	40	41
52	2	39	40	42
53	4	41	40	42
54	1	40	42	43
55	9	42	43	44
56	2	42	43	45
57	5	44	43	45
58	1	43	45	46
59	8	45	46	47
60	17	1	2	5
61	20	4	5	8
62	17	7	8	11
63	20	10	11	14
64	18	13	14	17
65	23	16	17	20
66	11	19	20	23
67	13	22	23	26
68	20	25	26	29
69	17	28	29	32
70	21	31	32	35
71	22	34	35	38
72	24	37	38	41
73	17	40	41	44
74	20	43	44	47
75	3	49	48	50
76	1	48	50	51
77	10	50	51	52
78	2	50	51	53
79	6	52	51	53
80	1	51	53	54
81	7	53	54	55
82	2	53	54	56
83	3	55	54	56
84	1	54	56	57
85	9	56	57	58
86	2	56	57	59
87	5	58	57	59
88	1	57	59	60
89	10	59	60	61
90	2	59	60	62
91	6	61	60	62
92	1	60	62	63
93	10	62	63	64
94	2	62	63	65
95	6	64	63	65
96	1	63	65	66
97	7	65	66	67
98	2	65	66	68
99	3	67	66	68
100	1	66	68	69
101	10	68	69	70
102	2	68	69	71
103	6	70	69	71
104	1	69	71	72
105	8	71	72	73
106	2	71	72	74
107	4	73	72	74
108	1	72	74	75
109	8	74	75	76
110	2	74	75	77
111	4	76	75	77
112	1	75	77	78
113	9	77	78	79
114	2	77	78	80
115	5	79	78	80
116	1	78	80	81
117	7	80	81	82
118	2	80	81	83
119	3	82	81	83
120	1	81	83	84
121	10	83	84	85
122	2	83	84	86
123	6	85	84	86
124	1	84	86	87
125	7	86	87	88
126	2	86	87	89
127	3	88	87	89
128	1	87	89	90
129	10	89	90	91
130	2	89	90	92
131	6	91	90	92
132	1	90	92	93
133	7	92	93	94
134	14	48	49	52
135	23	51	52	55
136	13	54	55	58
137	22	57	58	61
138	26	60	61	64
139	23	63	64	67
140	14	66	67	70
141	24	69	70	73
142	16	72	73	76
143	17	75	76	79
144	19	78	79	82
145	14	81	82	85
146	23	84	85	88
147	14	87	88	91
148	23	90	91	94
