Bonds

1	4	1	2
2	2	1	3
3	1	3	4
4	5	4	5
5	2	4	6
6	1	6	7
7	4	7	8
8	2	7	9
9	1	9	10
10	5	10	11
11	2	10	12
12	1	12	13
13	4	13	14
14	2	13	15
15	1	15	16
16	6	16	17
17	2	16	18
18	1	18	19
19	3	19	20
20	2	19	21
21	1	21	22
22	3	22	23
23	2	22	24
24	1	24	25
25	5	25	26
26	2	25	27
27	1	27	28
28	4	28	29
29	2	28	30
30	1	30	31
31	5	31	32
32	2	31	33
33	1	33	34
34	5	34	35
35	2	34	36
36	1	36	37
37	6	37	38
38	2	37	39
39	1	39	40
40	4	40	41
41	2	40	42
42	1	42	43
43	5	43	44
44	2	43	45
45	1	45	46
46	4	46	47
47	3	48	49
48	2	48	50
49	1	50	51
50	6	51	52
51	2	51	53
52	1	53	54
53	3	54	55
54	2	54	56
55	1	56	57
56	5	57	58
57	2	57	59
58	1	59	60
59	6	60	61
60	2	60	62
61	1	62	63
62	6	63	64
63	2	63	65
64	1	65	66
65	3	66	67
66	2	66	68
67	1	68	69
68	6	69	70
69	2	69	71
70	1	71	72
71	4	72	73
72	2	72	74
73	1	74	75
74	4	75	76
75	2	75	77
76	1	77	78
77	5	78	79
78	2	78	80
79	1	80	81
80	3	81	82
81	2	81	83
82	1	83	84
83	6	84	85
84	2	84	86
85	1	86	87
86	3	87	88
87	2	87	89
88	1	89	90
89	6	90	91
90	2	90	92
91	1	92	93
92	3	93	94
