Dihedrals

1	1	1	3	4	6
2	2	3	4	6	7
3	1	4	6	7	9
4	2	6	7	9	10
5	1	7	9	10	12
6	2	9	10	12	13
7	1	10	12	13	15
8	2	12	13	15	16
9	1	13	15	16	18
10	2	15	16	18	19
11	1	16	18	19	21
12	2	18	19	21	22
13	1	19	21	22	24
14	2	21	22	24	25
15	1	22	24	25	27
16	2	24	25	27	28
17	1	25	27	28	30
18	2	27	28	30	31
19	1	28	30	31	33
20	2	30	31	33	34
21	1	31	33	34	36
22	2	33	34	36	37
23	1	34	36	37	39
24	2	36	37	39	40
25	1	37	39	40	42
26	2	39	40	42	43
27	1	40	42	43	45
28	2	42	43	45	46
29	1	48	50	51	53
30	2	50	51	53	54
31	1	51	53	54	56
32	2	53	54	56	57
33	1	54	56	57	59
34	2	56	57	59	60
35	1	57	59	60	62
36	2	59	60	62	63
37	1	60	62	63	65
38	2	62	63	65	66
39	1	63	65	66	68
40	2	65	66	68	69
41	1	66	68	69	71
42	2	68	69	71	72
43	1	69	71	72	74
44	2	71	72	74	75
45	1	72	74	75	77
46	2	74	75	77	78
47	1	75	77	78	80
48	2	77	78	80	81
49	1	78	80	81	83
50	2	80	81	83	84
51	1	81	83	84	86
52	2	83	84	86	87
53	1	84	86	87	89
54	2	86	87	89	90
55	1	87	89	90	92
56	2	89	90	92	93
