Atoms

	1	1	1	2	0.000000	-17.067496	20.169195	2.518709
	2	1	1	8	0.000000	-16.640809	17.773467	6.064865
	3	1	2	1	-0.600000	-17.043676	20.022216	-1.049894
	4	1	2	2	0.000000	-13.324269	18.681555	-0.827371
	5	1	2	5	0.000000	-12.683159	14.755221	2.104634
	6	1	3	1	-0.600000	-10.870009	19.793331	-3.446005
	7	1	3	2	0.000000	-8.206518	16.552509	-2.550525
	8	1	3	4	0.000000	-10.578973	13.323325	-1.411198
	9	1	4	1	-0.600000	-4.619872	16.978586	-3.442363
	10	1	4	2	0.000000	-3.953270	13.610372	-1.787866
	11	1	4	5	0.000000	-7.947487	11.320797	-3.354797
	12	1	5	1	-0.600000	-0.856064	11.627519	-1.094724
	13	1	5	2	0.000000	-2.935343	8.173894	-1.077146
	14	1	5	4	0.000000	-5.530427	8.968005	-4.458775
	15	1	6	1	-0.600000	-0.946967	5.170588	0.191367
	16	1	6	2	0.000000	-3.421943	2.864090	-2.080540
	17	1	6	6	0.000000	-4.631222	5.636893	-5.153056
	18	1	7	1	-0.600000	-2.004239	-0.691655	-2.405639
	19	1	7	2	0.000000	-4.351330	-1.243873	-5.548413
	20	1	7	3	0.000000	-3.554041	2.939237	-7.764482
	21	1	8	1	-0.600000	-4.870056	-4.609717	-7.253123
	22	1	8	2	0.000000	-6.038763	-2.010813	-10.491942
	23	1	8	3	0.000000	-3.560312	1.867349	-11.054449
	24	1	9	1	-0.600000	-7.938300	-3.813115	-13.163408
	25	1	9	2	0.000000	-7.483000	-0.394832	-15.278974
	26	1	9	5	0.000000	-3.355064	2.249976	-14.706374
	27	1	10	1	-0.600000	-8.901374	0.201844	-18.723862
	28	1	10	2	0.000000	-5.901445	2.920434	-19.511195
	29	1	10	4	0.000000	-2.141721	1.467003	-17.879116
	30	1	11	1	-0.600000	-6.496499	4.707136	-22.773428
	31	1	11	2	0.000000	-2.611587	5.133208	-22.975627
	32	1	11	5	0.000000	-0.157281	1.583089	-20.751007
	33	1	12	1	-0.600000	-1.078743	6.890052	-25.928776
	34	1	12	2	0.000000	2.512262	5.471057	-25.915317
	35	1	12	5	0.000000	2.389874	1.208471	-23.546889
	36	1	13	1	-0.600000	5.171460	6.013607	-28.524152
	37	1	13	2	0.000000	8.058301	3.359159	-27.575297
	38	1	13	6	0.000000	6.077337	-0.422296	-27.481269
	39	1	14	1	-0.600000	11.434931	3.850890	-29.308396
	40	1	14	2	0.000000	12.459611	-0.034228	-27.978756
	41	1	14	4	0.000000	8.890157	-2.250859	-29.003032
	42	1	15	1	-0.600000	15.959400	-0.917359	-28.990463
	43	1	15	2	0.000000	15.255174	-4.958436	-27.834729
	44	1	15	5	0.000000	11.031665	-6.715739	-29.686778
	45	1	16	1	-0.600000	17.439581	-7.328613	-25.859970
	46	1	16	2	0.000000	15.115019	-10.570043	-27.553150
	47	1	16	12	0.000000	14.063763	-9.494359	-31.517710
	48	2	1	2	0.000000	4.243825	-11.399610	-36.361321
	49	2	1	7	0.000000	8.691960	-9.988414	-35.207076
	50	2	2	1	-0.600000	3.085559	-13.486685	-34.002426
	51	2	2	2	0.000000	5.256741	-12.306200	-30.653424
	52	2	2	6	0.000000	6.406718	-8.164247	-30.487723
	53	2	3	1	-0.600000	3.592816	-14.186015	-27.802968
	54	2	3	2	0.000000	4.976170	-11.274250	-25.454867
	55	2	3	3	0.000000	4.929142	-6.961668	-27.607798
	56	2	4	1	-0.600000	4.237697	-11.456244	-21.775123
	57	2	4	2	0.000000	5.234496	-7.862365	-20.859699
	58	2	4	5	0.000000	3.966228	-4.661458	-24.338295
	59	2	5	1	-0.600000	5.541697	-6.688786	-17.288676
	60	2	5	2	0.000000	7.808029	-3.694438	-17.333838
	61	2	5	6	0.000000	4.964095	-2.711603	-20.226537
	62	2	6	1	-0.600000	10.407488	-1.750655	-16.929253
	63	2	6	2	0.000000	8.709653	1.668524	-17.403148
	64	2	6	6	0.000000	4.661990	0.426439	-17.729934
	65	2	7	1	-0.600000	9.818359	4.914043	-15.844339
	66	2	7	2	0.000000	6.541723	6.630282	-16.502880
	67	2	7	3	0.000000	3.240864	3.234159	-15.647190
	68	2	8	1	-0.600000	5.410005	10.226977	-15.915600
	69	2	8	2	0.000000	1.543328	9.943466	-16.750168
	70	2	8	6	0.000000	0.220476	6.570488	-14.464880
	71	2	9	1	-0.600000	-0.636894	13.043664	-17.285086
	72	2	9	2	0.000000	-3.765918	10.517399	-15.399191
	73	2	9	4	0.000000	-2.571820	7.578250	-12.607697
	74	2	10	1	-0.600000	-7.146153	12.163420	-15.369054
	75	2	10	2	0.000000	-8.814102	8.581196	-14.459978
	76	2	10	4	0.000000	-6.242516	7.504133	-11.134246
	77	2	11	1	-0.600000	-12.039134	6.858817	-15.398320
	78	2	11	2	0.000000	-12.041899	5.022326	-11.923432
	79	2	11	5	0.000000	-8.587404	6.629659	-8.825737
	80	2	12	1	-0.600000	-15.011011	3.348996	-10.324715
	81	2	12	2	0.000000	-14.373399	3.625510	-6.117144
	82	2	12	3	0.000000	-11.348595	7.008620	-6.632534
	83	2	13	1	-0.600000	-15.463707	2.187313	-2.877754
	84	2	13	2	0.000000	-12.400260	3.668828	-1.018925
	85	2	13	6	0.000000	-11.870969	7.400376	-2.942241
	86	2	14	1	-0.600000	-11.745635	2.799160	2.594192
	87	2	14	2	0.000000	-8.692659	4.599756	3.962397
	88	2	14	3	0.000000	-11.086458	7.916909	1.866985
	89	2	15	1	-0.600000	-6.425542	4.885300	6.891374
	90	2	15	2	0.000000	-6.337786	9.031642	6.255792
	91	2	15	6	0.000000	-10.052595	10.461754	4.566685
	92	2	16	1	-0.600000	-4.273360	10.335084	9.181227
	93	2	16	2	0.000000	-6.556324	13.699704	9.031591
	94	2	16	11	0.000000	-11.128036	13.365361	7.604547
