1	2	3	1.310805583e+02	1.1950300000e+01
2	3	4	9.730743746e+01	1.1950300000e+01
3	4	5	1.215349853e+02	1.1950300000e+01
4	5	6	8.949488067e+01	1.1950300000e+01
5	6	7	1.088430166e+02	1.1950300000e+01
6	7	8	7.363589209e+01	1.1950300000e+01
7	8	9	9.259004303e+01	1.1950300000e+01
8	9	10	1.151514238e+02	1.1950300000e+01
9	10	11	1.039352875e+02	1.1950300000e+01
10	11	12	1.381313509e+02	1.1950300000e+01
11	12	13	1.278176840e+02	1.1950300000e+01
12	13	14	9.081936577e+01	1.1950300000e+01
13	14	15	1.125488253e+02	1.1950300000e+01
14	15	16	1.014979203e+02	1.1950300000e+01
15	16	17	8.511361917e+01	1.1950300000e+01
16	17	18	1.337094241e+02	1.1950300000e+01
17	18	19	9.846490978e+01	1.1950300000e+01
18	19	20	1.289532805e+02	1.1950300000e+01
19	20	21	1.243049404e+02	1.1950300000e+01
20	21	22	1.214043199e+02	1.1950300000e+01
21	22	23	1.109098264e+02	1.1950300000e+01
22	23	24	1.294096940e+02	1.1950300000e+01
23	24	25	9.186445301e+01	1.1950300000e+01
24	25	26	1.215844941e+02	1.1950300000e+01
25	26	27	1.166114673e+02	1.1950300000e+01
26	27	28	1.103688575e+02	1.1950300000e+01
27	28	29	1.284576005e+02	1.1950300000e+01
28	29	30	1.161790764e+02	1.1950300000e+01
29	30	31	8.530597465e+01	1.1950300000e+01
30	31	32	1.272409643e+02	1.1950300000e+01
31	32	33	1.198308410e+02	1.1950300000e+01
32	33	34	1.271772243e+02	1.1950300000e+01
33	34	35	1.390150828e+02	1.1950300000e+01
34	35	36	1.157561425e+02	1.1950300000e+01
35	36	37	1.060778050e+02	1.1950300000e+01
36	37	38	1.057899233e+02	1.1950300000e+01
37	38	39	1.178777568e+02	1.1950300000e+01
38	39	40	1.198026875e+02	1.1950300000e+01
39	40	41	1.309321314e+02	1.1950300000e+01
40	41	42	1.136141881e+02	1.1950300000e+01
41	42	43	1.202066193e+02	1.1950300000e+01
42	43	44	1.050632045e+02	1.1950300000e+01
43	44	45	9.810699506e+01	1.1950300000e+01
44	45	46	9.385712043e+01	1.1950300000e+01
45	46	47	9.290590543e+01	1.1950300000e+01
46	47	48	8.716172651e+01	1.1950300000e+01
47	48	49	9.075437543e+01	1.1950300000e+01
48	49	50	8.930746241e+01	1.1950300000e+01
49	50	51	9.304187292e+01	1.1950300000e+01
50	51	52	8.852914641e+01	1.1950300000e+01
51	52	53	9.272907723e+01	1.1950300000e+01
52	53	54	9.476226099e+01	1.1950300000e+01
53	54	55	9.678912379e+01	1.1950300000e+01
54	55	56	8.799604309e+01	1.1950300000e+01
55	56	57	9.622198273e+01	1.1950300000e+01
56	57	58	1.325911569e+02	1.1950300000e+01
57	58	59	1.032153478e+02	1.1950300000e+01
58	59	60	1.181682991e+02	1.1950300000e+01
59	60	61	1.106638681e+02	1.1950300000e+01
60	61	62	1.034806353e+02	1.1950300000e+01
61	62	63	1.157079654e+02	1.1950300000e+01
62	63	64	1.135856250e+02	1.1950300000e+01
63	64	65	1.020401353e+02	1.1950300000e+01
64	65	66	9.723554663e+01	1.1950300000e+01
65	66	67	8.807490066e+01	1.1950300000e+01
66	67	68	9.335882383e+01	1.1950300000e+01
67	68	69	8.919623200e+01	1.1950300000e+01
68	69	70	9.253516653e+01	1.1950300000e+01
69	70	71	9.174908207e+01	1.1950300000e+01
70	71	72	9.382429926e+01	1.1950300000e+01
71	72	73	9.101037057e+01	1.1950300000e+01
72	73	74	9.310841389e+01	1.1950300000e+01
73	74	75	9.261121240e+01	1.1950300000e+01
74	75	76	9.196881076e+01	1.1950300000e+01
75	76	77	8.600792448e+01	1.1950300000e+01
76	77	78	9.059163900e+01	1.1950300000e+01
77	78	79	1.011918008e+02	1.1950300000e+01
78	79	80	1.283530567e+02	1.1950300000e+01
79	80	81	1.261384716e+02	1.1950300000e+01
80	81	82	9.719912661e+01	1.1950300000e+01
81	82	83	1.244385507e+02	1.1950300000e+01
82	83	84	1.228514533e+02	1.1950300000e+01
83	84	85	1.304305680e+02	1.1950300000e+01
84	85	86	1.063509994e+02	1.1950300000e+01
85	86	87	8.947843783e+01	1.1950300000e+01
86	87	88	9.002455216e+01	1.1950300000e+01
87	88	89	8.959622295e+01	1.1950300000e+01
88	89	90	9.139807389e+01	1.1950300000e+01
89	90	91	9.120660687e+01	1.1950300000e+01
90	91	92	8.912080489e+01	1.1950300000e+01
91	92	93	9.145748468e+01	1.1950300000e+01
92	93	94	9.386609164e+01	1.1950300000e+01
93	94	95	8.940054672e+01	1.1950300000e+01
94	95	96	9.457648233e+01	1.1950300000e+01
95	96	97	9.434253068e+01	1.1950300000e+01
96	97	98	9.353119839e+01	1.1950300000e+01
97	98	99	8.816305447e+01	1.1950300000e+01
98	99	100	9.355679823e+01	1.1950300000e+01
99	100	101	9.536565990e+01	1.1950300000e+01
100	101	102	9.170877746e+01	1.1950300000e+01
101	102	103	8.953645746e+01	1.1950300000e+01
102	103	104	8.999779373e+01	1.1950300000e+01
103	104	105	8.948654614e+01	1.1950300000e+01
104	105	106	8.908664697e+01	1.1950300000e+01
105	106	107	9.209437252e+01	1.1950300000e+01
106	107	108	8.772722928e+01	1.1950300000e+01
107	108	109	9.159716669e+01	1.1950300000e+01
108	109	110	8.807100813e+01	1.1950300000e+01
109	110	111	9.215864134e+01	1.1950300000e+01
110	111	112	9.179564384e+01	1.1950300000e+01
111	112	113	8.950473796e+01	1.1950300000e+01
112	113	114	8.699862041e+01	1.1950300000e+01
113	114	115	9.023339294e+01	1.1950300000e+01
114	115	116	9.283237008e+01	1.1950300000e+01
115	116	117	1.318414839e+02	1.1950300000e+01
116	117	118	9.364175285e+01	1.1950300000e+01
117	118	119	1.175491537e+02	1.1950300000e+01
118	119	120	1.157530795e+02	1.1950300000e+01
119	120	121	1.355306159e+02	1.1950300000e+01
120	121	122	9.010767475e+01	1.1950300000e+01
121	122	123	8.772317328e+01	1.1950300000e+01
122	123	124	9.230714533e+01	1.1950300000e+01
123	124	125	8.874241325e+01	1.1950300000e+01
124	125	126	9.373939222e+01	1.1950300000e+01
125	126	127	9.173902146e+01	1.1950300000e+01
126	127	128	9.286874006e+01	1.1950300000e+01
127	128	129	9.234703893e+01	1.1950300000e+01
128	129	130	9.236114468e+01	1.1950300000e+01
129	130	131	9.112006655e+01	1.1950300000e+01
130	131	132	8.844708863e+01	1.1950300000e+01
131	132	133	9.319914409e+01	1.1950300000e+01
132	133	134	9.389020477e+01	1.1950300000e+01
133	134	135	9.410213799e+01	1.1950300000e+01
136	137	138	9.841512503e+01	1.1950300000e+01
137	138	139	1.294513208e+02	1.1950300000e+01
138	139	140	1.298589574e+02	1.1950300000e+01
139	140	141	9.675227920e+01	1.1950300000e+01
140	141	142	1.238342465e+02	1.1950300000e+01
141	142	143	1.407287014e+02	1.1950300000e+01
142	143	144	1.181948110e+02	1.1950300000e+01
143	144	145	1.208863486e+02	1.1950300000e+01
144	145	146	1.354942581e+02	1.1950300000e+01
145	146	147	8.906219352e+01	1.1950300000e+01
146	147	148	1.214243452e+02	1.1950300000e+01
147	148	149	1.157581543e+02	1.1950300000e+01
148	149	150	1.018946799e+02	1.1950300000e+01
149	150	151	1.131843615e+02	1.1950300000e+01
150	151	152	1.242333325e+02	1.1950300000e+01
151	152	153	1.215164360e+02	1.1950300000e+01
152	153	154	1.348609432e+02	1.1950300000e+01
153	154	155	1.173638168e+02	1.1950300000e+01
154	155	156	1.237148508e+02	1.1950300000e+01
155	156	157	8.302996437e+01	1.1950300000e+01
156	157	158	1.122355834e+02	1.1950300000e+01
157	158	159	1.339166393e+02	1.1950300000e+01
158	159	160	1.054393422e+02	1.1950300000e+01
159	160	161	1.005461975e+02	1.1950300000e+01
160	161	162	8.223795149e+01	1.1950300000e+01
161	162	163	8.479380084e+01	1.1950300000e+01
162	163	164	9.037487623e+01	1.1950300000e+01
163	164	165	9.140913474e+01	1.1950300000e+01
164	165	166	1.333161110e+02	1.1950300000e+01
165	166	167	8.774254050e+01	1.1950300000e+01
166	167	168	9.416278423e+01	1.1950300000e+01
167	168	169	9.012931046e+01	1.1950300000e+01
168	169	170	9.042779933e+01	1.1950300000e+01
169	170	171	8.892934470e+01	1.1950300000e+01
170	171	172	9.154601383e+01	1.1950300000e+01
171	172	173	8.879757544e+01	1.1950300000e+01
172	173	174	9.121147029e+01	1.1950300000e+01
173	174	175	9.136301511e+01	1.1950300000e+01
174	175	176	8.390691260e+01	1.1950300000e+01
175	176	177	8.932748525e+01	1.1950300000e+01
176	177	178	9.733854128e+01	1.1950300000e+01
177	178	179	1.170256080e+02	1.1950300000e+01
178	179	180	1.036552215e+02	1.1950300000e+01
179	180	181	1.298200614e+02	1.1950300000e+01
180	181	182	1.329780128e+02	1.1950300000e+01
181	182	183	1.163753101e+02	1.1950300000e+01
182	183	184	8.976430597e+01	1.1950300000e+01
183	184	185	9.413783451e+01	1.1950300000e+01
184	185	186	9.394817566e+01	1.1950300000e+01
185	186	187	9.755618003e+01	1.1950300000e+01
186	187	188	9.021393491e+01	1.1950300000e+01
187	188	189	9.041807879e+01	1.1950300000e+01
188	189	190	9.260387458e+01	1.1950300000e+01
189	190	191	8.969471498e+01	1.1950300000e+01
190	191	192	9.203390020e+01	1.1950300000e+01
191	192	193	9.298162945e+01	1.1950300000e+01
192	193	194	9.128030166e+01	1.1950300000e+01
193	194	195	9.078957953e+01	1.1950300000e+01
194	195	196	9.133031510e+01	1.1950300000e+01
195	196	197	9.235703270e+01	1.1950300000e+01
196	197	198	9.393632234e+01	1.1950300000e+01
197	198	199	8.823457410e+01	1.1950300000e+01
198	199	200	9.752362954e+01	1.1950300000e+01
199	200	201	9.573705226e+01	1.1950300000e+01
200	201	202	9.255795240e+01	1.1950300000e+01
201	202	203	9.031308395e+01	1.1950300000e+01
202	203	204	9.471050328e+01	1.1950300000e+01
203	204	205	9.031126800e+01	1.1950300000e+01
204	205	206	8.878941242e+01	1.1950300000e+01
205	206	207	8.814030073e+01	1.1950300000e+01
206	207	208	9.030256699e+01	1.1950300000e+01
207	208	209	9.241173458e+01	1.1950300000e+01
208	209	210	9.373262829e+01	1.1950300000e+01
209	210	211	8.734442257e+01	1.1950300000e+01
210	211	212	8.939767876e+01	1.1950300000e+01
211	212	213	8.841788591e+01	1.1950300000e+01
212	213	214	1.301230798e+02	1.1950300000e+01
213	214	215	9.290056610e+01	1.1950300000e+01
214	215	216	1.239081594e+02	1.1950300000e+01
215	216	217	1.064778770e+02	1.1950300000e+01
216	217	218	1.308980786e+02	1.1950300000e+01
217	218	219	8.718504873e+01	1.1950300000e+01
218	219	220	9.086815754e+01	1.1950300000e+01
219	220	221	8.626291445e+01	1.1950300000e+01
220	221	222	9.342332949e+01	1.1950300000e+01
221	222	223	9.101028544e+01	1.1950300000e+01
222	223	224	9.230099755e+01	1.1950300000e+01
223	224	225	9.076919119e+01	1.1950300000e+01
224	225	226	9.273919566e+01	1.1950300000e+01
225	226	227	9.484098465e+01	1.1950300000e+01
226	227	228	8.907263977e+01	1.1950300000e+01
227	228	229	8.872807452e+01	1.1950300000e+01
228	229	230	9.405248818e+01	1.1950300000e+01
229	230	231	1.034431523e+02	1.1950300000e+01
230	231	232	1.100170989e+02	1.1950300000e+01
231	232	233	1.226634207e+02	1.1950300000e+01
232	233	234	1.233738961e+02	1.1950300000e+01
233	234	235	1.038218220e+02	1.1950300000e+01
234	235	236	1.071942482e+02	1.1950300000e+01
235	236	237	9.880757237e+01	1.1950300000e+01
238	239	240	1.111023706e+02	1.1950300000e+01
239	240	241	1.001994319e+02	1.1950300000e+01
240	241	242	1.065553926e+02	1.1950300000e+01
241	242	243	1.390409754e+02	1.1950300000e+01
242	243	244	1.376688848e+02	1.1950300000e+01
243	244	245	1.403809855e+02	1.1950300000e+01
244	245	246	1.327831772e+02	1.1950300000e+01
245	246	247	1.223512146e+02	1.1950300000e+01
246	247	248	1.024036525e+02	1.1950300000e+01
247	248	249	9.083267950e+01	1.1950300000e+01
248	249	250	1.257273078e+02	1.1950300000e+01
249	250	251	8.478672813e+01	1.1950300000e+01
250	251	252	9.399623326e+01	1.1950300000e+01
251	252	253	1.152631071e+02	1.1950300000e+01
252	253	254	1.211077494e+02	1.1950300000e+01
253	254	255	8.449659562e+01	1.1950300000e+01
254	255	256	9.197253661e+01	1.1950300000e+01
255	256	257	8.812983346e+01	1.1950300000e+01
256	257	258	9.057023783e+01	1.1950300000e+01
257	258	259	9.318067421e+01	1.1950300000e+01
258	259	260	9.256613808e+01	1.1950300000e+01
259	260	261	1.397145324e+02	1.1950300000e+01
260	261	262	9.515522868e+01	1.1950300000e+01
261	262	263	1.157699013e+02	1.1950300000e+01
262	263	264	1.146131541e+02	1.1950300000e+01
263	264	265	9.245721472e+01	1.1950300000e+01
264	265	266	9.322269060e+01	1.1950300000e+01
265	266	267	9.349866949e+01	1.1950300000e+01
266	267	268	8.902823925e+01	1.1950300000e+01
267	268	269	9.112569292e+01	1.1950300000e+01
268	269	270	9.369003998e+01	1.1950300000e+01
269	270	271	9.048771256e+01	1.1950300000e+01
270	271	272	8.887594210e+01	1.1950300000e+01
271	272	273	9.378790190e+01	1.1950300000e+01
272	273	274	9.361960387e+01	1.1950300000e+01
273	274	275	9.914330980e+01	1.1950300000e+01
274	275	276	9.598739536e+01	1.1950300000e+01
275	276	277	9.547911206e+01	1.1950300000e+01
276	277	278	1.395251680e+02	1.1950300000e+01
277	278	279	8.980598819e+01	1.1950300000e+01
278	279	280	1.364890040e+02	1.1950300000e+01
279	280	281	1.182162137e+02	1.1950300000e+01
280	281	282	1.209242001e+02	1.1950300000e+01
281	282	283	9.338701231e+01	1.1950300000e+01
282	283	284	9.631895894e+01	1.1950300000e+01
283	284	285	9.750547062e+01	1.1950300000e+01
284	285	286	8.994324925e+01	1.1950300000e+01
285	286	287	9.269771802e+01	1.1950300000e+01
286	287	288	9.213124322e+01	1.1950300000e+01
287	288	289	9.428626742e+01	1.1950300000e+01
288	289	290	8.961465706e+01	1.1950300000e+01
289	290	291	9.027233418e+01	1.1950300000e+01
290	291	292	9.370929924e+01	1.1950300000e+01
291	292	293	8.986687024e+01	1.1950300000e+01
292	293	294	9.084024585e+01	1.1950300000e+01
293	294	295	9.408443310e+01	1.1950300000e+01
294	295	296	9.050044936e+01	1.1950300000e+01
295	296	297	8.995426909e+01	1.1950300000e+01
296	297	298	9.113611767e+01	1.1950300000e+01
297	298	299	9.541844097e+01	1.1950300000e+01
298	299	300	9.301888911e+01	1.1950300000e+01
299	300	301	9.201738144e+01	1.1950300000e+01
300	301	302	9.193096510e+01	1.1950300000e+01
301	302	303	9.315367837e+01	1.1950300000e+01
302	303	304	9.347799431e+01	1.1950300000e+01
303	304	305	8.611713786e+01	1.1950300000e+01
304	305	306	9.011724302e+01	1.1950300000e+01
305	306	307	9.057294007e+01	1.1950300000e+01
306	307	308	9.005467367e+01	1.1950300000e+01
307	308	309	9.090420590e+01	1.1950300000e+01
308	309	310	8.769767985e+01	1.1950300000e+01
309	310	311	9.113847581e+01	1.1950300000e+01
310	311	312	9.408088608e+01	1.1950300000e+01
311	312	313	1.299382858e+02	1.1950300000e+01
312	313	314	9.728876942e+01	1.1950300000e+01
313	314	315	1.206237283e+02	1.1950300000e+01
314	315	316	1.121577521e+02	1.1950300000e+01
315	316	317	1.294898428e+02	1.1950300000e+01
316	317	318	9.094093027e+01	1.1950300000e+01
317	318	319	9.114560048e+01	1.1950300000e+01
318	319	320	9.176248165e+01	1.1950300000e+01
319	320	321	8.956996848e+01	1.1950300000e+01
320	321	322	9.240169132e+01	1.1950300000e+01
321	322	323	8.889696829e+01	1.1950300000e+01
322	323	324	9.322952102e+01	1.1950300000e+01
323	324	325	1.011550049e+02	1.1950300000e+01
324	325	326	9.490235694e+01	1.1950300000e+01
325	326	327	9.070544593e+01	1.1950300000e+01
326	327	328	1.149080060e+02	1.1950300000e+01
327	328	329	9.705405698e+01	1.1950300000e+01
328	329	330	9.976478000e+01	1.1950300000e+01
329	330	331	8.853737804e+01	1.1950300000e+01
330	331	332	8.919688095e+01	1.1950300000e+01
331	332	333	9.391121740e+01	1.1950300000e+01
332	333	334	8.822078626e+01	1.1950300000e+01
333	334	335	9.661870126e+01	1.1950300000e+01
334	335	336	9.481701132e+01	1.1950300000e+01
335	336	337	9.718560744e+01	1.1950300000e+01
336	337	338	1.274084237e+02	1.1950300000e+01
337	338	339	1.183310854e+02	1.1950300000e+01
338	339	340	1.060995057e+02	1.1950300000e+01
339	340	341	1.147728819e+02	1.1950300000e+01
340	341	342	8.855418211e+01	1.1950300000e+01
341	342	343	9.971901312e+01	1.1950300000e+01
342	343	344	1.174790548e+02	1.1950300000e+01
343	344	345	1.366430551e+02	1.1950300000e+01
344	345	346	1.148737645e+02	1.1950300000e+01
345	346	347	1.039719244e+02	1.1950300000e+01
346	347	348	1.299862231e+02	1.1950300000e+01
347	348	349	1.189316975e+02	1.1950300000e+01
348	349	350	1.105616286e+02	1.1950300000e+01
349	350	351	9.674976434e+01	1.1950300000e+01
350	351	352	9.034271779e+01	1.1950300000e+01
351	352	353	9.594987584e+01	1.1950300000e+01
352	353	354	1.175609349e+02	1.1950300000e+01
353	354	355	1.250577373e+02	1.1950300000e+01
354	355	356	1.521214379e+02	1.1950300000e+01
355	356	357	7.647927898e+01	1.1950300000e+01
356	357	358	7.871504967e+01	1.1950300000e+01
357	358	359	9.866439063e+01	1.1950300000e+01
358	359	360	1.113303840e+02	1.1950300000e+01
359	360	361	1.153101769e+02	1.1950300000e+01
360	361	362	1.012475667e+02	1.1950300000e+01
361	362	363	9.593778909e+01	1.1950300000e+01
362	363	364	1.038131736e+02	1.1950300000e+01
363	364	365	1.394023135e+02	1.1950300000e+01
366	367	368	1.347570595e+02	1.1950300000e+01
367	368	369	1.091958360e+02	1.1950300000e+01
368	369	370	1.511273183e+02	1.1950300000e+01
369	370	371	1.138059373e+02	1.1950300000e+01
370	371	372	1.662293833e+02	1.1950300000e+01
371	372	373	1.192358799e+02	1.1950300000e+01
372	373	374	9.328580890e+01	1.1950300000e+01
373	374	375	9.627922206e+01	1.1950300000e+01
374	375	376	9.732861222e+01	1.1950300000e+01
375	376	377	1.320849964e+02	1.1950300000e+01
376	377	378	1.262103589e+02	1.1950300000e+01
377	378	379	1.130348299e+02	1.1950300000e+01
378	379	380	1.110909992e+02	1.1950300000e+01
379	380	381	9.444242748e+01	1.1950300000e+01
380	381	382	1.276408204e+02	1.1950300000e+01
381	382	383	1.058344498e+02	1.1950300000e+01
382	383	384	1.322892988e+02	1.1950300000e+01
383	384	385	1.086136358e+02	1.1950300000e+01
384	385	386	1.364265123e+02	1.1950300000e+01
385	386	387	1.173292821e+02	1.1950300000e+01
386	387	388	1.094024666e+02	1.1950300000e+01
387	388	389	1.535571256e+02	1.1950300000e+01
388	389	390	1.045659281e+02	1.1950300000e+01
389	390	391	1.042140129e+02	1.1950300000e+01
390	391	392	9.551935292e+01	1.1950300000e+01
391	392	393	1.153123811e+02	1.1950300000e+01
392	393	394	1.123486162e+02	1.1950300000e+01
393	394	395	1.059251803e+02	1.1950300000e+01
394	395	396	1.182715219e+02	1.1950300000e+01
395	396	397	1.069942966e+02	1.1950300000e+01
396	397	398	1.249070116e+02	1.1950300000e+01
397	398	399	1.414180504e+02	1.1950300000e+01
398	399	400	9.152725540e+01	1.1950300000e+01
399	400	401	9.905463961e+01	1.1950300000e+01
400	401	402	9.034193071e+01	1.1950300000e+01
401	402	403	9.407933017e+01	1.1950300000e+01
402	403	404	8.587033136e+01	1.1950300000e+01
403	404	405	9.157481997e+01	1.1950300000e+01
404	405	406	9.120344876e+01	1.1950300000e+01
405	406	407	9.322990833e+01	1.1950300000e+01
406	407	408	8.985674354e+01	1.1950300000e+01
407	408	409	9.020831116e+01	1.1950300000e+01
408	409	410	9.334058659e+01	1.1950300000e+01
409	410	411	1.025075273e+02	1.1950300000e+01
410	411	412	1.080468375e+02	1.1950300000e+01
411	412	413	9.597766469e+01	1.1950300000e+01
412	413	414	9.871437338e+01	1.1950300000e+01
413	414	415	1.231859011e+02	1.1950300000e+01
414	415	416	1.310144980e+02	1.1950300000e+01
415	416	417	1.299416690e+02	1.1950300000e+01
416	417	418	1.203035458e+02	1.1950300000e+01
417	418	419	9.068136503e+01	1.1950300000e+01
418	419	420	9.060383187e+01	1.1950300000e+01
419	420	421	8.817267406e+01	1.1950300000e+01
420	421	422	8.911556698e+01	1.1950300000e+01
421	422	423	8.729590117e+01	1.1950300000e+01
422	423	424	9.013913018e+01	1.1950300000e+01
423	424	425	9.118738947e+01	1.1950300000e+01
424	425	426	9.019189136e+01	1.1950300000e+01
425	426	427	8.995890539e+01	1.1950300000e+01
426	427	428	9.403153250e+01	1.1950300000e+01
427	428	429	9.251350077e+01	1.1950300000e+01
428	429	430	9.203941608e+01	1.1950300000e+01
429	430	431	9.393898995e+01	1.1950300000e+01
430	431	432	9.075826069e+01	1.1950300000e+01
431	432	433	8.954714161e+01	1.1950300000e+01
432	433	434	9.365714982e+01	1.1950300000e+01
433	434	435	9.411782120e+01	1.1950300000e+01
434	435	436	9.368937935e+01	1.1950300000e+01
435	436	437	9.183789737e+01	1.1950300000e+01
436	437	438	9.176440077e+01	1.1950300000e+01
437	438	439	8.978925336e+01	1.1950300000e+01
438	439	440	9.007157175e+01	1.1950300000e+01
439	440	441	9.132849080e+01	1.1950300000e+01
440	441	442	9.063971389e+01	1.1950300000e+01
441	442	443	9.125602645e+01	1.1950300000e+01
442	443	444	9.239475249e+01	1.1950300000e+01
443	444	445	9.314580584e+01	1.1950300000e+01
444	445	446	8.713561407e+01	1.1950300000e+01
445	446	447	9.511163347e+01	1.1950300000e+01
446	447	448	9.251176356e+01	1.1950300000e+01
447	448	449	1.220942218e+02	1.1950300000e+01
448	449	450	9.531958199e+01	1.1950300000e+01
449	450	451	1.273347722e+02	1.1950300000e+01
450	451	452	1.054781842e+02	1.1950300000e+01
451	452	453	1.312212570e+02	1.1950300000e+01
452	453	454	8.454196264e+01	1.1950300000e+01
453	454	455	9.230324301e+01	1.1950300000e+01
454	455	456	8.890061983e+01	1.1950300000e+01
455	456	457	9.016874565e+01	1.1950300000e+01
456	457	458	9.398870396e+01	1.1950300000e+01
457	458	459	9.134632311e+01	1.1950300000e+01
458	459	460	8.689768876e+01	1.1950300000e+01
459	460	461	9.176026794e+01	1.1950300000e+01
460	461	462	9.065995832e+01	1.1950300000e+01
461	462	463	9.512539545e+01	1.1950300000e+01
462	463	464	1.064664442e+02	1.1950300000e+01
463	464	465	1.267227778e+02	1.1950300000e+01
464	465	466	1.195318611e+02	1.1950300000e+01
465	466	467	1.121997325e+02	1.1950300000e+01
466	467	468	9.388034308e+01	1.1950300000e+01
467	468	469	9.250536679e+01	1.1950300000e+01
468	469	470	8.942630359e+01	1.1950300000e+01
469	470	471	9.495278398e+01	1.1950300000e+01
470	471	472	9.208180498e+01	1.1950300000e+01
471	472	473	9.136078567e+01	1.1950300000e+01
472	473	474	8.979372469e+01	1.1950300000e+01
473	474	475	9.310933082e+01	1.1950300000e+01
474	475	476	9.253711202e+01	1.1950300000e+01
475	476	477	9.227985559e+01	1.1950300000e+01
476	477	478	9.277412635e+01	1.1950300000e+01
477	478	479	9.036244075e+01	1.1950300000e+01
478	479	480	9.527056284e+01	1.1950300000e+01
479	480	481	9.218871603e+01	1.1950300000e+01
480	481	482	9.014584658e+01	1.1950300000e+01
481	482	483	9.270633689e+01	1.1950300000e+01
482	483	484	9.125327956e+01	1.1950300000e+01
483	484	485	9.217179904e+01	1.1950300000e+01
484	485	486	9.000826041e+01	1.1950300000e+01
485	486	487	1.297780107e+02	1.1950300000e+01
488	489	490	9.401214228e+01	1.1950300000e+01
489	490	491	9.152614652e+01	1.1950300000e+01
490	491	492	1.285075152e+02	1.1950300000e+01
491	492	493	1.291376691e+02	1.1950300000e+01
492	493	494	1.110546162e+02	1.1950300000e+01
493	494	495	8.946325925e+01	1.1950300000e+01
494	495	496	1.062676297e+02	1.1950300000e+01
495	496	497	1.207467293e+02	1.1950300000e+01
496	497	498	1.145135105e+02	1.1950300000e+01
497	498	499	9.765168560e+01	1.1950300000e+01
498	499	500	8.627516295e+01	1.1950300000e+01
499	500	501	1.175077598e+02	1.1950300000e+01
500	501	502	9.622278680e+01	1.1950300000e+01
501	502	503	1.365043689e+02	1.1950300000e+01
502	503	504	1.300799529e+02	1.1950300000e+01
503	504	505	9.501217519e+01	1.1950300000e+01
504	505	506	1.296038434e+02	1.1950300000e+01
505	506	507	9.215358672e+01	1.1950300000e+01
506	507	508	1.453390277e+02	1.1950300000e+01
507	508	509	1.368790086e+02	1.1950300000e+01
508	509	510	1.185024339e+02	1.1950300000e+01
509	510	511	1.091798592e+02	1.1950300000e+01
510	511	512	1.473486535e+02	1.1950300000e+01
511	512	513	1.066014344e+02	1.1950300000e+01
512	513	514	1.104501240e+02	1.1950300000e+01
513	514	515	9.821356109e+01	1.1950300000e+01
514	515	516	1.133031019e+02	1.1950300000e+01
515	516	517	9.278990596e+01	1.1950300000e+01
516	517	518	9.965626072e+01	1.1950300000e+01
517	518	519	9.021037332e+01	1.1950300000e+01
518	519	520	1.255474362e+02	1.1950300000e+01
519	520	521	1.136196369e+02	1.1950300000e+01
520	521	522	1.152313598e+02	1.1950300000e+01
521	522	523	1.180586238e+02	1.1950300000e+01
522	523	524	1.358198293e+02	1.1950300000e+01
523	524	525	1.268821690e+02	1.1950300000e+01
524	525	526	1.087616442e+02	1.1950300000e+01
525	526	527	1.193676135e+02	1.1950300000e+01
526	527	528	1.308027617e+02	1.1950300000e+01
527	528	529	1.117281111e+02	1.1950300000e+01
528	529	530	1.211749420e+02	1.1950300000e+01
529	530	531	1.058021872e+02	1.1950300000e+01
530	531	532	9.830273876e+01	1.1950300000e+01
531	532	533	9.491762351e+01	1.1950300000e+01
532	533	534	9.125114754e+01	1.1950300000e+01
533	534	535	8.806623958e+01	1.1950300000e+01
534	535	536	8.940434954e+01	1.1950300000e+01
535	536	537	8.928483544e+01	1.1950300000e+01
536	537	538	9.267851071e+01	1.1950300000e+01
537	538	539	8.894042760e+01	1.1950300000e+01
538	539	540	9.173909511e+01	1.1950300000e+01
539	540	541	9.676826851e+01	1.1950300000e+01
540	541	542	9.583709202e+01	1.1950300000e+01
541	542	543	8.881993028e+01	1.1950300000e+01
542	543	544	9.453107348e+01	1.1950300000e+01
543	544	545	1.338213188e+02	1.1950300000e+01
544	545	546	1.058817942e+02	1.1950300000e+01
545	546	547	1.179074384e+02	1.1950300000e+01
546	547	548	1.118570770e+02	1.1950300000e+01
547	548	549	1.026498867e+02	1.1950300000e+01
548	549	550	1.149569136e+02	1.1950300000e+01
549	550	551	1.110626601e+02	1.1950300000e+01
550	551	552	1.049715957e+02	1.1950300000e+01
551	552	553	9.497874682e+01	1.1950300000e+01
552	553	554	8.875812912e+01	1.1950300000e+01
553	554	555	9.011361316e+01	1.1950300000e+01
554	555	556	9.195318621e+01	1.1950300000e+01
555	556	557	9.151870358e+01	1.1950300000e+01
556	557	558	8.961455171e+01	1.1950300000e+01
557	558	559	9.140075482e+01	1.1950300000e+01
558	559	560	9.270274649e+01	1.1950300000e+01
559	560	561	9.376975887e+01	1.1950300000e+01
560	561	562	9.375510986e+01	1.1950300000e+01
561	562	563	9.086152554e+01	1.1950300000e+01
562	563	564	8.961672925e+01	1.1950300000e+01
563	564	565	8.870578936e+01	1.1950300000e+01
564	565	566	9.784271958e+01	1.1950300000e+01
565	566	567	1.305498272e+02	1.1950300000e+01
566	567	568	1.240817819e+02	1.1950300000e+01
567	568	569	9.872360567e+01	1.1950300000e+01
568	569	570	1.241278536e+02	1.1950300000e+01
569	570	571	1.231595854e+02	1.1950300000e+01
570	571	572	1.322547782e+02	1.1950300000e+01
571	572	573	1.030887991e+02	1.1950300000e+01
572	573	574	9.025953451e+01	1.1950300000e+01
573	574	575	8.748414396e+01	1.1950300000e+01
574	575	576	8.860122470e+01	1.1950300000e+01
575	576	577	9.289942253e+01	1.1950300000e+01
576	577	578	8.880385482e+01	1.1950300000e+01
577	578	579	9.037167820e+01	1.1950300000e+01
578	579	580	9.082304020e+01	1.1950300000e+01
579	580	581	9.387906161e+01	1.1950300000e+01
580	581	582	9.051031744e+01	1.1950300000e+01
581	582	583	9.377240683e+01	1.1950300000e+01
582	583	584	9.422987582e+01	1.1950300000e+01
583	584	585	9.416623327e+01	1.1950300000e+01
584	585	586	8.793226388e+01	1.1950300000e+01
585	586	587	9.287033403e+01	1.1950300000e+01
586	587	588	9.541461360e+01	1.1950300000e+01
587	588	589	9.165002472e+01	1.1950300000e+01
588	589	590	9.016519979e+01	1.1950300000e+01
589	590	591	9.071179253e+01	1.1950300000e+01
590	591	592	8.803121616e+01	1.1950300000e+01
591	592	593	9.000320860e+01	1.1950300000e+01
592	593	594	9.130582891e+01	1.1950300000e+01
593	594	595	9.026744318e+01	1.1950300000e+01
594	595	596	8.957709752e+01	1.1950300000e+01
595	596	597	8.717100794e+01	1.1950300000e+01
596	597	598	9.398063813e+01	1.1950300000e+01
597	598	599	8.910775554e+01	1.1950300000e+01
598	599	600	9.107292463e+01	1.1950300000e+01
599	600	601	8.768945646e+01	1.1950300000e+01
600	601	602	9.107319424e+01	1.1950300000e+01
601	602	603	9.426772845e+01	1.1950300000e+01
602	603	604	1.332162172e+02	1.1950300000e+01
603	604	605	9.183335027e+01	1.1950300000e+01
604	605	606	1.182303390e+02	1.1950300000e+01
605	606	607	1.156232936e+02	1.1950300000e+01
606	607	608	1.348543250e+02	1.1950300000e+01
607	608	609	9.063992287e+01	1.1950300000e+01
608	609	610	9.042340148e+01	1.1950300000e+01
609	610	611	9.069475378e+01	1.1950300000e+01
610	611	612	8.921631393e+01	1.1950300000e+01
611	612	613	9.328695659e+01	1.1950300000e+01
612	613	614	9.259627325e+01	1.1950300000e+01
613	614	615	9.222297459e+01	1.1950300000e+01
614	615	616	9.092529353e+01	1.1950300000e+01
615	616	617	9.370325976e+01	1.1950300000e+01
616	617	618	8.923590121e+01	1.1950300000e+01
617	618	619	8.905708255e+01	1.1950300000e+01
618	619	620	9.316659065e+01	1.1950300000e+01
619	620	621	9.014944591e+01	1.1950300000e+01
620	621	622	1.143394552e+02	1.1950300000e+01
623	624	625	1.002968658e+02	1.1950300000e+01
624	625	626	1.303341300e+02	1.1950300000e+01
625	626	627	1.249107888e+02	1.1950300000e+01
626	627	628	1.207199715e+02	1.1950300000e+01
627	628	629	1.193456643e+02	1.1950300000e+01
628	629	630	9.462045270e+01	1.1950300000e+01
629	630	631	8.747271835e+01	1.1950300000e+01
630	631	632	1.182810983e+02	1.1950300000e+01
631	632	633	1.389943714e+02	1.1950300000e+01
632	633	634	1.490946262e+02	1.1950300000e+01
633	634	635	1.266069472e+02	1.1950300000e+01
634	635	636	1.106227169e+02	1.1950300000e+01
635	636	637	8.848849820e+01	1.1950300000e+01
636	637	638	1.061709166e+02	1.1950300000e+01
637	638	639	1.135588783e+02	1.1950300000e+01
638	639	640	1.214119206e+02	1.1950300000e+01
639	640	641	1.368598230e+02	1.1950300000e+01
640	641	642	1.160824010e+02	1.1950300000e+01
641	642	643	1.199731924e+02	1.1950300000e+01
642	643	644	1.137686630e+02	1.1950300000e+01
643	644	645	1.158054304e+02	1.1950300000e+01
644	645	646	1.407428235e+02	1.1950300000e+01
645	646	647	9.347837415e+01	1.1950300000e+01
646	647	648	9.089719041e+01	1.1950300000e+01
647	648	649	8.365236479e+01	1.1950300000e+01
648	649	650	8.563236959e+01	1.1950300000e+01
649	650	651	8.438971000e+01	1.1950300000e+01
650	651	652	9.126509412e+01	1.1950300000e+01
651	652	653	1.340780539e+02	1.1950300000e+01
652	653	654	9.037098443e+01	1.1950300000e+01
653	654	655	9.092745607e+01	1.1950300000e+01
654	655	656	9.308879039e+01	1.1950300000e+01
655	656	657	9.007586304e+01	1.1950300000e+01
656	657	658	8.823135939e+01	1.1950300000e+01
657	658	659	9.230534256e+01	1.1950300000e+01
658	659	660	8.976012600e+01	1.1950300000e+01
659	660	661	8.953150158e+01	1.1950300000e+01
660	661	662	9.220371866e+01	1.1950300000e+01
661	662	663	8.339268452e+01	1.1950300000e+01
662	663	664	8.733713120e+01	1.1950300000e+01
663	664	665	9.731923656e+01	1.1950300000e+01
664	665	666	1.167617784e+02	1.1950300000e+01
665	666	667	1.037452065e+02	1.1950300000e+01
666	667	668	1.297253598e+02	1.1950300000e+01
667	668	669	1.315682858e+02	1.1950300000e+01
668	669	670	1.173064871e+02	1.1950300000e+01
669	670	671	9.359290180e+01	1.1950300000e+01
670	671	672	9.233685835e+01	1.1950300000e+01
671	672	673	9.442726151e+01	1.1950300000e+01
672	673	674	9.855056481e+01	1.1950300000e+01
673	674	675	9.003469661e+01	1.1950300000e+01
674	675	676	9.010878409e+01	1.1950300000e+01
675	676	677	9.222205497e+01	1.1950300000e+01
676	677	678	8.899136204e+01	1.1950300000e+01
677	678	679	9.175920506e+01	1.1950300000e+01
678	679	680	9.258810610e+01	1.1950300000e+01
679	680	681	9.129494963e+01	1.1950300000e+01
680	681	682	9.078084165e+01	1.1950300000e+01
681	682	683	9.086159834e+01	1.1950300000e+01
682	683	684	9.206381951e+01	1.1950300000e+01
683	684	685	9.499017418e+01	1.1950300000e+01
684	685	686	8.962053388e+01	1.1950300000e+01
685	686	687	9.821561630e+01	1.1950300000e+01
686	687	688	9.440340674e+01	1.1950300000e+01
687	688	689	9.120287553e+01	1.1950300000e+01
688	689	690	9.052209811e+01	1.1950300000e+01
689	690	691	9.388452853e+01	1.1950300000e+01
690	691	692	9.144427760e+01	1.1950300000e+01
691	692	693	9.040766246e+01	1.1950300000e+01
692	693	694	8.757670655e+01	1.1950300000e+01
693	694	695	8.944219771e+01	1.1950300000e+01
694	695	696	9.339586853e+01	1.1950300000e+01
695	696	697	9.365189137e+01	1.1950300000e+01
696	697	698	8.796426932e+01	1.1950300000e+01
697	698	699	8.947229959e+01	1.1950300000e+01
698	699	700	9.171050154e+01	1.1950300000e+01
699	700	701	1.285569901e+02	1.1950300000e+01
700	701	702	9.332636088e+01	1.1950300000e+01
701	702	703	1.230627805e+02	1.1950300000e+01
702	703	704	1.079386417e+02	1.1950300000e+01
703	704	705	1.297279933e+02	1.1950300000e+01
704	705	706	8.431039342e+01	1.1950300000e+01
705	706	707	9.201369633e+01	1.1950300000e+01
706	707	708	8.722912370e+01	1.1950300000e+01
707	708	709	9.391931222e+01	1.1950300000e+01
708	709	710	9.168833091e+01	1.1950300000e+01
709	710	711	9.147524299e+01	1.1950300000e+01
710	711	712	9.026287793e+01	1.1950300000e+01
711	712	713	9.176589793e+01	1.1950300000e+01
712	713	714	9.396068723e+01	1.1950300000e+01
713	714	715	8.969450751e+01	1.1950300000e+01
714	715	716	9.101041625e+01	1.1950300000e+01
715	716	717	9.405514616e+01	1.1950300000e+01
716	717	718	9.856522263e+01	1.1950300000e+01
717	718	719	1.118241140e+02	1.1950300000e+01
718	719	720	1.252838116e+02	1.1950300000e+01
719	720	721	1.235155402e+02	1.1950300000e+01
720	721	722	1.024187766e+02	1.1950300000e+01
721	722	723	1.051640025e+02	1.1950300000e+01
722	723	724	1.348796511e+02	1.1950300000e+01
725	726	727	1.218432483e+02	1.1950300000e+01
726	727	728	9.869645880e+01	1.1950300000e+01
727	728	729	1.395654982e+02	1.1950300000e+01
728	729	730	8.768054164e+01	1.1950300000e+01
729	730	731	8.735354274e+01	1.1950300000e+01
730	731	732	9.210861233e+01	1.1950300000e+01
731	732	733	1.327473730e+02	1.1950300000e+01
732	733	734	1.202436974e+02	1.1950300000e+01
733	734	735	8.615097387e+01	1.1950300000e+01
734	735	736	8.427699471e+01	1.1950300000e+01
735	736	737	1.265423615e+02	1.1950300000e+01
736	737	738	9.140132022e+01	1.1950300000e+01
737	738	739	1.026262777e+02	1.1950300000e+01
738	739	740	1.261055165e+02	1.1950300000e+01
739	740	741	1.153598177e+02	1.1950300000e+01
740	741	742	8.882975316e+01	1.1950300000e+01
741	742	743	9.035929877e+01	1.1950300000e+01
742	743	744	9.115529419e+01	1.1950300000e+01
743	744	745	8.925671044e+01	1.1950300000e+01
744	745	746	9.142927287e+01	1.1950300000e+01
745	746	747	8.989515572e+01	1.1950300000e+01
746	747	748	1.377343168e+02	1.1950300000e+01
747	748	749	9.294499199e+01	1.1950300000e+01
748	749	750	1.164077658e+02	1.1950300000e+01
749	750	751	1.093492230e+02	1.1950300000e+01
750	751	752	9.390080870e+01	1.1950300000e+01
751	752	753	9.286007013e+01	1.1950300000e+01
752	753	754	8.983417020e+01	1.1950300000e+01
753	754	755	8.854789769e+01	1.1950300000e+01
754	755	756	9.118871960e+01	1.1950300000e+01
755	756	757	9.314892606e+01	1.1950300000e+01
756	757	758	9.167841023e+01	1.1950300000e+01
757	758	759	8.958470466e+01	1.1950300000e+01
758	759	760	9.516876515e+01	1.1950300000e+01
759	760	761	9.247335478e+01	1.1950300000e+01
760	761	762	9.347534036e+01	1.1950300000e+01
761	762	763	9.202137450e+01	1.1950300000e+01
762	763	764	9.252117718e+01	1.1950300000e+01
763	764	765	1.428621266e+02	1.1950300000e+01
764	765	766	9.091465859e+01	1.1950300000e+01
765	766	767	1.363305138e+02	1.1950300000e+01
766	767	768	1.196851046e+02	1.1950300000e+01
767	768	769	1.195646492e+02	1.1950300000e+01
768	769	770	9.621626323e+01	1.1950300000e+01
769	770	771	9.420609003e+01	1.1950300000e+01
770	771	772	9.714068023e+01	1.1950300000e+01
771	772	773	8.986110882e+01	1.1950300000e+01
772	773	774	9.381098568e+01	1.1950300000e+01
773	774	775	9.070678777e+01	1.1950300000e+01
774	775	776	9.556441177e+01	1.1950300000e+01
775	776	777	8.801830227e+01	1.1950300000e+01
776	777	778	9.200711040e+01	1.1950300000e+01
777	778	779	9.228330438e+01	1.1950300000e+01
778	779	780	9.076297367e+01	1.1950300000e+01
779	780	781	9.202266306e+01	1.1950300000e+01
780	781	782	9.304374687e+01	1.1950300000e+01
781	782	783	9.139391052e+01	1.1950300000e+01
782	783	784	8.953327681e+01	1.1950300000e+01
783	784	785	9.185900568e+01	1.1950300000e+01
784	785	786	9.339529179e+01	1.1950300000e+01
785	786	787	9.533667166e+01	1.1950300000e+01
786	787	788	8.996440625e+01	1.1950300000e+01
787	788	789	9.055027673e+01	1.1950300000e+01
788	789	790	9.599120723e+01	1.1950300000e+01
789	790	791	8.980623194e+01	1.1950300000e+01
790	791	792	8.872537184e+01	1.1950300000e+01
791	792	793	8.814700686e+01	1.1950300000e+01
792	793	794	9.275326799e+01	1.1950300000e+01
793	794	795	8.775407492e+01	1.1950300000e+01
794	795	796	9.187383719e+01	1.1950300000e+01
795	796	797	8.900339353e+01	1.1950300000e+01
796	797	798	9.291531281e+01	1.1950300000e+01
797	798	799	9.412952421e+01	1.1950300000e+01
798	799	800	1.341961093e+02	1.1950300000e+01
799	800	801	9.633330954e+01	1.1950300000e+01
800	801	802	1.209215906e+02	1.1950300000e+01
801	802	803	1.121093432e+02	1.1950300000e+01
802	803	804	1.285896997e+02	1.1950300000e+01
803	804	805	9.058126737e+01	1.1950300000e+01
804	805	806	9.039475249e+01	1.1950300000e+01
805	806	807	9.224927385e+01	1.1950300000e+01
806	807	808	8.964717670e+01	1.1950300000e+01
807	808	809	9.239730166e+01	1.1950300000e+01
808	809	810	8.995388951e+01	1.1950300000e+01
809	810	811	9.534070867e+01	1.1950300000e+01
810	811	812	9.874936718e+01	1.1950300000e+01
811	812	813	9.490171353e+01	1.1950300000e+01
812	813	814	8.970797918e+01	1.1950300000e+01
813	814	815	1.129754849e+02	1.1950300000e+01
814	815	816	9.568170665e+01	1.1950300000e+01
815	816	817	9.890954012e+01	1.1950300000e+01
816	817	818	8.817637594e+01	1.1950300000e+01
817	818	819	8.985487812e+01	1.1950300000e+01
818	819	820	9.445177379e+01	1.1950300000e+01
819	820	821	8.846142261e+01	1.1950300000e+01
820	821	822	9.349243938e+01	1.1950300000e+01
821	822	823	9.255725037e+01	1.1950300000e+01
822	823	824	9.699836233e+01	1.1950300000e+01
823	824	825	1.287585974e+02	1.1950300000e+01
824	825	826	1.176692842e+02	1.1950300000e+01
825	826	827	1.053159228e+02	1.1950300000e+01
826	827	828	1.147997085e+02	1.1950300000e+01
827	828	829	8.719810819e+01	1.1950300000e+01
828	829	830	1.004993383e+02	1.1950300000e+01
829	830	831	1.190711358e+02	1.1950300000e+01
830	831	832	1.360402913e+02	1.1950300000e+01
831	832	833	1.161220998e+02	1.1950300000e+01
832	833	834	1.042723438e+02	1.1950300000e+01
833	834	835	1.297258204e+02	1.1950300000e+01
834	835	836	1.189070546e+02	1.1950300000e+01
835	836	837	1.074904495e+02	1.1950300000e+01
836	837	838	9.469591821e+01	1.1950300000e+01
837	838	839	8.915376873e+01	1.1950300000e+01
838	839	840	9.491895804e+01	1.1950300000e+01
839	840	841	1.197161589e+02	1.1950300000e+01
840	841	842	1.216340608e+02	1.1950300000e+01
841	842	843	1.076005709e+02	1.1950300000e+01
842	843	844	9.753988641e+01	1.1950300000e+01
843	844	845	1.237161585e+02	1.1950300000e+01
844	845	846	1.226853455e+02	1.1950300000e+01
845	846	847	9.384759684e+01	1.1950300000e+01
846	847	848	1.135709865e+02	1.1950300000e+01
847	848	849	1.230775805e+02	1.1950300000e+01
848	849	850	1.016170199e+02	1.1950300000e+01
849	850	851	1.006581975e+02	1.1950300000e+01
850	851	852	9.537888322e+01	1.1950300000e+01
853	854	855	1.295652609e+02	1.1950300000e+01
854	855	856	9.629608125e+01	1.1950300000e+01
855	856	857	9.856818711e+01	1.1950300000e+01
856	857	858	8.635138498e+01	1.1950300000e+01
857	858	859	1.326550014e+02	1.1950300000e+01
858	859	860	1.271438997e+02	1.1950300000e+01
859	860	861	1.042633188e+02	1.1950300000e+01
860	861	862	9.834964048e+01	1.1950300000e+01
861	862	863	1.301545414e+02	1.1950300000e+01
862	863	864	1.353310610e+02	1.1950300000e+01
863	864	865	1.308316367e+02	1.1950300000e+01
864	865	866	1.214033772e+02	1.1950300000e+01
865	866	867	1.049311004e+02	1.1950300000e+01
866	867	868	9.977224804e+01	1.1950300000e+01
867	868	869	1.316732885e+02	1.1950300000e+01
868	869	870	1.331896648e+02	1.1950300000e+01
869	870	871	1.252829881e+02	1.1950300000e+01
870	871	872	9.123133680e+01	1.1950300000e+01
871	872	873	1.401680290e+02	1.1950300000e+01
872	873	874	1.049606759e+02	1.1950300000e+01
873	874	875	8.509093752e+01	1.1950300000e+01
874	875	876	9.261530412e+01	1.1950300000e+01
875	876	877	1.130715348e+02	1.1950300000e+01
876	877	878	1.013687873e+02	1.1950300000e+01
877	878	879	1.067397542e+02	1.1950300000e+01
878	879	880	8.143450663e+01	1.1950300000e+01
879	880	881	9.352473655e+01	1.1950300000e+01
880	881	882	9.298141334e+01	1.1950300000e+01
881	882	883	1.128990436e+02	1.1950300000e+01
882	883	884	1.065481519e+02	1.1950300000e+01
883	884	885	1.282428604e+02	1.1950300000e+01
884	885	886	1.410661442e+02	1.1950300000e+01
885	886	887	9.271291731e+01	1.1950300000e+01
886	887	888	9.762301309e+01	1.1950300000e+01
887	888	889	9.215470101e+01	1.1950300000e+01
888	889	890	9.352508923e+01	1.1950300000e+01
889	890	891	8.573601052e+01	1.1950300000e+01
890	891	892	9.178234978e+01	1.1950300000e+01
891	892	893	9.171124013e+01	1.1950300000e+01
892	893	894	9.201627312e+01	1.1950300000e+01
893	894	895	8.787058224e+01	1.1950300000e+01
894	895	896	9.232791612e+01	1.1950300000e+01
895	896	897	9.251595402e+01	1.1950300000e+01
896	897	898	1.009803671e+02	1.1950300000e+01
897	898	899	1.108597039e+02	1.1950300000e+01
898	899	900	9.331505189e+01	1.1950300000e+01
899	900	901	9.928156212e+01	1.1950300000e+01
900	901	902	1.268926515e+02	1.1950300000e+01
901	902	903	1.312639478e+02	1.1950300000e+01
902	903	904	1.295889318e+02	1.1950300000e+01
903	904	905	1.217227668e+02	1.1950300000e+01
904	905	906	9.223289724e+01	1.1950300000e+01
905	906	907	8.888615848e+01	1.1950300000e+01
906	907	908	9.165785581e+01	1.1950300000e+01
907	908	909	8.970717111e+01	1.1950300000e+01
908	909	910	8.863224829e+01	1.1950300000e+01
909	910	911	8.708302146e+01	1.1950300000e+01
910	911	912	9.265972878e+01	1.1950300000e+01
911	912	913	8.901790426e+01	1.1950300000e+01
912	913	914	8.864521472e+01	1.1950300000e+01
913	914	915	9.608315089e+01	1.1950300000e+01
914	915	916	9.143937984e+01	1.1950300000e+01
915	916	917	9.062587185e+01	1.1950300000e+01
916	917	918	9.545471719e+01	1.1950300000e+01
917	918	919	9.120643581e+01	1.1950300000e+01
918	919	920	9.004975983e+01	1.1950300000e+01
919	920	921	9.434360323e+01	1.1950300000e+01
920	921	922	9.386164928e+01	1.1950300000e+01
921	922	923	9.378590981e+01	1.1950300000e+01
922	923	924	9.137577867e+01	1.1950300000e+01
923	924	925	9.135407102e+01	1.1950300000e+01
924	925	926	9.020995205e+01	1.1950300000e+01
925	926	927	8.937066183e+01	1.1950300000e+01
926	927	928	9.412516450e+01	1.1950300000e+01
927	928	929	9.098075328e+01	1.1950300000e+01
928	929	930	9.222579274e+01	1.1950300000e+01
929	930	931	9.178647991e+01	1.1950300000e+01
930	931	932	9.165902546e+01	1.1950300000e+01
931	932	933	8.883900128e+01	1.1950300000e+01
932	933	934	9.454940233e+01	1.1950300000e+01
933	934	935	9.292889588e+01	1.1950300000e+01
934	935	936	1.223627852e+02	1.1950300000e+01
935	936	937	9.272688276e+01	1.1950300000e+01
936	937	938	1.313048962e+02	1.1950300000e+01
937	938	939	1.057323708e+02	1.1950300000e+01
938	939	940	1.319347494e+02	1.1950300000e+01
939	940	941	8.740689003e+01	1.1950300000e+01
940	941	942	9.104625808e+01	1.1950300000e+01
941	942	943	9.043407394e+01	1.1950300000e+01
942	943	944	8.926831895e+01	1.1950300000e+01
943	944	945	9.499317381e+01	1.1950300000e+01
944	945	946	9.043413806e+01	1.1950300000e+01
945	946	947	8.846553087e+01	1.1950300000e+01
946	947	948	9.128187085e+01	1.1950300000e+01
947	948	949	9.073163297e+01	1.1950300000e+01
948	949	950	9.531477168e+01	1.1950300000e+01
949	950	951	1.064714704e+02	1.1950300000e+01
950	951	952	1.270338115e+02	1.1950300000e+01
951	952	953	1.177409178e+02	1.1950300000e+01
952	953	954	1.094360940e+02	1.1950300000e+01
953	954	955	9.397751163e+01	1.1950300000e+01
954	955	956	8.885501554e+01	1.1950300000e+01
955	956	957	9.421382862e+01	1.1950300000e+01
956	957	958	9.311897858e+01	1.1950300000e+01
957	958	959	9.294674798e+01	1.1950300000e+01
958	959	960	8.857916712e+01	1.1950300000e+01
959	960	961	9.099306392e+01	1.1950300000e+01
960	961	962	9.094444579e+01	1.1950300000e+01
961	962	963	9.364282272e+01	1.1950300000e+01
962	963	964	9.322034421e+01	1.1950300000e+01
963	964	965	9.009380033e+01	1.1950300000e+01
964	965	966	9.470730202e+01	1.1950300000e+01
965	966	967	9.237650464e+01	1.1950300000e+01
966	967	968	9.162239214e+01	1.1950300000e+01
967	968	969	9.369496285e+01	1.1950300000e+01
968	969	970	9.088350884e+01	1.1950300000e+01
969	970	971	8.898648845e+01	1.1950300000e+01
970	971	972	9.728048645e+01	1.1950300000e+01
971	972	973	8.367612626e+01	1.1950300000e+01
972	973	974	1.261057213e+02	1.1950300000e+01
975	976	977	1.310946059e+02	1.1950300000e+01
976	977	978	9.731420796e+01	1.1950300000e+01
977	978	979	1.215363683e+02	1.1950300000e+01
978	979	980	8.949451318e+01	1.1950300000e+01
979	980	981	1.088430122e+02	1.1950300000e+01
980	981	982	7.363867715e+01	1.1950300000e+01
981	982	983	9.260467565e+01	1.1950300000e+01
982	983	984	1.151366422e+02	1.1950300000e+01
983	984	985	1.039290409e+02	1.1950300000e+01
984	985	986	1.381467532e+02	1.1950300000e+01
985	986	987	1.278059046e+02	1.1950300000e+01
986	987	988	9.080884817e+01	1.1950300000e+01
987	988	989	1.125310425e+02	1.1950300000e+01
988	989	990	1.014947089e+02	1.1950300000e+01
989	990	991	8.509055676e+01	1.1950300000e+01
990	991	992	1.337156084e+02	1.1950300000e+01
991	992	993	9.846931181e+01	1.1950300000e+01
992	993	994	1.289383511e+02	1.1950300000e+01
993	994	995	1.243090829e+02	1.1950300000e+01
994	995	996	1.213948865e+02	1.1950300000e+01
995	996	997	1.109087402e+02	1.1950300000e+01
996	997	998	1.294223915e+02	1.1950300000e+01
997	998	999	9.186564743e+01	1.1950300000e+01
998	999	1000	1.215862748e+02	1.1950300000e+01
999	1000	1001	1.166075445e+02	1.1950300000e+01
1000	1001	1002	1.103962007e+02	1.1950300000e+01
1001	1002	1003	1.284385571e+02	1.1950300000e+01
1002	1003	1004	1.161933619e+02	1.1950300000e+01
1003	1004	1005	8.531704547e+01	1.1950300000e+01
1004	1005	1006	1.272251788e+02	1.1950300000e+01
1005	1006	1007	1.198391700e+02	1.1950300000e+01
1006	1007	1008	1.271679634e+02	1.1950300000e+01
1007	1008	1009	1.390092732e+02	1.1950300000e+01
1008	1009	1010	1.157585442e+02	1.1950300000e+01
1009	1010	1011	1.060797243e+02	1.1950300000e+01
1010	1011	1012	1.057853147e+02	1.1950300000e+01
1011	1012	1013	1.178747484e+02	1.1950300000e+01
1012	1013	1014	1.198171446e+02	1.1950300000e+01
1013	1014	1015	1.309444789e+02	1.1950300000e+01
1014	1015	1016	1.136086608e+02	1.1950300000e+01
1015	1016	1017	1.201898642e+02	1.1950300000e+01
1016	1017	1018	1.050674352e+02	1.1950300000e+01
1017	1018	1019	9.811318737e+01	1.1950300000e+01
1018	1019	1020	9.386421880e+01	1.1950300000e+01
1019	1020	1021	9.290801468e+01	1.1950300000e+01
1020	1021	1022	8.714427001e+01	1.1950300000e+01
1021	1022	1023	9.074679554e+01	1.1950300000e+01
1022	1023	1024	8.929216911e+01	1.1950300000e+01
1023	1024	1025	9.305487102e+01	1.1950300000e+01
1024	1025	1026	8.852846403e+01	1.1950300000e+01
1025	1026	1027	9.274180095e+01	1.1950300000e+01
1026	1027	1028	9.475493395e+01	1.1950300000e+01
1027	1028	1029	9.680829839e+01	1.1950300000e+01
1028	1029	1030	8.799489585e+01	1.1950300000e+01
1029	1030	1031	9.622782029e+01	1.1950300000e+01
1030	1031	1032	1.325839533e+02	1.1950300000e+01
1031	1032	1033	1.032163686e+02	1.1950300000e+01
1032	1033	1034	1.181735998e+02	1.1950300000e+01
1033	1034	1035	1.106627306e+02	1.1950300000e+01
1034	1035	1036	1.034682141e+02	1.1950300000e+01
1035	1036	1037	1.157119624e+02	1.1950300000e+01
1036	1037	1038	1.135783347e+02	1.1950300000e+01
1037	1038	1039	1.020281206e+02	1.1950300000e+01
1038	1039	1040	9.723965051e+01	1.1950300000e+01
1039	1040	1041	8.808903043e+01	1.1950300000e+01
1040	1041	1042	9.336317435e+01	1.1950300000e+01
1041	1042	1043	8.917361805e+01	1.1950300000e+01
1042	1043	1044	9.253682996e+01	1.1950300000e+01
1043	1044	1045	9.174722888e+01	1.1950300000e+01
1044	1045	1046	9.383427315e+01	1.1950300000e+01
1045	1046	1047	9.101431268e+01	1.1950300000e+01
1046	1047	1048	9.310645008e+01	1.1950300000e+01
1047	1048	1049	9.259335094e+01	1.1950300000e+01
1048	1049	1050	9.197377564e+01	1.1950300000e+01
1049	1050	1051	8.602563713e+01	1.1950300000e+01
1050	1051	1052	9.056828575e+01	1.1950300000e+01
1051	1052	1053	1.011890695e+02	1.1950300000e+01
1052	1053	1054	1.283536683e+02	1.1950300000e+01
1053	1054	1055	1.261175494e+02	1.1950300000e+01
1054	1055	1056	9.719366673e+01	1.1950300000e+01
1055	1056	1057	1.244260331e+02	1.1950300000e+01
1056	1057	1058	1.228538937e+02	1.1950300000e+01
1057	1058	1059	1.304338595e+02	1.1950300000e+01
1058	1059	1060	1.063371724e+02	1.1950300000e+01
1059	1060	1061	8.947319034e+01	1.1950300000e+01
1060	1061	1062	9.001452057e+01	1.1950300000e+01
1061	1062	1063	8.960815908e+01	1.1950300000e+01
1062	1063	1064	9.138455543e+01	1.1950300000e+01
1063	1064	1065	9.121766542e+01	1.1950300000e+01
1064	1065	1066	8.911434626e+01	1.1950300000e+01
1065	1066	1067	9.148619582e+01	1.1950300000e+01
1066	1067	1068	9.387119181e+01	1.1950300000e+01
1067	1068	1069	8.936015164e+01	1.1950300000e+01
1068	1069	1070	9.456760610e+01	1.1950300000e+01
1069	1070	1071	9.437025538e+01	1.1950300000e+01
1070	1071	1072	9.353568860e+01	1.1950300000e+01
1071	1072	1073	8.814871140e+01	1.1950300000e+01
1072	1073	1074	9.356646203e+01	1.1950300000e+01
1073	1074	1075	9.536887993e+01	1.1950300000e+01
1074	1075	1076	9.170389775e+01	1.1950300000e+01
1075	1076	1077	8.952635242e+01	1.1950300000e+01
1076	1077	1078	9.002118355e+01	1.1950300000e+01
1077	1078	1079	8.947719865e+01	1.1950300000e+01
1078	1079	1080	8.907163267e+01	1.1950300000e+01
1079	1080	1081	9.209572387e+01	1.1950300000e+01
1080	1081	1082	8.773483960e+01	1.1950300000e+01
1081	1082	1083	9.159121756e+01	1.1950300000e+01
1082	1083	1084	8.806204397e+01	1.1950300000e+01
1083	1084	1085	9.216611527e+01	1.1950300000e+01
1084	1085	1086	9.177419762e+01	1.1950300000e+01
1085	1086	1087	8.951935058e+01	1.1950300000e+01
1086	1087	1088	8.699161828e+01	1.1950300000e+01
1087	1088	1089	9.022605011e+01	1.1950300000e+01
1088	1089	1090	9.282067962e+01	1.1950300000e+01
1089	1090	1091	1.318318187e+02	1.1950300000e+01
1090	1091	1092	9.363920697e+01	1.1950300000e+01
1091	1092	1093	1.175663672e+02	1.1950300000e+01
1092	1093	1094	1.157619420e+02	1.1950300000e+01
1093	1094	1095	1.355459210e+02	1.1950300000e+01
1094	1095	1096	9.009147214e+01	1.1950300000e+01
1095	1096	1097	8.773553471e+01	1.1950300000e+01
1096	1097	1098	9.231287338e+01	1.1950300000e+01
1097	1098	1099	8.874306796e+01	1.1950300000e+01
1098	1099	1100	9.373515625e+01	1.1950300000e+01
1099	1100	1101	9.174959288e+01	1.1950300000e+01
1100	1101	1102	9.286070817e+01	1.1950300000e+01
1101	1102	1103	9.235381784e+01	1.1950300000e+01
1102	1103	1104	9.235372645e+01	1.1950300000e+01
1103	1104	1105	9.110886241e+01	1.1950300000e+01
1104	1105	1106	8.847715156e+01	1.1950300000e+01
1105	1106	1107	9.321351719e+01	1.1950300000e+01
1106	1107	1108	9.388920118e+01	1.1950300000e+01
1107	1108	1109	9.409826003e+01	1.1950300000e+01
1110	1111	1112	9.843357288e+01	1.1950300000e+01
1111	1112	1113	1.294335653e+02	1.1950300000e+01
1112	1113	1114	1.298994617e+02	1.1950300000e+01
1113	1114	1115	9.678374827e+01	1.1950300000e+01
1114	1115	1116	1.238164595e+02	1.1950300000e+01
1115	1116	1117	1.407101267e+02	1.1950300000e+01
1116	1117	1118	1.182121343e+02	1.1950300000e+01
1117	1118	1119	1.208904064e+02	1.1950300000e+01
1118	1119	1120	1.355157015e+02	1.1950300000e+01
1119	1120	1121	8.905428050e+01	1.1950300000e+01
1120	1121	1122	1.214196761e+02	1.1950300000e+01
1121	1122	1123	1.157668501e+02	1.1950300000e+01
1122	1123	1124	1.019016416e+02	1.1950300000e+01
1123	1124	1125	1.132115834e+02	1.1950300000e+01
1124	1125	1126	1.242563912e+02	1.1950300000e+01
1125	1126	1127	1.215164572e+02	1.1950300000e+01
1126	1127	1128	1.348468159e+02	1.1950300000e+01
1127	1128	1129	1.173611370e+02	1.1950300000e+01
1128	1129	1130	1.237276022e+02	1.1950300000e+01
1129	1130	1131	8.302821438e+01	1.1950300000e+01
1130	1131	1132	1.122232819e+02	1.1950300000e+01
1131	1132	1133	1.338967770e+02	1.1950300000e+01
1132	1133	1134	1.054368636e+02	1.1950300000e+01
1133	1134	1135	1.005293127e+02	1.1950300000e+01
1134	1135	1136	8.227224974e+01	1.1950300000e+01
1135	1136	1137	8.479440411e+01	1.1950300000e+01
1136	1137	1138	9.037348521e+01	1.1950300000e+01
1137	1138	1139	9.140648267e+01	1.1950300000e+01
1138	1139	1140	1.333246339e+02	1.1950300000e+01
1139	1140	1141	8.775758247e+01	1.1950300000e+01
1140	1141	1142	9.415602477e+01	1.1950300000e+01
1141	1142	1143	9.011134681e+01	1.1950300000e+01
1142	1143	1144	9.043111734e+01	1.1950300000e+01
1143	1144	1145	8.891828997e+01	1.1950300000e+01
1144	1145	1146	9.156676966e+01	1.1950300000e+01
1145	1146	1147	8.880500849e+01	1.1950300000e+01
1146	1147	1148	9.119663764e+01	1.1950300000e+01
1147	1148	1149	9.136020802e+01	1.1950300000e+01
1148	1149	1150	8.393529800e+01	1.1950300000e+01
1149	1150	1151	8.931524815e+01	1.1950300000e+01
1150	1151	1152	9.734225841e+01	1.1950300000e+01
1151	1152	1153	1.170384822e+02	1.1950300000e+01
1152	1153	1154	1.036511605e+02	1.1950300000e+01
1153	1154	1155	1.298390289e+02	1.1950300000e+01
1154	1155	1156	1.329828275e+02	1.1950300000e+01
1155	1156	1157	1.163605712e+02	1.1950300000e+01
1156	1157	1158	8.976158406e+01	1.1950300000e+01
1157	1158	1159	9.412793635e+01	1.1950300000e+01
1158	1159	1160	9.395805045e+01	1.1950300000e+01
1159	1160	1161	9.758241877e+01	1.1950300000e+01
1160	1161	1162	9.020934009e+01	1.1950300000e+01
1161	1162	1163	9.040708100e+01	1.1950300000e+01
1162	1163	1164	9.258439238e+01	1.1950300000e+01
1163	1164	1165	8.969194147e+01	1.1950300000e+01
1164	1165	1166	9.204008688e+01	1.1950300000e+01
1165	1166	1167	9.299345068e+01	1.1950300000e+01
1166	1167	1168	9.129251624e+01	1.1950300000e+01
1167	1168	1169	9.076744583e+01	1.1950300000e+01
1168	1169	1170	9.134758131e+01	1.1950300000e+01
1169	1170	1171	9.236704711e+01	1.1950300000e+01
1170	1171	1172	9.393333823e+01	1.1950300000e+01
1171	1172	1173	8.823565184e+01	1.1950300000e+01
1172	1173	1174	9.750229452e+01	1.1950300000e+01
1173	1174	1175	9.575247577e+01	1.1950300000e+01
1174	1175	1176	9.255478809e+01	1.1950300000e+01
1175	1176	1177	9.031358156e+01	1.1950300000e+01
1176	1177	1178	9.470046552e+01	1.1950300000e+01
1177	1178	1179	9.031237791e+01	1.1950300000e+01
1178	1179	1180	8.879574745e+01	1.1950300000e+01
1179	1180	1181	8.815019010e+01	1.1950300000e+01
1180	1181	1182	9.029682402e+01	1.1950300000e+01
1181	1182	1183	9.240653136e+01	1.1950300000e+01
1182	1183	1184	9.372643663e+01	1.1950300000e+01
1183	1184	1185	8.734119263e+01	1.1950300000e+01
1184	1185	1186	8.939549976e+01	1.1950300000e+01
1185	1186	1187	8.840838515e+01	1.1950300000e+01
1186	1187	1188	1.301168613e+02	1.1950300000e+01
1187	1188	1189	9.290527814e+01	1.1950300000e+01
1188	1189	1190	1.238808291e+02	1.1950300000e+01
1189	1190	1191	1.064707205e+02	1.1950300000e+01
1190	1191	1192	1.309097193e+02	1.1950300000e+01
1191	1192	1193	8.718832305e+01	1.1950300000e+01
1192	1193	1194	9.085308147e+01	1.1950300000e+01
1193	1194	1195	8.627614889e+01	1.1950300000e+01
1194	1195	1196	9.342614144e+01	1.1950300000e+01
1195	1196	1197	9.101516021e+01	1.1950300000e+01
1196	1197	1198	9.230001991e+01	1.1950300000e+01
1197	1198	1199	9.078266878e+01	1.1950300000e+01
1198	1199	1200	9.272481359e+01	1.1950300000e+01
1199	1200	1201	9.484354125e+01	1.1950300000e+01
1200	1201	1202	8.907929854e+01	1.1950300000e+01
1201	1202	1203	8.872501758e+01	1.1950300000e+01
1202	1203	1204	9.405138392e+01	1.1950300000e+01
1203	1204	1205	1.034408111e+02	1.1950300000e+01
1204	1205	1206	1.100348365e+02	1.1950300000e+01
1205	1206	1207	1.226734399e+02	1.1950300000e+01
1206	1207	1208	1.233760783e+02	1.1950300000e+01
1207	1208	1209	1.038217784e+02	1.1950300000e+01
1208	1209	1210	1.071975483e+02	1.1950300000e+01
1209	1210	1211	9.881232501e+01	1.1950300000e+01
1212	1213	1214	1.111162666e+02	1.1950300000e+01
1213	1214	1215	1.002033441e+02	1.1950300000e+01
1214	1215	1216	1.065574130e+02	1.1950300000e+01
1215	1216	1217	1.390553390e+02	1.1950300000e+01
1216	1217	1218	1.376872067e+02	1.1950300000e+01
1217	1218	1219	1.403923254e+02	1.1950300000e+01
1218	1219	1220	1.327691171e+02	1.1950300000e+01
1219	1220	1221	1.223663405e+02	1.1950300000e+01
1220	1221	1222	1.023926753e+02	1.1950300000e+01
1221	1222	1223	9.081393609e+01	1.1950300000e+01
1222	1223	1224	1.257097366e+02	1.1950300000e+01
1223	1224	1225	8.478212871e+01	1.1950300000e+01
1224	1225	1226	9.398656390e+01	1.1950300000e+01
1225	1226	1227	1.152752236e+02	1.1950300000e+01
1226	1227	1228	1.211149895e+02	1.1950300000e+01
1227	1228	1229	8.450216469e+01	1.1950300000e+01
1228	1229	1230	9.195683494e+01	1.1950300000e+01
1229	1230	1231	8.813588653e+01	1.1950300000e+01
1230	1231	1232	9.057051242e+01	1.1950300000e+01
1231	1232	1233	9.319385383e+01	1.1950300000e+01
1232	1233	1234	9.254991380e+01	1.1950300000e+01
1233	1234	1235	1.396908181e+02	1.1950300000e+01
1234	1235	1236	9.514752401e+01	1.1950300000e+01
1235	1236	1237	1.157410892e+02	1.1950300000e+01
1236	1237	1238	1.146313747e+02	1.1950300000e+01
1237	1238	1239	9.247961431e+01	1.1950300000e+01
1238	1239	1240	9.323914311e+01	1.1950300000e+01
1239	1240	1241	9.350365148e+01	1.1950300000e+01
1240	1241	1242	8.902554713e+01	1.1950300000e+01
1241	1242	1243	9.113275078e+01	1.1950300000e+01
1242	1243	1244	9.370092124e+01	1.1950300000e+01
1243	1244	1245	9.047186859e+01	1.1950300000e+01
1244	1245	1246	8.885816103e+01	1.1950300000e+01
1245	1246	1247	9.379997133e+01	1.1950300000e+01
1246	1247	1248	9.359951523e+01	1.1950300000e+01
1247	1248	1249	9.915625559e+01	1.1950300000e+01
1248	1249	1250	9.599366441e+01	1.1950300000e+01
1249	1250	1251	9.549903634e+01	1.1950300000e+01
1250	1251	1252	1.395293396e+02	1.1950300000e+01
1251	1252	1253	8.981347666e+01	1.1950300000e+01
1252	1253	1254	1.364789475e+02	1.1950300000e+01
1253	1254	1255	1.182168666e+02	1.1950300000e+01
1254	1255	1256	1.209186122e+02	1.1950300000e+01
1255	1256	1257	9.337995448e+01	1.1950300000e+01
1256	1257	1258	9.630693372e+01	1.1950300000e+01
1257	1258	1259	9.751462763e+01	1.1950300000e+01
1258	1259	1260	8.993901187e+01	1.1950300000e+01
1259	1260	1261	9.268193298e+01	1.1950300000e+01
1260	1261	1262	9.215071142e+01	1.1950300000e+01
1261	1262	1263	9.427179052e+01	1.1950300000e+01
1262	1263	1264	8.963322341e+01	1.1950300000e+01
1263	1264	1265	9.027437591e+01	1.1950300000e+01
1264	1265	1266	9.369745224e+01	1.1950300000e+01
1265	1266	1267	8.986923321e+01	1.1950300000e+01
1266	1267	1268	9.084557505e+01	1.1950300000e+01
1267	1268	1269	9.409377546e+01	1.1950300000e+01
1268	1269	1270	9.051087366e+01	1.1950300000e+01
1269	1270	1271	8.996212061e+01	1.1950300000e+01
1270	1271	1272	9.111261066e+01	1.1950300000e+01
1271	1272	1273	9.540896287e+01	1.1950300000e+01
1272	1273	1274	9.300281197e+01	1.1950300000e+01
1273	1274	1275	9.204123210e+01	1.1950300000e+01
1274	1275	1276	9.192867942e+01	1.1950300000e+01
1275	1276	1277	9.316302259e+01	1.1950300000e+01
1276	1277	1278	9.347983297e+01	1.1950300000e+01
1277	1278	1279	8.611985218e+01	1.1950300000e+01
1278	1279	1280	9.013095557e+01	1.1950300000e+01
1279	1280	1281	9.055704271e+01	1.1950300000e+01
1280	1281	1282	9.004487047e+01	1.1950300000e+01
1281	1282	1283	9.089082114e+01	1.1950300000e+01
1282	1283	1284	8.769082110e+01	1.1950300000e+01
1283	1284	1285	9.114191914e+01	1.1950300000e+01
1284	1285	1286	9.407155978e+01	1.1950300000e+01
1285	1286	1287	1.299556049e+02	1.1950300000e+01
1286	1287	1288	9.730906715e+01	1.1950300000e+01
1287	1288	1289	1.206060327e+02	1.1950300000e+01
1288	1289	1290	1.121510523e+02	1.1950300000e+01
1289	1290	1291	1.294920591e+02	1.1950300000e+01
1290	1291	1292	9.094907846e+01	1.1950300000e+01
1291	1292	1293	9.115669341e+01	1.1950300000e+01
1292	1293	1294	9.175479279e+01	1.1950300000e+01
1293	1294	1295	8.957753198e+01	1.1950300000e+01
1294	1295	1296	9.240649154e+01	1.1950300000e+01
1295	1296	1297	8.889924851e+01	1.1950300000e+01
1296	1297	1298	9.322920626e+01	1.1950300000e+01
1297	1298	1299	1.011683258e+02	1.1950300000e+01
1298	1299	1300	9.486845406e+01	1.1950300000e+01
1299	1300	1301	9.071145247e+01	1.1950300000e+01
1300	1301	1302	1.149183336e+02	1.1950300000e+01
1301	1302	1303	9.702597527e+01	1.1950300000e+01
1302	1303	1304	9.978953122e+01	1.1950300000e+01
1303	1304	1305	8.853259197e+01	1.1950300000e+01
1304	1305	1306	8.921179827e+01	1.1950300000e+01
1305	1306	1307	9.392257822e+01	1.1950300000e+01
1306	1307	1308	8.821048956e+01	1.1950300000e+01
1307	1308	1309	9.662011306e+01	1.1950300000e+01
1308	1309	1310	9.481496112e+01	1.1950300000e+01
1309	1310	1311	9.715941056e+01	1.1950300000e+01
1310	1311	1312	1.274094873e+02	1.1950300000e+01
1311	1312	1313	1.183420203e+02	1.1950300000e+01
1312	1313	1314	1.061048562e+02	1.1950300000e+01
1313	1314	1315	1.147636184e+02	1.1950300000e+01
1314	1315	1316	8.855244203e+01	1.1950300000e+01
1315	1316	1317	9.970722574e+01	1.1950300000e+01
1316	1317	1318	1.174676650e+02	1.1950300000e+01
1317	1318	1319	1.366299223e+02	1.1950300000e+01
1318	1319	1320	1.148715349e+02	1.1950300000e+01
1319	1320	1321	1.039878694e+02	1.1950300000e+01
1320	1321	1322	1.300123750e+02	1.1950300000e+01
1321	1322	1323	1.189548319e+02	1.1950300000e+01
1322	1323	1324	1.105680550e+02	1.1950300000e+01
1323	1324	1325	9.674906825e+01	1.1950300000e+01
1324	1325	1326	9.033979952e+01	1.1950300000e+01
1325	1326	1327	9.594984462e+01	1.1950300000e+01
1326	1327	1328	1.175739428e+02	1.1950300000e+01
1327	1328	1329	1.250405450e+02	1.1950300000e+01
1328	1329	1330	1.521187979e+02	1.1950300000e+01
1329	1330	1331	7.647656332e+01	1.1950300000e+01
1330	1331	1332	7.871525777e+01	1.1950300000e+01
1331	1332	1333	9.866752072e+01	1.1950300000e+01
1332	1333	1334	1.113281542e+02	1.1950300000e+01
1333	1334	1335	1.153300931e+02	1.1950300000e+01
1334	1335	1336	1.012404547e+02	1.1950300000e+01
1335	1336	1337	9.593981495e+01	1.1950300000e+01
1336	1337	1338	1.038185344e+02	1.1950300000e+01
1337	1338	1339	1.394024485e+02	1.1950300000e+01
1340	1341	1342	1.347697483e+02	1.1950300000e+01
1341	1342	1343	1.091969338e+02	1.1950300000e+01
1342	1343	1344	1.511364230e+02	1.1950300000e+01
1343	1344	1345	1.138203944e+02	1.1950300000e+01
1344	1345	1346	1.662310281e+02	1.1950300000e+01
1345	1346	1347	1.192495754e+02	1.1950300000e+01
1346	1347	1348	9.327172198e+01	1.1950300000e+01
1347	1348	1349	9.626447697e+01	1.1950300000e+01
1348	1349	1350	9.734775213e+01	1.1950300000e+01
1349	1350	1351	1.320966138e+02	1.1950300000e+01
1350	1351	1352	1.261968083e+02	1.1950300000e+01
1351	1352	1353	1.130377743e+02	1.1950300000e+01
1352	1353	1354	1.110751165e+02	1.1950300000e+01
1353	1354	1355	9.444926493e+01	1.1950300000e+01
1354	1355	1356	1.276434908e+02	1.1950300000e+01
1355	1356	1357	1.058597425e+02	1.1950300000e+01
1356	1357	1358	1.322907379e+02	1.1950300000e+01
1357	1358	1359	1.086057771e+02	1.1950300000e+01
1358	1359	1360	1.364245962e+02	1.1950300000e+01
1359	1360	1361	1.173381091e+02	1.1950300000e+01
1360	1361	1362	1.093982123e+02	1.1950300000e+01
1361	1362	1363	1.535426656e+02	1.1950300000e+01
1362	1363	1364	1.045764858e+02	1.1950300000e+01
1363	1364	1365	1.042180729e+02	1.1950300000e+01
1364	1365	1366	9.552003614e+01	1.1950300000e+01
1365	1366	1367	1.153248349e+02	1.1950300000e+01
1366	1367	1368	1.123594603e+02	1.1950300000e+01
1367	1368	1369	1.059398333e+02	1.1950300000e+01
1368	1369	1370	1.182558247e+02	1.1950300000e+01
1369	1370	1371	1.069930257e+02	1.1950300000e+01
1370	1371	1372	1.249024411e+02	1.1950300000e+01
1371	1372	1373	1.414110757e+02	1.1950300000e+01
1372	1373	1374	9.152668298e+01	1.1950300000e+01
1373	1374	1375	9.906191355e+01	1.1950300000e+01
1374	1375	1376	9.033905112e+01	1.1950300000e+01
1375	1376	1377	9.408869173e+01	1.1950300000e+01
1376	1377	1378	8.587472488e+01	1.1950300000e+01
1377	1378	1379	9.156166257e+01	1.1950300000e+01
1378	1379	1380	9.121431318e+01	1.1950300000e+01
1379	1380	1381	9.323743993e+01	1.1950300000e+01
1380	1381	1382	8.985558964e+01	1.1950300000e+01
1381	1382	1383	9.020615750e+01	1.1950300000e+01
1382	1383	1384	9.333906358e+01	1.1950300000e+01
1383	1384	1385	1.025271153e+02	1.1950300000e+01
1384	1385	1386	1.080324282e+02	1.1950300000e+01
1385	1386	1387	9.596877530e+01	1.1950300000e+01
1386	1387	1388	9.872612008e+01	1.1950300000e+01
1387	1388	1389	1.231958028e+02	1.1950300000e+01
1388	1389	1390	1.310197559e+02	1.1950300000e+01
1389	1390	1391	1.299416816e+02	1.1950300000e+01
1390	1391	1392	1.202941961e+02	1.1950300000e+01
1391	1392	1393	9.066546082e+01	1.1950300000e+01
1392	1393	1394	9.063027696e+01	1.1950300000e+01
1393	1394	1395	8.816904846e+01	1.1950300000e+01
1394	1395	1396	8.909007905e+01	1.1950300000e+01
1395	1396	1397	8.732099861e+01	1.1950300000e+01
1396	1397	1398	9.014307370e+01	1.1950300000e+01
1397	1398	1399	9.117126898e+01	1.1950300000e+01
1398	1399	1400	9.019570300e+01	1.1950300000e+01
1399	1400	1401	8.995187099e+01	1.1950300000e+01
1400	1401	1402	9.402684305e+01	1.1950300000e+01
1401	1402	1403	9.251064563e+01	1.1950300000e+01
1402	1403	1404	9.205339957e+01	1.1950300000e+01
1403	1404	1405	9.391187891e+01	1.1950300000e+01
1404	1405	1406	9.077981116e+01	1.1950300000e+01
1405	1406	1407	8.955493655e+01	1.1950300000e+01
1406	1407	1408	9.362786418e+01	1.1950300000e+01
1407	1408	1409	9.411980732e+01	1.1950300000e+01
1408	1409	1410	9.368465106e+01	1.1950300000e+01
1409	1410	1411	9.184058123e+01	1.1950300000e+01
1410	1411	1412	9.176953262e+01	1.1950300000e+01
1411	1412	1413	8.979655115e+01	1.1950300000e+01
1412	1413	1414	9.006104523e+01	1.1950300000e+01
1413	1414	1415	9.133747227e+01	1.1950300000e+01
1414	1415	1416	9.062912648e+01	1.1950300000e+01
1415	1416	1417	9.126420809e+01	1.1950300000e+01
1416	1417	1418	9.239032398e+01	1.1950300000e+01
1417	1418	1419	9.315415862e+01	1.1950300000e+01
1418	1419	1420	8.712256467e+01	1.1950300000e+01
1419	1420	1421	9.511933488e+01	1.1950300000e+01
1420	1421	1422	9.249324340e+01	1.1950300000e+01
1421	1422	1423	1.221004530e+02	1.1950300000e+01
1422	1423	1424	9.532136397e+01	1.1950300000e+01
1423	1424	1425	1.273381963e+02	1.1950300000e+01
1424	1425	1426	1.054867568e+02	1.1950300000e+01
1425	1426	1427	1.312321006e+02	1.1950300000e+01
1426	1427	1428	8.455944423e+01	1.1950300000e+01
1427	1428	1429	9.229219905e+01	1.1950300000e+01
1428	1429	1430	8.889059525e+01	1.1950300000e+01
1429	1430	1431	9.017933919e+01	1.1950300000e+01
1430	1431	1432	9.397850212e+01	1.1950300000e+01
1431	1432	1433	9.137881435e+01	1.1950300000e+01
1432	1433	1434	8.689906281e+01	1.1950300000e+01
1433	1434	1435	9.176458633e+01	1.1950300000e+01
1434	1435	1436	9.066020661e+01	1.1950300000e+01
1435	1436	1437	9.511205255e+01	1.1950300000e+01
1436	1437	1438	1.064600909e+02	1.1950300000e+01
1437	1438	1439	1.267356625e+02	1.1950300000e+01
1438	1439	1440	1.195410031e+02	1.1950300000e+01
1439	1440	1441	1.122048694e+02	1.1950300000e+01
1440	1441	1442	9.388982926e+01	1.1950300000e+01
1441	1442	1443	9.250387944e+01	1.1950300000e+01
1442	1443	1444	8.942268857e+01	1.1950300000e+01
1443	1444	1445	9.494344399e+01	1.1950300000e+01
1444	1445	1446	9.211173452e+01	1.1950300000e+01
1445	1446	1447	9.134088626e+01	1.1950300000e+01
1446	1447	1448	8.979503240e+01	1.1950300000e+01
1447	1448	1449	9.309407414e+01	1.1950300000e+01
1448	1449	1450	9.255624432e+01	1.1950300000e+01
1449	1450	1451	9.227686971e+01	1.1950300000e+01
1450	1451	1452	9.276525920e+01	1.1950300000e+01
1451	1452	1453	9.035933137e+01	1.1950300000e+01
1452	1453	1454	9.527308455e+01	1.1950300000e+01
1453	1454	1455	9.220360185e+01	1.1950300000e+01
1454	1455	1456	9.013877303e+01	1.1950300000e+01
1455	1456	1457	9.270107495e+01	1.1950300000e+01
1456	1457	1458	9.125449394e+01	1.1950300000e+01
1457	1458	1459	9.219013472e+01	1.1950300000e+01
1458	1459	1460	9.000299166e+01	1.1950300000e+01
1459	1460	1461	1.297809370e+02	1.1950300000e+01
1462	1463	1464	9.400360333e+01	1.1950300000e+01
1463	1464	1465	9.153118614e+01	1.1950300000e+01
1464	1465	1466	1.285098930e+02	1.1950300000e+01
1465	1466	1467	1.291477336e+02	1.1950300000e+01
1466	1467	1468	1.110795693e+02	1.1950300000e+01
1467	1468	1469	8.948763523e+01	1.1950300000e+01
1468	1469	1470	1.062668641e+02	1.1950300000e+01
1469	1470	1471	1.207578922e+02	1.1950300000e+01
1470	1471	1472	1.145005062e+02	1.1950300000e+01
1471	1472	1473	9.762583584e+01	1.1950300000e+01
1472	1473	1474	8.630302464e+01	1.1950300000e+01
1473	1474	1475	1.175083689e+02	1.1950300000e+01
1474	1475	1476	9.622774939e+01	1.1950300000e+01
1475	1476	1477	1.364783398e+02	1.1950300000e+01
1476	1477	1478	1.300905519e+02	1.1950300000e+01
1477	1478	1479	9.501398270e+01	1.1950300000e+01
1478	1479	1480	1.295939786e+02	1.1950300000e+01
1479	1480	1481	9.215280209e+01	1.1950300000e+01
1480	1481	1482	1.453356885e+02	1.1950300000e+01
1481	1482	1483	1.368869090e+02	1.1950300000e+01
1482	1483	1484	1.185036768e+02	1.1950300000e+01
1483	1484	1485	1.091748317e+02	1.1950300000e+01
1484	1485	1486	1.473376304e+02	1.1950300000e+01
1485	1486	1487	1.065939668e+02	1.1950300000e+01
1486	1487	1488	1.104485763e+02	1.1950300000e+01
1487	1488	1489	9.821802400e+01	1.1950300000e+01
1488	1489	1490	1.133254588e+02	1.1950300000e+01
1489	1490	1491	9.281511863e+01	1.1950300000e+01
1490	1491	1492	9.970064813e+01	1.1950300000e+01
1491	1492	1493	9.022603617e+01	1.1950300000e+01
1492	1493	1494	1.255475293e+02	1.1950300000e+01
1493	1494	1495	1.136126698e+02	1.1950300000e+01
1494	1495	1496	1.152252450e+02	1.1950300000e+01
1495	1496	1497	1.180475122e+02	1.1950300000e+01
1496	1497	1498	1.358031910e+02	1.1950300000e+01
1497	1498	1499	1.268696548e+02	1.1950300000e+01
1498	1499	1500	1.087647903e+02	1.1950300000e+01
1499	1500	1501	1.193677557e+02	1.1950300000e+01
1500	1501	1502	1.307986035e+02	1.1950300000e+01
1501	1502	1503	1.116991327e+02	1.1950300000e+01
1502	1503	1504	1.211478857e+02	1.1950300000e+01
1503	1504	1505	1.058119471e+02	1.1950300000e+01
1504	1505	1506	9.832248543e+01	1.1950300000e+01
1505	1506	1507	9.492361960e+01	1.1950300000e+01
1506	1507	1508	9.122540626e+01	1.1950300000e+01
1507	1508	1509	8.805722403e+01	1.1950300000e+01
1508	1509	1510	8.942852777e+01	1.1950300000e+01
1509	1510	1511	8.929256057e+01	1.1950300000e+01
1510	1511	1512	9.264601688e+01	1.1950300000e+01
1511	1512	1513	8.895421905e+01	1.1950300000e+01
1512	1513	1514	9.174766834e+01	1.1950300000e+01
1513	1514	1515	9.676206848e+01	1.1950300000e+01
1514	1515	1516	9.583074152e+01	1.1950300000e+01
1515	1516	1517	8.881803438e+01	1.1950300000e+01
1516	1517	1518	9.453367994e+01	1.1950300000e+01
1517	1518	1519	1.338190035e+02	1.1950300000e+01
1518	1519	1520	1.058718514e+02	1.1950300000e+01
1519	1520	1521	1.179046231e+02	1.1950300000e+01
1520	1521	1522	1.118589250e+02	1.1950300000e+01
1521	1522	1523	1.026610807e+02	1.1950300000e+01
1522	1523	1524	1.149609468e+02	1.1950300000e+01
1523	1524	1525	1.110633981e+02	1.1950300000e+01
1524	1525	1526	1.049405030e+02	1.1950300000e+01
1525	1526	1527	9.499345262e+01	1.1950300000e+01
1526	1527	1528	8.877788948e+01	1.1950300000e+01
1527	1528	1529	9.011212018e+01	1.1950300000e+01
1528	1529	1530	9.194234958e+01	1.1950300000e+01
1529	1530	1531	9.152295734e+01	1.1950300000e+01
1530	1531	1532	8.961325159e+01	1.1950300000e+01
1531	1532	1533	9.140213621e+01	1.1950300000e+01
1532	1533	1534	9.270357184e+01	1.1950300000e+01
1533	1534	1535	9.377746769e+01	1.1950300000e+01
1534	1535	1536	9.374517846e+01	1.1950300000e+01
1535	1536	1537	9.085377148e+01	1.1950300000e+01
1536	1537	1538	8.963369436e+01	1.1950300000e+01
1537	1538	1539	8.872182358e+01	1.1950300000e+01
1538	1539	1540	9.781253527e+01	1.1950300000e+01
1539	1540	1541	1.305662176e+02	1.1950300000e+01
1540	1541	1542	1.240804916e+02	1.1950300000e+01
1541	1542	1543	9.873204342e+01	1.1950300000e+01
1542	1543	1544	1.241349466e+02	1.1950300000e+01
1543	1544	1545	1.231619994e+02	1.1950300000e+01
1544	1545	1546	1.322565485e+02	1.1950300000e+01
1545	1546	1547	1.030710525e+02	1.1950300000e+01
1546	1547	1548	9.023278233e+01	1.1950300000e+01
1547	1548	1549	8.747703650e+01	1.1950300000e+01
1548	1549	1550	8.861005715e+01	1.1950300000e+01
1549	1550	1551	9.290682026e+01	1.1950300000e+01
1550	1551	1552	8.880273941e+01	1.1950300000e+01
1551	1552	1553	9.036160448e+01	1.1950300000e+01
1552	1553	1554	9.081012003e+01	1.1950300000e+01
1553	1554	1555	9.388094582e+01	1.1950300000e+01
1554	1555	1556	9.051991496e+01	1.1950300000e+01
1555	1556	1557	9.376227808e+01	1.1950300000e+01
1556	1557	1558	9.421982150e+01	1.1950300000e+01
1557	1558	1559	9.418478729e+01	1.1950300000e+01
1558	1559	1560	8.795360624e+01	1.1950300000e+01
1559	1560	1561	9.285769066e+01	1.1950300000e+01
1560	1561	1562	9.542474037e+01	1.1950300000e+01
1561	1562	1563	9.163860019e+01	1.1950300000e+01
1562	1563	1564	9.016639824e+01	1.1950300000e+01
1563	1564	1565	9.068343560e+01	1.1950300000e+01
1564	1565	1566	8.805967455e+01	1.1950300000e+01
1565	1566	1567	9.000451090e+01	1.1950300000e+01
1566	1567	1568	9.129861404e+01	1.1950300000e+01
1567	1568	1569	9.026436779e+01	1.1950300000e+01
1568	1569	1570	8.958257716e+01	1.1950300000e+01
1569	1570	1571	8.717466682e+01	1.1950300000e+01
1570	1571	1572	9.397324994e+01	1.1950300000e+01
1571	1572	1573	8.913548308e+01	1.1950300000e+01
1572	1573	1574	9.105954901e+01	1.1950300000e+01
1573	1574	1575	8.769357305e+01	1.1950300000e+01
1574	1575	1576	9.105188198e+01	1.1950300000e+01
1575	1576	1577	9.425697132e+01	1.1950300000e+01
1576	1577	1578	1.332328176e+02	1.1950300000e+01
1577	1578	1579	9.183069940e+01	1.1950300000e+01
1578	1579	1580	1.182218927e+02	1.1950300000e+01
1579	1580	1581	1.156128675e+02	1.1950300000e+01
1580	1581	1582	1.348604074e+02	1.1950300000e+01
1581	1582	1583	9.063443950e+01	1.1950300000e+01
1582	1583	1584	9.041515468e+01	1.1950300000e+01
1583	1584	1585	9.071609455e+01	1.1950300000e+01
1584	1585	1586	8.919731918e+01	1.1950300000e+01
1585	1586	1587	9.328475619e+01	1.1950300000e+01
1586	1587	1588	9.258236553e+01	1.1950300000e+01
1587	1588	1589	9.223565312e+01	1.1950300000e+01
1588	1589	1590	9.093629368e+01	1.1950300000e+01
1589	1590	1591	9.372705447e+01	1.1950300000e+01
1590	1591	1592	8.921440766e+01	1.1950300000e+01
1591	1592	1593	8.905420637e+01	1.1950300000e+01
1592	1593	1594	9.316078747e+01	1.1950300000e+01
1593	1594	1595	9.014797233e+01	1.1950300000e+01
1594	1595	1596	1.143539389e+02	1.1950300000e+01
1597	1598	1599	1.002865006e+02	1.1950300000e+01
1598	1599	1600	1.303324936e+02	1.1950300000e+01
1599	1600	1601	1.249018746e+02	1.1950300000e+01
1600	1601	1602	1.207146699e+02	1.1950300000e+01
1601	1602	1603	1.193420465e+02	1.1950300000e+01
1602	1603	1604	9.461292465e+01	1.1950300000e+01
1603	1604	1605	8.748553479e+01	1.1950300000e+01
1604	1605	1606	1.182878312e+02	1.1950300000e+01
1605	1606	1607	1.389775740e+02	1.1950300000e+01
1606	1607	1608	1.490756258e+02	1.1950300000e+01
1607	1608	1609	1.265862982e+02	1.1950300000e+01
1608	1609	1610	1.106241526e+02	1.1950300000e+01
1609	1610	1611	8.850202263e+01	1.1950300000e+01
1610	1611	1612	1.061642840e+02	1.1950300000e+01
1611	1612	1613	1.135594888e+02	1.1950300000e+01
1612	1613	1614	1.214238749e+02	1.1950300000e+01
1613	1614	1615	1.368629005e+02	1.1950300000e+01
1614	1615	1616	1.160792558e+02	1.1950300000e+01
1615	1616	1617	1.199619408e+02	1.1950300000e+01
1616	1617	1618	1.137504240e+02	1.1950300000e+01
1617	1618	1619	1.157834185e+02	1.1950300000e+01
1618	1619	1620	1.407375316e+02	1.1950300000e+01
1619	1620	1621	9.346454566e+01	1.1950300000e+01
1620	1621	1622	9.087748542e+01	1.1950300000e+01
1621	1622	1623	8.365256631e+01	1.1950300000e+01
1622	1623	1624	8.566042905e+01	1.1950300000e+01
1623	1624	1625	8.437136208e+01	1.1950300000e+01
1624	1625	1626	9.125428058e+01	1.1950300000e+01
1625	1626	1627	1.340457532e+02	1.1950300000e+01
1626	1627	1628	9.035439367e+01	1.1950300000e+01
1627	1628	1629	9.093128443e+01	1.1950300000e+01
1628	1629	1630	9.310452590e+01	1.1950300000e+01
1629	1630	1631	9.005301732e+01	1.1950300000e+01
1630	1631	1632	8.823220153e+01	1.1950300000e+01
1631	1632	1633	9.231285449e+01	1.1950300000e+01
1632	1633	1634	8.975462670e+01	1.1950300000e+01
1633	1634	1635	8.953954806e+01	1.1950300000e+01
1634	1635	1636	9.218325760e+01	1.1950300000e+01
1635	1636	1637	8.340618472e+01	1.1950300000e+01
1636	1637	1638	8.733580765e+01	1.1950300000e+01
1637	1638	1639	9.732918578e+01	1.1950300000e+01
1638	1639	1640	1.167644283e+02	1.1950300000e+01
1639	1640	1641	1.037517413e+02	1.1950300000e+01
1640	1641	1642	1.297009835e+02	1.1950300000e+01
1641	1642	1643	1.315492806e+02	1.1950300000e+01
1642	1643	1644	1.173119059e+02	1.1950300000e+01
1643	1644	1645	9.362201695e+01	1.1950300000e+01
1644	1645	1646	9.233075981e+01	1.1950300000e+01
1645	1646	1647	9.443003024e+01	1.1950300000e+01
1646	1647	1648	9.854608687e+01	1.1950300000e+01
1647	1648	1649	9.003785792e+01	1.1950300000e+01
1648	1649	1650	9.009557953e+01	1.1950300000e+01
1649	1650	1651	9.222616442e+01	1.1950300000e+01
1650	1651	1652	8.899431804e+01	1.1950300000e+01
1651	1652	1653	9.175222751e+01	1.1950300000e+01
1652	1653	1654	9.257604874e+01	1.1950300000e+01
1653	1654	1655	9.131303603e+01	1.1950300000e+01
1654	1655	1656	9.076688649e+01	1.1950300000e+01
1655	1656	1657	9.087395805e+01	1.1950300000e+01
1656	1657	1658	9.203844508e+01	1.1950300000e+01
1657	1658	1659	9.500029329e+01	1.1950300000e+01
1658	1659	1660	8.963866090e+01	1.1950300000e+01
1659	1660	1661	9.820939446e+01	1.1950300000e+01
1660	1661	1662	9.440275944e+01	1.1950300000e+01
1661	1662	1663	9.119544265e+01	1.1950300000e+01
1662	1663	1664	9.050537504e+01	1.1950300000e+01
1663	1664	1665	9.389969014e+01	1.1950300000e+01
1664	1665	1666	9.145029256e+01	1.1950300000e+01
1665	1666	1667	9.040923995e+01	1.1950300000e+01
1666	1667	1668	8.757856309e+01	1.1950300000e+01
1667	1668	1669	8.943932598e+01	1.1950300000e+01
1668	1669	1670	9.340836457e+01	1.1950300000e+01
1669	1670	1671	9.364808301e+01	1.1950300000e+01
1670	1671	1672	8.796641589e+01	1.1950300000e+01
1671	1672	1673	8.946251838e+01	1.1950300000e+01
1672	1673	1674	9.170061291e+01	1.1950300000e+01
1673	1674	1675	1.285404844e+02	1.1950300000e+01
1674	1675	1676	9.331504035e+01	1.1950300000e+01
1675	1676	1677	1.230785416e+02	1.1950300000e+01
1676	1677	1678	1.079515202e+02	1.1950300000e+01
1677	1678	1679	1.297184221e+02	1.1950300000e+01
1678	1679	1680	8.430295749e+01	1.1950300000e+01
1679	1680	1681	9.201484668e+01	1.1950300000e+01
1680	1681	1682	8.721214498e+01	1.1950300000e+01
1681	1682	1683	9.392693162e+01	1.1950300000e+01
1682	1683	1684	9.170837195e+01	1.1950300000e+01
1683	1684	1685	9.145540875e+01	1.1950300000e+01
1684	1685	1686	9.027936696e+01	1.1950300000e+01
1685	1686	1687	9.176271924e+01	1.1950300000e+01
1686	1687	1688	9.395442634e+01	1.1950300000e+01
1687	1688	1689	8.970780833e+01	1.1950300000e+01
1688	1689	1690	9.099076877e+01	1.1950300000e+01
1689	1690	1691	9.406777629e+01	1.1950300000e+01
1690	1691	1692	9.857594175e+01	1.1950300000e+01
1691	1692	1693	1.118378100e+02	1.1950300000e+01
1692	1693	1694	1.253013129e+02	1.1950300000e+01
1693	1694	1695	1.235309600e+02	1.1950300000e+01
1694	1695	1696	1.024144411e+02	1.1950300000e+01
1695	1696	1697	1.051791456e+02	1.1950300000e+01
1696	1697	1698	1.348961137e+02	1.1950300000e+01
1699	1700	1701	1.218264116e+02	1.1950300000e+01
1700	1701	1702	9.869084778e+01	1.1950300000e+01
1701	1702	1703	1.395304791e+02	1.1950300000e+01
1702	1703	1704	8.770338052e+01	1.1950300000e+01
1703	1704	1705	8.734803898e+01	1.1950300000e+01
1704	1705	1706	9.210680960e+01	1.1950300000e+01
1705	1706	1707	1.327355098e+02	1.1950300000e+01
1706	1707	1708	1.202635461e+02	1.1950300000e+01
1707	1708	1709	8.613852485e+01	1.1950300000e+01
1708	1709	1710	8.427412930e+01	1.1950300000e+01
1709	1710	1711	1.265354546e+02	1.1950300000e+01
1710	1711	1712	9.141037953e+01	1.1950300000e+01
1711	1712	1713	1.026311641e+02	1.1950300000e+01
1712	1713	1714	1.260981848e+02	1.1950300000e+01
1713	1714	1715	1.153735315e+02	1.1950300000e+01
1714	1715	1716	8.882922226e+01	1.1950300000e+01
1715	1716	1717	9.035876513e+01	1.1950300000e+01
1716	1717	1718	9.117340599e+01	1.1950300000e+01
1717	1718	1719	8.925943514e+01	1.1950300000e+01
1718	1719	1720	9.142735526e+01	1.1950300000e+01
1719	1720	1721	8.990023123e+01	1.1950300000e+01
1720	1721	1722	1.377416582e+02	1.1950300000e+01
1721	1722	1723	9.293928631e+01	1.1950300000e+01
1722	1723	1724	1.163996805e+02	1.1950300000e+01
1723	1724	1725	1.093452964e+02	1.1950300000e+01
1724	1725	1726	9.389185790e+01	1.1950300000e+01
1725	1726	1727	9.287354911e+01	1.1950300000e+01
1726	1727	1728	8.985822403e+01	1.1950300000e+01
1727	1728	1729	8.853835027e+01	1.1950300000e+01
1728	1729	1730	9.118261732e+01	1.1950300000e+01
1729	1730	1731	9.313361445e+01	1.1950300000e+01
1730	1731	1732	9.166979792e+01	1.1950300000e+01
1731	1732	1733	8.959313116e+01	1.1950300000e+01
1732	1733	1734	9.517237247e+01	1.1950300000e+01
1733	1734	1735	9.245895728e+01	1.1950300000e+01
1734	1735	1736	9.350307024e+01	1.1950300000e+01
1735	1736	1737	9.203457381e+01	1.1950300000e+01
1736	1737	1738	9.252093823e+01	1.1950300000e+01
1737	1738	1739	1.428901862e+02	1.1950300000e+01
1738	1739	1740	9.091225276e+01	1.1950300000e+01
1739	1740	1741	1.363395999e+02	1.1950300000e+01
1740	1741	1742	1.196617507e+02	1.1950300000e+01
1741	1742	1743	1.195296046e+02	1.1950300000e+01
1742	1743	1744	9.622767106e+01	1.1950300000e+01
1743	1744	1745	9.417543847e+01	1.1950300000e+01
1744	1745	1746	9.713993538e+01	1.1950300000e+01
1745	1746	1747	8.985697377e+01	1.1950300000e+01
1746	1747	1748	9.381905144e+01	1.1950300000e+01
1747	1748	1749	9.071175404e+01	1.1950300000e+01
1748	1749	1750	9.556510649e+01	1.1950300000e+01
1749	1750	1751	8.801272279e+01	1.1950300000e+01
1750	1751	1752	9.199807340e+01	1.1950300000e+01
1751	1752	1753	9.227128017e+01	1.1950300000e+01
1752	1753	1754	9.079717933e+01	1.1950300000e+01
1753	1754	1755	9.201309314e+01	1.1950300000e+01
1754	1755	1756	9.303814900e+01	1.1950300000e+01
1755	1756	1757	9.139533581e+01	1.1950300000e+01
1756	1757	1758	8.953191374e+01	1.1950300000e+01
1757	1758	1759	9.186508599e+01	1.1950300000e+01
1758	1759	1760	9.338947717e+01	1.1950300000e+01
1759	1760	1761	9.535317566e+01	1.1950300000e+01
1760	1761	1762	8.996589769e+01	1.1950300000e+01
1761	1762	1763	9.055477066e+01	1.1950300000e+01
1762	1763	1764	9.600452065e+01	1.1950300000e+01
1763	1764	1765	8.979897627e+01	1.1950300000e+01
1764	1765	1766	8.869724885e+01	1.1950300000e+01
1765	1766	1767	8.816180417e+01	1.1950300000e+01
1766	1767	1768	9.275919095e+01	1.1950300000e+01
1767	1768	1769	8.773363127e+01	1.1950300000e+01
1768	1769	1770	9.189348167e+01	1.1950300000e+01
1769	1770	1771	8.899535763e+01	1.1950300000e+01
1770	1771	1772	9.293128969e+01	1.1950300000e+01
1771	1772	1773	9.413288147e+01	1.1950300000e+01
1772	1773	1774	1.341935111e+02	1.1950300000e+01
1773	1774	1775	9.633804990e+01	1.1950300000e+01
1774	1775	1776	1.209267380e+02	1.1950300000e+01
1775	1776	1777	1.121338246e+02	1.1950300000e+01
1776	1777	1778	1.286126067e+02	1.1950300000e+01
1777	1778	1779	9.056816565e+01	1.1950300000e+01
1778	1779	1780	9.037900023e+01	1.1950300000e+01
1779	1780	1781	9.226817324e+01	1.1950300000e+01
1780	1781	1782	8.965200222e+01	1.1950300000e+01
1781	1782	1783	9.240199687e+01	1.1950300000e+01
1782	1783	1784	8.994818292e+01	1.1950300000e+01
1783	1784	1785	9.534582090e+01	1.1950300000e+01
1784	1785	1786	9.875017760e+01	1.1950300000e+01
1785	1786	1787	9.489941219e+01	1.1950300000e+01
1786	1787	1788	8.970071741e+01	1.1950300000e+01
1787	1788	1789	1.129645824e+02	1.1950300000e+01
1788	1789	1790	9.568807986e+01	1.1950300000e+01
1789	1790	1791	9.888606547e+01	1.1950300000e+01
1790	1791	1792	8.818251864e+01	1.1950300000e+01
1791	1792	1793	8.986433619e+01	1.1950300000e+01
1792	1793	1794	9.444011017e+01	1.1950300000e+01
1793	1794	1795	8.847972367e+01	1.1950300000e+01
1794	1795	1796	9.349444379e+01	1.1950300000e+01
1795	1796	1797	9.254624425e+01	1.1950300000e+01
1796	1797	1798	9.698945320e+01	1.1950300000e+01
1797	1798	1799	1.287643984e+02	1.1950300000e+01
1798	1799	1800	1.176631407e+02	1.1950300000e+01
1799	1800	1801	1.053132554e+02	1.1950300000e+01
1800	1801	1802	1.148172281e+02	1.1950300000e+01
1801	1802	1803	8.718179719e+01	1.1950300000e+01
1802	1803	1804	1.004817609e+02	1.1950300000e+01
1803	1804	1805	1.190402811e+02	1.1950300000e+01
1804	1805	1806	1.360629694e+02	1.1950300000e+01
1805	1806	1807	1.161592487e+02	1.1950300000e+01
1806	1807	1808	1.042589280e+02	1.1950300000e+01
1807	1808	1809	1.297091423e+02	1.1950300000e+01
1808	1809	1810	1.188962680e+02	1.1950300000e+01
1809	1810	1811	1.074946522e+02	1.1950300000e+01
1810	1811	1812	9.471548043e+01	1.1950300000e+01
1811	1812	1813	8.914235023e+01	1.1950300000e+01
1812	1813	1814	9.492517471e+01	1.1950300000e+01
1813	1814	1815	1.197077681e+02	1.1950300000e+01
1814	1815	1816	1.216375247e+02	1.1950300000e+01
1815	1816	1817	1.076136614e+02	1.1950300000e+01
1816	1817	1818	9.753397638e+01	1.1950300000e+01
1817	1818	1819	1.237247460e+02	1.1950300000e+01
1818	1819	1820	1.226892837e+02	1.1950300000e+01
1819	1820	1821	9.384300836e+01	1.1950300000e+01
1820	1821	1822	1.135509046e+02	1.1950300000e+01
1821	1822	1823	1.230678838e+02	1.1950300000e+01
1822	1823	1824	1.016207801e+02	1.1950300000e+01
1823	1824	1825	1.006759285e+02	1.1950300000e+01
1824	1825	1826	9.537796806e+01	1.1950300000e+01
1827	1828	1829	1.295473635e+02	1.1950300000e+01
1828	1829	1830	9.628750510e+01	1.1950300000e+01
1829	1830	1831	9.859795754e+01	1.1950300000e+01
1830	1831	1832	8.634024271e+01	1.1950300000e+01
1831	1832	1833	1.326726331e+02	1.1950300000e+01
1832	1833	1834	1.271213288e+02	1.1950300000e+01
1833	1834	1835	1.042914145e+02	1.1950300000e+01
1834	1835	1836	9.833994076e+01	1.1950300000e+01
1835	1836	1837	1.301716411e+02	1.1950300000e+01
1836	1837	1838	1.353433804e+02	1.1950300000e+01
1837	1838	1839	1.308345267e+02	1.1950300000e+01
1838	1839	1840	1.213860992e+02	1.1950300000e+01
1839	1840	1841	1.049416415e+02	1.1950300000e+01
1840	1841	1842	9.976417378e+01	1.1950300000e+01
1841	1842	1843	1.316756745e+02	1.1950300000e+01
1842	1843	1844	1.332042991e+02	1.1950300000e+01
1843	1844	1845	1.252954823e+02	1.1950300000e+01
1844	1845	1846	9.123541539e+01	1.1950300000e+01
1845	1846	1847	1.401634926e+02	1.1950300000e+01
1846	1847	1848	1.049687354e+02	1.1950300000e+01
1847	1848	1849	8.508978380e+01	1.1950300000e+01
1848	1849	1850	9.261484189e+01	1.1950300000e+01
1849	1850	1851	1.130743644e+02	1.1950300000e+01
1850	1851	1852	1.013643426e+02	1.1950300000e+01
1851	1852	1853	1.067624207e+02	1.1950300000e+01
1852	1853	1854	8.141085042e+01	1.1950300000e+01
1853	1854	1855	9.352058778e+01	1.1950300000e+01
1854	1855	1856	9.299668109e+01	1.1950300000e+01
1855	1856	1857	1.129031036e+02	1.1950300000e+01
1856	1857	1858	1.065522261e+02	1.1950300000e+01
1857	1858	1859	1.282401990e+02	1.1950300000e+01
1858	1859	1860	1.410738457e+02	1.1950300000e+01
1859	1860	1861	9.271650690e+01	1.1950300000e+01
1860	1861	1862	9.763805227e+01	1.1950300000e+01
1861	1862	1863	9.214389785e+01	1.1950300000e+01
1862	1863	1864	9.351626975e+01	1.1950300000e+01
1863	1864	1865	8.575814804e+01	1.1950300000e+01
1864	1865	1866	9.177224573e+01	1.1950300000e+01
1865	1866	1867	9.170982154e+01	1.1950300000e+01
1866	1867	1868	9.202044845e+01	1.1950300000e+01
1867	1868	1869	8.785406380e+01	1.1950300000e+01
1868	1869	1870	9.230896531e+01	1.1950300000e+01
1869	1870	1871	9.252977310e+01	1.1950300000e+01
1870	1871	1872	1.009805809e+02	1.1950300000e+01
1871	1872	1873	1.108693310e+02	1.1950300000e+01
1872	1873	1874	9.330548099e+01	1.1950300000e+01
1873	1874	1875	9.929752249e+01	1.1950300000e+01
1874	1875	1876	1.269093094e+02	1.1950300000e+01
1875	1876	1877	1.312997751e+02	1.1950300000e+01
1876	1877	1878	1.296092225e+02	1.1950300000e+01
1877	1878	1879	1.217397863e+02	1.1950300000e+01
1878	1879	1880	9.222165771e+01	1.1950300000e+01
1879	1880	1881	8.888339838e+01	1.1950300000e+01
1880	1881	1882	9.167759897e+01	1.1950300000e+01
1881	1882	1883	8.970447914e+01	1.1950300000e+01
1882	1883	1884	8.864456470e+01	1.1950300000e+01
1883	1884	1885	8.709199498e+01	1.1950300000e+01
1884	1885	1886	9.264172680e+01	1.1950300000e+01
1885	1886	1887	8.901637420e+01	1.1950300000e+01
1886	1887	1888	8.864638641e+01	1.1950300000e+01
1887	1888	1889	9.608553353e+01	1.1950300000e+01
1888	1889	1890	9.143353734e+01	1.1950300000e+01
1889	1890	1891	9.062275468e+01	1.1950300000e+01
1890	1891	1892	9.545503964e+01	1.1950300000e+01
1891	1892	1893	9.121621513e+01	1.1950300000e+01
1892	1893	1894	9.003267206e+01	1.1950300000e+01
1893	1894	1895	9.433057757e+01	1.1950300000e+01
1894	1895	1896	9.387628535e+01	1.1950300000e+01
1895	1896	1897	9.376991601e+01	1.1950300000e+01
1896	1897	1898	9.138031220e+01	1.1950300000e+01
1897	1898	1899	9.135844035e+01	1.1950300000e+01
1898	1899	1900	9.022660829e+01	1.1950300000e+01
1899	1900	1901	8.936616646e+01	1.1950300000e+01
1900	1901	1902	9.410909105e+01	1.1950300000e+01
1901	1902	1903	9.100184410e+01	1.1950300000e+01
1902	1903	1904	9.223047910e+01	1.1950300000e+01
1903	1904	1905	9.177671312e+01	1.1950300000e+01
1904	1905	1906	9.167545859e+01	1.1950300000e+01
1905	1906	1907	8.883660171e+01	1.1950300000e+01
1906	1907	1908	9.453077788e+01	1.1950300000e+01
1907	1908	1909	9.291371069e+01	1.1950300000e+01
1908	1909	1910	1.223606682e+02	1.1950300000e+01
1909	1910	1911	9.272101979e+01	1.1950300000e+01
1910	1911	1912	1.313106680e+02	1.1950300000e+01
1911	1912	1913	1.057357231e+02	1.1950300000e+01
1912	1913	1914	1.319344799e+02	1.1950300000e+01
1913	1914	1915	8.744028868e+01	1.1950300000e+01
1914	1915	1916	9.105121380e+01	1.1950300000e+01
1915	1916	1917	9.041187596e+01	1.1950300000e+01
1916	1917	1918	8.928533785e+01	1.1950300000e+01
1917	1918	1919	9.499304923e+01	1.1950300000e+01
1918	1919	1920	9.041656922e+01	1.1950300000e+01
1919	1920	1921	8.849008143e+01	1.1950300000e+01
1920	1921	1922	9.126580187e+01	1.1950300000e+01
1921	1922	1923	9.074326143e+01	1.1950300000e+01
1922	1923	1924	9.530101389e+01	1.1950300000e+01
1923	1924	1925	1.064719868e+02	1.1950300000e+01
1924	1925	1926	1.270215015e+02	1.1950300000e+01
1925	1926	1927	1.177147463e+02	1.1950300000e+01
1926	1927	1928	1.094196112e+02	1.1950300000e+01
1927	1928	1929	9.397592078e+01	1.1950300000e+01
1928	1929	1930	8.886990214e+01	1.1950300000e+01
1929	1930	1931	9.422223737e+01	1.1950300000e+01
1930	1931	1932	9.311447541e+01	1.1950300000e+01
1931	1932	1933	9.293784391e+01	1.1950300000e+01
1932	1933	1934	8.858283483e+01	1.1950300000e+01
1933	1934	1935	9.101398859e+01	1.1950300000e+01
1934	1935	1936	9.093849240e+01	1.1950300000e+01
1935	1936	1937	9.362838965e+01	1.1950300000e+01
1936	1937	1938	9.322317313e+01	1.1950300000e+01
1937	1938	1939	9.008414050e+01	1.1950300000e+01
1938	1939	1940	9.469963459e+01	1.1950300000e+01
1939	1940	1941	9.237710593e+01	1.1950300000e+01
1940	1941	1942	9.161389204e+01	1.1950300000e+01
1941	1942	1943	9.370354150e+01	1.1950300000e+01
1942	1943	1944	9.086126847e+01	1.1950300000e+01
1943	1944	1945	8.901252814e+01	1.1950300000e+01
1944	1945	1946	9.728789168e+01	1.1950300000e+01
1945	1946	1947	8.367917174e+01	1.1950300000e+01
1946	1947	1948	1.261230349e+02	1.1950300000e+01
