1	2	3.8056833810e+00	5.9751500000e+01
2	3	3.8145020640e+00	5.9751500000e+01
3	4	3.7913794320e+00	5.9751500000e+01
4	5	3.8085127020e+00	5.9751500000e+01
5	6	3.7833060940e+00	5.9751500000e+01
6	7	3.8041110660e+00	5.9751500000e+01
7	8	3.7801128290e+00	5.9751500000e+01
8	9	3.8023258670e+00	5.9751500000e+01
9	10	3.8048508510e+00	5.9751500000e+01
10	11	3.7983767590e+00	5.9751500000e+01
11	12	3.7973285350e+00	5.9751500000e+01
12	13	3.7761208930e+00	5.9751500000e+01
13	14	3.7924357610e+00	5.9751500000e+01
14	15	3.8067340330e+00	5.9751500000e+01
15	16	3.8438055360e+00	5.9751500000e+01
16	17	3.8078809070e+00	5.9751500000e+01
17	18	3.8042794320e+00	5.9751500000e+01
18	19	3.8219769750e+00	5.9751500000e+01
19	20	3.8107156810e+00	5.9751500000e+01
20	21	3.8062824380e+00	5.9751500000e+01
21	22	3.8056958630e+00	5.9751500000e+01
22	23	3.8051271990e+00	5.9751500000e+01
23	24	3.8046902630e+00	5.9751500000e+01
24	25	3.8043402840e+00	5.9751500000e+01
25	26	3.8027175810e+00	5.9751500000e+01
26	27	3.8099061670e+00	5.9751500000e+01
27	28	3.8018336370e+00	5.9751500000e+01
28	29	3.8011483790e+00	5.9751500000e+01
29	30	3.8305042750e+00	5.9751500000e+01
30	31	3.8018014150e+00	5.9751500000e+01
31	32	3.8080848200e+00	5.9751500000e+01
32	33	3.7909647850e+00	5.9751500000e+01
33	34	3.7975108950e+00	5.9751500000e+01
34	35	3.7993244140e+00	5.9751500000e+01
35	36	3.8542087390e+00	5.9751500000e+01
36	37	3.8141491840e+00	5.9751500000e+01
37	38	3.8281926550e+00	5.9751500000e+01
38	39	3.7905842560e+00	5.9751500000e+01
39	40	3.8066642880e+00	5.9751500000e+01
40	41	3.7936502210e+00	5.9751500000e+01
41	42	3.8081519140e+00	5.9751500000e+01
42	43	3.8375472640e+00	5.9751500000e+01
43	44	3.7925857930e+00	5.9751500000e+01
44	45	3.7918293740e+00	5.9751500000e+01
45	46	3.7899274400e+00	5.9751500000e+01
46	47	3.8193560980e+00	5.9751500000e+01
47	48	3.8403704250e+00	5.9751500000e+01
48	49	3.8071566820e+00	5.9751500000e+01
49	50	3.8409938820e+00	5.9751500000e+01
50	51	3.8086299370e+00	5.9751500000e+01
51	52	3.8219132640e+00	5.9751500000e+01
52	53	3.8168874750e+00	5.9751500000e+01
53	54	3.8020618090e+00	5.9751500000e+01
54	55	3.7868472370e+00	5.9751500000e+01
55	56	3.7678627890e+00	5.9751500000e+01
56	57	3.8126877660e+00	5.9751500000e+01
57	58	3.8003180130e+00	5.9751500000e+01
58	59	3.8064738280e+00	5.9751500000e+01
59	60	3.7912110200e+00	5.9751500000e+01
60	61	3.8116695820e+00	5.9751500000e+01
61	62	3.8087965290e+00	5.9751500000e+01
62	63	3.8466203350e+00	5.9751500000e+01
63	64	3.8014242070e+00	5.9751500000e+01
64	65	3.8149576670e+00	5.9751500000e+01
65	66	3.7944215630e+00	5.9751500000e+01
66	67	3.8144758490e+00	5.9751500000e+01
67	68	3.7761394310e+00	5.9751500000e+01
68	69	3.8108642060e+00	5.9751500000e+01
69	70	3.7810555400e+00	5.9751500000e+01
70	71	3.8045957740e+00	5.9751500000e+01
71	72	3.8272609000e+00	5.9751500000e+01
72	73	3.7965525150e+00	5.9751500000e+01
73	74	3.8039049670e+00	5.9751500000e+01
74	75	3.8192874990e+00	5.9751500000e+01
75	76	3.8387234860e+00	5.9751500000e+01
76	77	3.8257011120e+00	5.9751500000e+01
77	78	3.8054182420e+00	5.9751500000e+01
78	79	3.8037676060e+00	5.9751500000e+01
79	80	3.7984362570e+00	5.9751500000e+01
80	81	3.7782118790e+00	5.9751500000e+01
81	82	3.7716337310e+00	5.9751500000e+01
82	83	3.7629461860e+00	5.9751500000e+01
83	84	3.8350458930e+00	5.9751500000e+01
84	85	3.7700047750e+00	5.9751500000e+01
85	86	3.8277311820e+00	5.9751500000e+01
86	87	3.8300655350e+00	5.9751500000e+01
87	88	3.8568300460e+00	5.9751500000e+01
88	89	3.7609578570e+00	5.9751500000e+01
89	90	3.8076982550e+00	5.9751500000e+01
90	91	3.8274093070e+00	5.9751500000e+01
91	92	3.8068430490e+00	5.9751500000e+01
92	93	3.7986454160e+00	5.9751500000e+01
93	94	3.8202028740e+00	5.9751500000e+01
94	95	3.8281981400e+00	5.9751500000e+01
95	96	3.8207754450e+00	5.9751500000e+01
96	97	3.7740657120e+00	5.9751500000e+01
97	98	3.8090728530e+00	5.9751500000e+01
98	99	3.8122271710e+00	5.9751500000e+01
99	100	3.8013747510e+00	5.9751500000e+01
100	101	3.7695050070e+00	5.9751500000e+01
101	102	3.8382882900e+00	5.9751500000e+01
102	103	3.8159283270e+00	5.9751500000e+01
103	104	3.8179122570e+00	5.9751500000e+01
104	105	3.8088349920e+00	5.9751500000e+01
105	106	3.8525790060e+00	5.9751500000e+01
106	107	3.8205075580e+00	5.9751500000e+01
107	108	3.8423175300e+00	5.9751500000e+01
108	109	3.8112545180e+00	5.9751500000e+01
109	110	3.8465587220e+00	5.9751500000e+01
110	111	3.8323071380e+00	5.9751500000e+01
111	112	3.7792652730e+00	5.9751500000e+01
112	113	3.8032734580e+00	5.9751500000e+01
113	114	3.8000917090e+00	5.9751500000e+01
114	115	3.8254374910e+00	5.9751500000e+01
115	116	3.8029868520e+00	5.9751500000e+01
116	117	3.7928547300e+00	5.9751500000e+01
117	118	3.7918176380e+00	5.9751500000e+01
118	119	3.7959965750e+00	5.9751500000e+01
119	120	3.7790542470e+00	5.9751500000e+01
120	121	3.8311654880e+00	5.9751500000e+01
121	122	3.8199543190e+00	5.9751500000e+01
122	123	3.8228792810e+00	5.9751500000e+01
123	124	3.7943638470e+00	5.9751500000e+01
124	125	3.8236625110e+00	5.9751500000e+01
125	126	3.7874896700e+00	5.9751500000e+01
126	127	3.8014367020e+00	5.9751500000e+01
127	128	3.8034797230e+00	5.9751500000e+01
128	129	3.8073455320e+00	5.9751500000e+01
129	130	3.8224135050e+00	5.9751500000e+01
130	131	3.7895970760e+00	5.9751500000e+01
131	132	3.7915371550e+00	5.9751500000e+01
132	133	3.7982490700e+00	5.9751500000e+01
133	134	3.8010227570e+00	5.9751500000e+01
134	135	3.7733783270e+00	5.9751500000e+01
136	137	3.7910410180e+00	5.9751500000e+01
137	138	3.7959305840e+00	5.9751500000e+01
138	139	3.7859816430e+00	5.9751500000e+01
139	140	3.7833684730e+00	5.9751500000e+01
140	141	3.7815626400e+00	5.9751500000e+01
141	142	3.7867751450e+00	5.9751500000e+01
142	143	3.7991520110e+00	5.9751500000e+01
143	144	3.8008412230e+00	5.9751500000e+01
144	145	3.7940125200e+00	5.9751500000e+01
145	146	3.7915520570e+00	5.9751500000e+01
146	147	3.7981756150e+00	5.9751500000e+01
147	148	3.8049705650e+00	5.9751500000e+01
148	149	3.7830528680e+00	5.9751500000e+01
149	150	3.7936043550e+00	5.9751500000e+01
150	151	3.8098423850e+00	5.9751500000e+01
151	152	3.7987709850e+00	5.9751500000e+01
152	153	3.7988410070e+00	5.9751500000e+01
153	154	3.7707891750e+00	5.9751500000e+01
154	155	3.7759560380e+00	5.9751500000e+01
155	156	3.7750716550e+00	5.9751500000e+01
156	157	3.8139676190e+00	5.9751500000e+01
157	158	3.8199753930e+00	5.9751500000e+01
158	159	3.8202163550e+00	5.9751500000e+01
159	160	3.8056959940e+00	5.9751500000e+01
160	161	3.8203190970e+00	5.9751500000e+01
161	162	3.7883162490e+00	5.9751500000e+01
162	163	3.7667329350e+00	5.9751500000e+01
163	164	3.8063458850e+00	5.9751500000e+01
164	165	3.7760463450e+00	5.9751500000e+01
165	166	3.7673732230e+00	5.9751500000e+01
166	167	3.8325368880e+00	5.9751500000e+01
167	168	3.8015337690e+00	5.9751500000e+01
168	169	3.8360544830e+00	5.9751500000e+01
169	170	3.8017348670e+00	5.9751500000e+01
170	171	3.8096011600e+00	5.9751500000e+01
171	172	3.8139125580e+00	5.9751500000e+01
172	173	3.8035125870e+00	5.9751500000e+01
173	174	3.8306043910e+00	5.9751500000e+01
174	175	3.7787138020e+00	5.9751500000e+01
175	176	3.8265498820e+00	5.9751500000e+01
176	177	3.8429898520e+00	5.9751500000e+01
177	178	3.8043949580e+00	5.9751500000e+01
178	179	3.8417000140e+00	5.9751500000e+01
179	180	3.8072302270e+00	5.9751500000e+01
180	181	3.7836898660e+00	5.9751500000e+01
181	182	3.8007474260e+00	5.9751500000e+01
182	183	3.7831069240e+00	5.9751500000e+01
183	184	3.7909601690e+00	5.9751500000e+01
184	185	3.8230566300e+00	5.9751500000e+01
185	186	3.7803387410e+00	5.9751500000e+01
186	187	3.7714159140e+00	5.9751500000e+01
187	188	3.7670238920e+00	5.9751500000e+01
188	189	3.8010461720e+00	5.9751500000e+01
189	190	3.8029322900e+00	5.9751500000e+01
190	191	3.7956260350e+00	5.9751500000e+01
191	192	3.7861460620e+00	5.9751500000e+01
192	193	3.7863343750e+00	5.9751500000e+01
193	194	3.7994375900e+00	5.9751500000e+01
194	195	3.8428503740e+00	5.9751500000e+01
195	196	3.7969220430e+00	5.9751500000e+01
196	197	3.8173746210e+00	5.9751500000e+01
197	198	3.7913646620e+00	5.9751500000e+01
198	199	3.8053244280e+00	5.9751500000e+01
199	200	3.7518283540e+00	5.9751500000e+01
200	201	3.8235109520e+00	5.9751500000e+01
201	202	3.7973247160e+00	5.9751500000e+01
202	203	3.8122309740e+00	5.9751500000e+01
203	204	3.7925988450e+00	5.9751500000e+01
204	205	3.8064399380e+00	5.9751500000e+01
205	206	3.8262584860e+00	5.9751500000e+01
206	207	3.7994154810e+00	5.9751500000e+01
207	208	3.8411922630e+00	5.9751500000e+01
208	209	3.7965472470e+00	5.9751500000e+01
209	210	3.7860726350e+00	5.9751500000e+01
210	211	3.7917300800e+00	5.9751500000e+01
211	212	3.7905121030e+00	5.9751500000e+01
212	213	3.8287129690e+00	5.9751500000e+01
213	214	3.7760332360e+00	5.9751500000e+01
214	215	3.8053383560e+00	5.9751500000e+01
215	216	3.8441005450e+00	5.9751500000e+01
216	217	3.7929068010e+00	5.9751500000e+01
217	218	3.7735872850e+00	5.9751500000e+01
218	219	3.8389962230e+00	5.9751500000e+01
219	220	3.8345426060e+00	5.9751500000e+01
220	221	3.8132446810e+00	5.9751500000e+01
221	222	3.8399667970e+00	5.9751500000e+01
222	223	3.8237000410e+00	5.9751500000e+01
223	224	3.7990806780e+00	5.9751500000e+01
224	225	3.8218602800e+00	5.9751500000e+01
225	226	3.7873515810e+00	5.9751500000e+01
226	227	3.8023636070e+00	5.9751500000e+01
227	228	3.8350886560e+00	5.9751500000e+01
228	229	3.8251720220e+00	5.9751500000e+01
229	230	3.7996039270e+00	5.9751500000e+01
230	231	3.8223808030e+00	5.9751500000e+01
231	232	3.7937788550e+00	5.9751500000e+01
232	233	3.8120213800e+00	5.9751500000e+01
233	234	3.7825812620e+00	5.9751500000e+01
234	235	3.7802200990e+00	5.9751500000e+01
235	236	3.7997922310e+00	5.9751500000e+01
236	237	3.7867989120e+00	5.9751500000e+01
238	239	3.7905508830e+00	5.9751500000e+01
239	240	3.7993891610e+00	5.9751500000e+01
240	241	3.7975835740e+00	5.9751500000e+01
241	242	3.7984745620e+00	5.9751500000e+01
242	243	3.8039333590e+00	5.9751500000e+01
243	244	3.7926029320e+00	5.9751500000e+01
244	245	3.7834856940e+00	5.9751500000e+01
245	246	3.7926957430e+00	5.9751500000e+01
246	247	3.7884826780e+00	5.9751500000e+01
247	248	3.7900555400e+00	5.9751500000e+01
248	249	3.7913224610e+00	5.9751500000e+01
249	250	3.8115231860e+00	5.9751500000e+01
250	251	3.7849557460e+00	5.9751500000e+01
251	252	3.7988953660e+00	5.9751500000e+01
252	253	3.7906186830e+00	5.9751500000e+01
253	254	3.7777011530e+00	5.9751500000e+01
254	255	3.8052714750e+00	5.9751500000e+01
255	256	3.8350902210e+00	5.9751500000e+01
256	257	3.7835673640e+00	5.9751500000e+01
257	258	3.8327267060e+00	5.9751500000e+01
258	259	3.8285404530e+00	5.9751500000e+01
259	260	3.7980812260e+00	5.9751500000e+01
260	261	3.7832156960e+00	5.9751500000e+01
261	262	3.8238306710e+00	5.9751500000e+01
262	263	3.8559581170e+00	5.9751500000e+01
263	264	3.7893232910e+00	5.9751500000e+01
264	265	3.7920988910e+00	5.9751500000e+01
265	266	3.8148921350e+00	5.9751500000e+01
266	267	3.7852338100e+00	5.9751500000e+01
267	268	3.8456077540e+00	5.9751500000e+01
268	269	3.8045411020e+00	5.9751500000e+01
269	270	3.7958009690e+00	5.9751500000e+01
270	271	3.8441125110e+00	5.9751500000e+01
271	272	3.8118348600e+00	5.9751500000e+01
272	273	3.8184265080e+00	5.9751500000e+01
273	274	3.8103892190e+00	5.9751500000e+01
274	275	3.8007563720e+00	5.9751500000e+01
275	276	3.7545762740e+00	5.9751500000e+01
276	277	3.8251934590e+00	5.9751500000e+01
277	278	3.7732745730e+00	5.9751500000e+01
278	279	3.8097087820e+00	5.9751500000e+01
279	280	3.8217354700e+00	5.9751500000e+01
280	281	3.7857935760e+00	5.9751500000e+01
281	282	3.8159829660e+00	5.9751500000e+01
282	283	3.7927354240e+00	5.9751500000e+01
283	284	3.8117063110e+00	5.9751500000e+01
284	285	3.8162894280e+00	5.9751500000e+01
285	286	3.7926067550e+00	5.9751500000e+01
286	287	3.7804859480e+00	5.9751500000e+01
287	288	3.7998064420e+00	5.9751500000e+01
288	289	3.8394984050e+00	5.9751500000e+01
289	290	3.8489892180e+00	5.9751500000e+01
290	291	3.8450543560e+00	5.9751500000e+01
291	292	3.8241188530e+00	5.9751500000e+01
292	293	3.7861542490e+00	5.9751500000e+01
293	294	3.7887203640e+00	5.9751500000e+01
294	295	3.8283079810e+00	5.9751500000e+01
295	296	3.7853466160e+00	5.9751500000e+01
296	297	3.8179016490e+00	5.9751500000e+01
297	298	3.8155915660e+00	5.9751500000e+01
298	299	3.7828764190e+00	5.9751500000e+01
299	300	3.7970371340e+00	5.9751500000e+01
300	301	3.8077636480e+00	5.9751500000e+01
301	302	3.8199020930e+00	5.9751500000e+01
302	303	3.8366080070e+00	5.9751500000e+01
303	304	3.7994012690e+00	5.9751500000e+01
304	305	3.8042695750e+00	5.9751500000e+01
305	306	3.8348876120e+00	5.9751500000e+01
306	307	3.8265263620e+00	5.9751500000e+01
307	308	3.8341386260e+00	5.9751500000e+01
308	309	3.8407780460e+00	5.9751500000e+01
309	310	3.8337909440e+00	5.9751500000e+01
310	311	3.8215118740e+00	5.9751500000e+01
311	312	3.7997957840e+00	5.9751500000e+01
312	313	3.7761709440e+00	5.9751500000e+01
313	314	3.7755171830e+00	5.9751500000e+01
314	315	3.8054589740e+00	5.9751500000e+01
315	316	3.8177354540e+00	5.9751500000e+01
316	317	3.8715836550e+00	5.9751500000e+01
317	318	3.7673977760e+00	5.9751500000e+01
318	319	3.8355217380e+00	5.9751500000e+01
319	320	3.7985851310e+00	5.9751500000e+01
320	321	3.8314783050e+00	5.9751500000e+01
321	322	3.8126127520e+00	5.9751500000e+01
322	323	3.8564945220e+00	5.9751500000e+01
323	324	3.7622983670e+00	5.9751500000e+01
324	325	3.7594894600e+00	5.9751500000e+01
325	326	3.7965518570e+00	5.9751500000e+01
326	327	3.8279702190e+00	5.9751500000e+01
327	328	3.7968556730e+00	5.9751500000e+01
328	329	3.7922655500e+00	5.9751500000e+01
329	330	3.8263205560e+00	5.9751500000e+01
330	331	3.8437715850e+00	5.9751500000e+01
331	332	3.7973773840e+00	5.9751500000e+01
332	333	3.8188883200e+00	5.9751500000e+01
333	334	3.8144746690e+00	5.9751500000e+01
334	335	3.8128777850e+00	5.9751500000e+01
335	336	3.7973966080e+00	5.9751500000e+01
336	337	3.7700781160e+00	5.9751500000e+01
337	338	3.7909314160e+00	5.9751500000e+01
338	339	3.7951558600e+00	5.9751500000e+01
339	340	3.8003351170e+00	5.9751500000e+01
340	341	3.8299537860e+00	5.9751500000e+01
341	342	3.7558306670e+00	5.9751500000e+01
342	343	3.7880307550e+00	5.9751500000e+01
343	344	3.8148154610e+00	5.9751500000e+01
344	345	3.8125004920e+00	5.9751500000e+01
345	346	3.8476227730e+00	5.9751500000e+01
346	347	3.7815737460e+00	5.9751500000e+01
347	348	3.7866126020e+00	5.9751500000e+01
348	349	3.8058389350e+00	5.9751500000e+01
349	350	3.8346557860e+00	5.9751500000e+01
350	351	3.7648741010e+00	5.9751500000e+01
351	352	3.7945505660e+00	5.9751500000e+01
352	353	3.8135239610e+00	5.9751500000e+01
353	354	3.7847075180e+00	5.9751500000e+01
354	355	3.8212545060e+00	5.9751500000e+01
355	356	3.8006858590e+00	5.9751500000e+01
356	357	3.7979044220e+00	5.9751500000e+01
357	358	3.8008321460e+00	5.9751500000e+01
358	359	3.7978990240e+00	5.9751500000e+01
359	360	3.8134903960e+00	5.9751500000e+01
360	361	3.8107576670e+00	5.9751500000e+01
361	362	3.8023891170e+00	5.9751500000e+01
362	363	3.8050579500e+00	5.9751500000e+01
363	364	3.8066525980e+00	5.9751500000e+01
364	365	3.8106276390e+00	5.9751500000e+01
366	367	3.8022757660e+00	5.9751500000e+01
367	368	3.8055292670e+00	5.9751500000e+01
368	369	3.8070379560e+00	5.9751500000e+01
369	370	2.9397806040e+00	5.9751500000e+01
370	371	3.8091699880e+00	5.9751500000e+01
371	372	2.9823911550e+00	5.9751500000e+01
372	373	3.8139592290e+00	5.9751500000e+01
373	374	3.8261600860e+00	5.9751500000e+01
374	375	3.7805318410e+00	5.9751500000e+01
375	376	3.7922269180e+00	5.9751500000e+01
376	377	3.8036573190e+00	5.9751500000e+01
377	378	3.7978884920e+00	5.9751500000e+01
378	379	3.7965781960e+00	5.9751500000e+01
379	380	3.8075527570e+00	5.9751500000e+01
380	381	3.8093183120e+00	5.9751500000e+01
381	382	3.8226175590e+00	5.9751500000e+01
382	383	3.8059561220e+00	5.9751500000e+01
383	384	3.8063113380e+00	5.9751500000e+01
384	385	3.8049028900e+00	5.9751500000e+01
385	386	3.8085295060e+00	5.9751500000e+01
386	387	3.8005775880e+00	5.9751500000e+01
387	388	3.8026492080e+00	5.9751500000e+01
388	389	3.8099545930e+00	5.9751500000e+01
389	390	3.8182976570e+00	5.9751500000e+01
390	391	3.8151017020e+00	5.9751500000e+01
391	392	3.7968057630e+00	5.9751500000e+01
392	393	3.7926609390e+00	5.9751500000e+01
393	394	3.7943369640e+00	5.9751500000e+01
394	395	3.7904557770e+00	5.9751500000e+01
395	396	3.7903522260e+00	5.9751500000e+01
396	397	3.7848257560e+00	5.9751500000e+01
397	398	3.8105197810e+00	5.9751500000e+01
398	399	3.7703266440e+00	5.9751500000e+01
399	400	3.7895461470e+00	5.9751500000e+01
400	401	3.8250912410e+00	5.9751500000e+01
401	402	3.7972501890e+00	5.9751500000e+01
402	403	3.7833608080e+00	5.9751500000e+01
403	404	3.8251501930e+00	5.9751500000e+01
404	405	3.8342224770e+00	5.9751500000e+01
405	406	3.7880934520e+00	5.9751500000e+01
406	407	3.7857606900e+00	5.9751500000e+01
407	408	3.8391991350e+00	5.9751500000e+01
408	409	3.8087990230e+00	5.9751500000e+01
409	410	3.7355033130e+00	5.9751500000e+01
410	411	3.8019418720e+00	5.9751500000e+01
411	412	3.8309025050e+00	5.9751500000e+01
412	413	3.8062817810e+00	5.9751500000e+01
413	414	3.8001897320e+00	5.9751500000e+01
414	415	3.7609001580e+00	5.9751500000e+01
415	416	3.8326914820e+00	5.9751500000e+01
416	417	3.8257237220e+00	5.9751500000e+01
417	418	3.7953702060e+00	5.9751500000e+01
418	419	3.8387043390e+00	5.9751500000e+01
419	420	3.8129223700e+00	5.9751500000e+01
420	421	3.7949370220e+00	5.9751500000e+01
421	422	3.8498163590e+00	5.9751500000e+01
422	423	3.8312020310e+00	5.9751500000e+01
423	424	3.8716697950e+00	5.9751500000e+01
424	425	3.7982214260e+00	5.9751500000e+01
425	426	3.8412084040e+00	5.9751500000e+01
426	427	3.7970226490e+00	5.9751500000e+01
427	428	3.7892694550e+00	5.9751500000e+01
428	429	3.8225842040e+00	5.9751500000e+01
429	430	3.8353256710e+00	5.9751500000e+01
430	431	3.8290945400e+00	5.9751500000e+01
431	432	3.8048625470e+00	5.9751500000e+01
432	433	3.8323967700e+00	5.9751500000e+01
433	434	3.8165021940e+00	5.9751500000e+01
434	435	3.7967820590e+00	5.9751500000e+01
435	436	3.8251048350e+00	5.9751500000e+01
436	437	3.8181266350e+00	5.9751500000e+01
437	438	3.8082799270e+00	5.9751500000e+01
438	439	3.8635974170e+00	5.9751500000e+01
439	440	3.8284298350e+00	5.9751500000e+01
440	441	3.8377386570e+00	5.9751500000e+01
441	442	3.7949353090e+00	5.9751500000e+01
442	443	3.8070862870e+00	5.9751500000e+01
443	444	3.8304115970e+00	5.9751500000e+01
444	445	3.8124785900e+00	5.9751500000e+01
445	446	3.7994994410e+00	5.9751500000e+01
446	447	3.7906048330e+00	5.9751500000e+01
447	448	3.8037970500e+00	5.9751500000e+01
448	449	3.7699793100e+00	5.9751500000e+01
449	450	3.8000717100e+00	5.9751500000e+01
450	451	3.7857038980e+00	5.9751500000e+01
451	452	3.7878037170e+00	5.9751500000e+01
452	453	3.7809904790e+00	5.9751500000e+01
453	454	3.7800980150e+00	5.9751500000e+01
454	455	3.8364385830e+00	5.9751500000e+01
455	456	3.8109282330e+00	5.9751500000e+01
456	457	3.8055723620e+00	5.9751500000e+01
457	458	3.7883707580e+00	5.9751500000e+01
458	459	3.8463734870e+00	5.9751500000e+01
459	460	3.8217353390e+00	5.9751500000e+01
460	461	3.8051296960e+00	5.9751500000e+01
461	462	3.8026193600e+00	5.9751500000e+01
462	463	3.7867425320e+00	5.9751500000e+01
463	464	3.7864740850e+00	5.9751500000e+01
464	465	3.7661244000e+00	5.9751500000e+01
465	466	3.8135134720e+00	5.9751500000e+01
466	467	3.7952134330e+00	5.9751500000e+01
467	468	3.7718834820e+00	5.9751500000e+01
468	469	3.7864397530e+00	5.9751500000e+01
469	470	3.8131674500e+00	5.9751500000e+01
470	471	3.7914673940e+00	5.9751500000e+01
471	472	3.8334149270e+00	5.9751500000e+01
472	473	3.8406439560e+00	5.9751500000e+01
473	474	3.8400975250e+00	5.9751500000e+01
474	475	3.8357477760e+00	5.9751500000e+01
475	476	3.8097922520e+00	5.9751500000e+01
476	477	3.8033355100e+00	5.9751500000e+01
477	478	3.7668397900e+00	5.9751500000e+01
478	479	3.7845719710e+00	5.9751500000e+01
479	480	3.8179189360e+00	5.9751500000e+01
480	481	3.7928557840e+00	5.9751500000e+01
481	482	3.8486893870e+00	5.9751500000e+01
482	483	3.7771934030e+00	5.9751500000e+01
483	484	3.8070116890e+00	5.9751500000e+01
484	485	3.8193560980e+00	5.9751500000e+01
485	486	3.7901251960e+00	5.9751500000e+01
486	487	3.8262319580e+00	5.9751500000e+01
488	489	3.8074776430e+00	5.9751500000e+01
489	490	3.8127277640e+00	5.9751500000e+01
490	491	3.8094780480e+00	5.9751500000e+01
491	492	3.8149891220e+00	5.9751500000e+01
492	493	3.8051978920e+00	5.9751500000e+01
493	494	3.8221628690e+00	5.9751500000e+01
494	495	3.8071122910e+00	5.9751500000e+01
495	496	3.8169351580e+00	5.9751500000e+01
496	497	3.8065450210e+00	5.9751500000e+01
497	498	3.8264632500e+00	5.9751500000e+01
498	499	3.7946185580e+00	5.9751500000e+01
499	500	3.7867332890e+00	5.9751500000e+01
500	501	3.8153517530e+00	5.9751500000e+01
501	502	3.7963942100e+00	5.9751500000e+01
502	503	3.8063768860e+00	5.9751500000e+01
503	504	3.8026045020e+00	5.9751500000e+01
504	505	3.8025273170e+00	5.9751500000e+01
505	506	3.8269379400e+00	5.9751500000e+01
506	507	3.8037010920e+00	5.9751500000e+01
507	508	3.7951305640e+00	5.9751500000e+01
508	509	3.7833156090e+00	5.9751500000e+01
509	510	3.8025667650e+00	5.9751500000e+01
510	511	3.8098770320e+00	5.9751500000e+01
511	512	3.8153244950e+00	5.9751500000e+01
512	513	3.8071330420e+00	5.9751500000e+01
513	514	3.8009554060e+00	5.9751500000e+01
514	515	3.8000014470e+00	5.9751500000e+01
515	516	3.8058118710e+00	5.9751500000e+01
516	517	3.8361863880e+00	5.9751500000e+01
517	518	3.8018208800e+00	5.9751500000e+01
518	519	3.7712920860e+00	5.9751500000e+01
519	520	3.7807610350e+00	5.9751500000e+01
520	521	3.7897795450e+00	5.9751500000e+01
521	522	3.8177786740e+00	5.9751500000e+01
522	523	3.8337884660e+00	5.9751500000e+01
523	524	3.8284075020e+00	5.9751500000e+01
524	525	3.8733996700e+00	5.9751500000e+01
525	526	3.8427763400e+00	5.9751500000e+01
526	527	3.8174921090e+00	5.9751500000e+01
527	528	3.7906814690e+00	5.9751500000e+01
528	529	3.7891035880e+00	5.9751500000e+01
529	530	3.8390537900e+00	5.9751500000e+01
530	531	3.7785313280e+00	5.9751500000e+01
531	532	3.7943075780e+00	5.9751500000e+01
532	533	3.8102522230e+00	5.9751500000e+01
533	534	3.8153884470e+00	5.9751500000e+01
534	535	3.8444149100e+00	5.9751500000e+01
535	536	3.7912923920e+00	5.9751500000e+01
536	537	3.8366417610e+00	5.9751500000e+01
537	538	3.8580270860e+00	5.9751500000e+01
538	539	3.8220958910e+00	5.9751500000e+01
539	540	3.7559092110e+00	5.9751500000e+01
540	541	3.7711231750e+00	5.9751500000e+01
541	542	3.7887278870e+00	5.9751500000e+01
542	543	3.8121811340e+00	5.9751500000e+01
543	544	3.7919541140e+00	5.9751500000e+01
544	545	3.7864043630e+00	5.9751500000e+01
545	546	3.7922557930e+00	5.9751500000e+01
546	547	3.8066437970e+00	5.9751500000e+01
547	548	3.8037242280e+00	5.9751500000e+01
548	549	3.8029612150e+00	5.9751500000e+01
549	550	3.8336360030e+00	5.9751500000e+01
550	551	3.8143703280e+00	5.9751500000e+01
551	552	3.7894915230e+00	5.9751500000e+01
552	553	3.8316949250e+00	5.9751500000e+01
553	554	3.8416404050e+00	5.9751500000e+01
554	555	3.7847505860e+00	5.9751500000e+01
555	556	3.8280905160e+00	5.9751500000e+01
556	557	3.7970101400e+00	5.9751500000e+01
557	558	3.8150859750e+00	5.9751500000e+01
558	559	3.7935642870e+00	5.9751500000e+01
559	560	3.8173556290e+00	5.9751500000e+01
560	561	3.7822124480e+00	5.9751500000e+01
561	562	3.7857110300e+00	5.9751500000e+01
562	563	3.7719993370e+00	5.9751500000e+01
563	564	3.7800038360e+00	5.9751500000e+01
564	565	3.8124370160e+00	5.9751500000e+01
565	566	3.8100532800e+00	5.9751500000e+01
566	567	3.7940313650e+00	5.9751500000e+01
567	568	3.8072269440e+00	5.9751500000e+01
568	569	3.8163221820e+00	5.9751500000e+01
569	570	3.7817468190e+00	5.9751500000e+01
570	571	3.8571488170e+00	5.9751500000e+01
571	572	3.7597428100e+00	5.9751500000e+01
572	573	3.8174799280e+00	5.9751500000e+01
573	574	3.8483467880e+00	5.9751500000e+01
574	575	3.9022533230e+00	5.9751500000e+01
575	576	3.7674122420e+00	5.9751500000e+01
576	577	3.8238769590e+00	5.9751500000e+01
577	578	3.8524616810e+00	5.9751500000e+01
578	579	3.8047237740e+00	5.9751500000e+01
579	580	3.8034058420e+00	5.9751500000e+01
580	581	3.8282177320e+00	5.9751500000e+01
581	582	3.8216925570e+00	5.9751500000e+01
582	583	3.7962910850e+00	5.9751500000e+01
583	584	3.7570292790e+00	5.9751500000e+01
584	585	3.8007761050e+00	5.9751500000e+01
585	586	3.8189256340e+00	5.9751500000e+01
586	587	3.8138139700e+00	5.9751500000e+01
587	588	3.7715015580e+00	5.9751500000e+01
588	589	3.8364220310e+00	5.9751500000e+01
589	590	3.8073619480e+00	5.9751500000e+01
590	591	3.8158607150e+00	5.9751500000e+01
591	592	3.8096741330e+00	5.9751500000e+01
592	593	3.8716762520e+00	5.9751500000e+01
593	594	3.8272827180e+00	5.9751500000e+01
594	595	3.8299922980e+00	5.9751500000e+01
595	596	3.8411943460e+00	5.9751500000e+01
596	597	3.8048496690e+00	5.9751500000e+01
597	598	3.8449364100e+00	5.9751500000e+01
598	599	3.8040360150e+00	5.9751500000e+01
599	600	3.7781161970e+00	5.9751500000e+01
600	601	3.8177945200e+00	5.9751500000e+01
601	602	3.8285006200e+00	5.9751500000e+01
602	603	3.7837671700e+00	5.9751500000e+01
603	604	3.7946184260e+00	5.9751500000e+01
604	605	3.8295222940e+00	5.9751500000e+01
605	606	3.7968963640e+00	5.9751500000e+01
606	607	3.7876090080e+00	5.9751500000e+01
607	608	3.8464222340e+00	5.9751500000e+01
608	609	3.8336662610e+00	5.9751500000e+01
609	610	3.8060222020e+00	5.9751500000e+01
610	611	3.8113783600e+00	5.9751500000e+01
611	612	3.8183554050e+00	5.9751500000e+01
612	613	3.8114739930e+00	5.9751500000e+01
613	614	3.8470001300e+00	5.9751500000e+01
614	615	3.8193173470e+00	5.9751500000e+01
615	616	3.7859124400e+00	5.9751500000e+01
616	617	3.8360173360e+00	5.9751500000e+01
617	618	3.8223063720e+00	5.9751500000e+01
618	619	3.7984346780e+00	5.9751500000e+01
619	620	3.7999097360e+00	5.9751500000e+01
620	621	3.7857488030e+00	5.9751500000e+01
621	622	3.8072626650e+00	5.9751500000e+01
623	624	3.7915900360e+00	5.9751500000e+01
624	625	3.7981712700e+00	5.9751500000e+01
625	626	3.7953077610e+00	5.9751500000e+01
626	627	3.7988951030e+00	5.9751500000e+01
627	628	3.7916417290e+00	5.9751500000e+01
628	629	3.7823952730e+00	5.9751500000e+01
629	630	3.7948588910e+00	5.9751500000e+01
630	631	3.7899927440e+00	5.9751500000e+01
631	632	3.7980460770e+00	5.9751500000e+01
632	633	3.7871147330e+00	5.9751500000e+01
633	634	3.7938288050e+00	5.9751500000e+01
634	635	3.7925401780e+00	5.9751500000e+01
635	636	3.7772987700e+00	5.9751500000e+01
636	637	3.7971453750e+00	5.9751500000e+01
637	638	3.7961483110e+00	5.9751500000e+01
638	639	3.8086084070e+00	5.9751500000e+01
639	640	3.8069444440e+00	5.9751500000e+01
640	641	3.8132678900e+00	5.9751500000e+01
641	642	3.7853001200e+00	5.9751500000e+01
642	643	3.7876046520e+00	5.9751500000e+01
643	644	3.7840638210e+00	5.9751500000e+01
644	645	3.7738818210e+00	5.9751500000e+01
645	646	3.8090044630e+00	5.9751500000e+01
646	647	3.8055614570e+00	5.9751500000e+01
647	648	3.8248776450e+00	5.9751500000e+01
648	649	3.8324428240e+00	5.9751500000e+01
649	650	3.8014755030e+00	5.9751500000e+01
650	651	3.8023943770e+00	5.9751500000e+01
651	652	3.8383202060e+00	5.9751500000e+01
652	653	3.7845388090e+00	5.9751500000e+01
653	654	3.8597247310e+00	5.9751500000e+01
654	655	3.7983834720e+00	5.9751500000e+01
655	656	3.8118675210e+00	5.9751500000e+01
656	657	3.8005689050e+00	5.9751500000e+01
657	658	3.8400295570e+00	5.9751500000e+01
658	659	3.8269952970e+00	5.9751500000e+01
659	660	3.8249864050e+00	5.9751500000e+01
660	661	3.8612092670e+00	5.9751500000e+01
661	662	3.8244462340e+00	5.9751500000e+01
662	663	3.8384181640e+00	5.9751500000e+01
663	664	3.8378798830e+00	5.9751500000e+01
664	665	3.8053223250e+00	5.9751500000e+01
665	666	3.7729052470e+00	5.9751500000e+01
666	667	3.8219619310e+00	5.9751500000e+01
667	668	3.7916206300e+00	5.9751500000e+01
668	669	3.7960633560e+00	5.9751500000e+01
669	670	3.7922197980e+00	5.9751500000e+01
670	671	3.7981739030e+00	5.9751500000e+01
671	672	3.8143877620e+00	5.9751500000e+01
672	673	3.7808948680e+00	5.9751500000e+01
673	674	3.7805720470e+00	5.9751500000e+01
674	675	3.8023048270e+00	5.9751500000e+01
675	676	3.8264597210e+00	5.9751500000e+01
676	677	3.8028869300e+00	5.9751500000e+01
677	678	3.8171861360e+00	5.9751500000e+01
678	679	3.8311319480e+00	5.9751500000e+01
679	680	3.8017628810e+00	5.9751500000e+01
680	681	3.7886286440e+00	5.9751500000e+01
681	682	3.7903531500e+00	5.9751500000e+01
682	683	3.7945720440e+00	5.9751500000e+01
683	684	3.8109404350e+00	5.9751500000e+01
684	685	3.8126781930e+00	5.9751500000e+01
685	686	3.7934842820e+00	5.9751500000e+01
686	687	3.7905677670e+00	5.9751500000e+01
687	688	3.7885961780e+00	5.9751500000e+01
688	689	3.8371120650e+00	5.9751500000e+01
689	690	3.8238729060e+00	5.9751500000e+01
690	691	3.8275763870e+00	5.9751500000e+01
691	692	3.7761953070e+00	5.9751500000e+01
692	693	3.8038008620e+00	5.9751500000e+01
693	694	3.8310294960e+00	5.9751500000e+01
694	695	3.8438349340e+00	5.9751500000e+01
695	696	3.8198409650e+00	5.9751500000e+01
696	697	3.8006980940e+00	5.9751500000e+01
697	698	3.7864349990e+00	5.9751500000e+01
698	699	3.8158473500e+00	5.9751500000e+01
699	700	3.7794068320e+00	5.9751500000e+01
700	701	3.7985039160e+00	5.9751500000e+01
701	702	3.8319453280e+00	5.9751500000e+01
702	703	3.8088856640e+00	5.9751500000e+01
703	704	3.7910448430e+00	5.9751500000e+01
704	705	3.7646592140e+00	5.9751500000e+01
705	706	3.8134428010e+00	5.9751500000e+01
706	707	3.8276690030e+00	5.9751500000e+01
707	708	3.8440169090e+00	5.9751500000e+01
708	709	3.8372931870e+00	5.9751500000e+01
709	710	3.8260734440e+00	5.9751500000e+01
710	711	3.7791006870e+00	5.9751500000e+01
711	712	3.7901753260e+00	5.9751500000e+01
712	713	3.7683430050e+00	5.9751500000e+01
713	714	3.7752756190e+00	5.9751500000e+01
714	715	3.7644490960e+00	5.9751500000e+01
715	716	3.7822809260e+00	5.9751500000e+01
716	717	3.8516959900e+00	5.9751500000e+01
717	718	3.8352839530e+00	5.9751500000e+01
718	719	3.7740434550e+00	5.9751500000e+01
719	720	3.7942963770e+00	5.9751500000e+01
720	721	3.7837593740e+00	5.9751500000e+01
721	722	3.7844986460e+00	5.9751500000e+01
722	723	3.7476539330e+00	5.9751500000e+01
723	724	3.7706866750e+00	5.9751500000e+01
725	726	3.7902382510e+00	5.9751500000e+01
726	727	3.8001174980e+00	5.9751500000e+01
727	728	3.7929451620e+00	5.9751500000e+01
728	729	3.8048838350e+00	5.9751500000e+01
729	730	3.8194418440e+00	5.9751500000e+01
730	731	3.7943017800e+00	5.9751500000e+01
731	732	3.7847965600e+00	5.9751500000e+01
732	733	3.8073316120e+00	5.9751500000e+01
733	734	3.8086862560e+00	5.9751500000e+01
734	735	3.8048415210e+00	5.9751500000e+01
735	736	3.8045940650e+00	5.9751500000e+01
736	737	3.8048570280e+00	5.9751500000e+01
737	738	3.7934588440e+00	5.9751500000e+01
738	739	3.7900281000e+00	5.9751500000e+01
739	740	3.7923119600e+00	5.9751500000e+01
740	741	3.7837481420e+00	5.9751500000e+01
741	742	3.7947679770e+00	5.9751500000e+01
742	743	3.7999496050e+00	5.9751500000e+01
743	744	3.8007954430e+00	5.9751500000e+01
744	745	3.8120895840e+00	5.9751500000e+01
745	746	3.7863090210e+00	5.9751500000e+01
746	747	3.7959267640e+00	5.9751500000e+01
747	748	3.7679709390e+00	5.9751500000e+01
748	749	3.8218076870e+00	5.9751500000e+01
749	750	3.8684704990e+00	5.9751500000e+01
750	751	3.7712346780e+00	5.9751500000e+01
751	752	3.8091170890e+00	5.9751500000e+01
752	753	3.7828420530e+00	5.9751500000e+01
753	754	3.8299966060e+00	5.9751500000e+01
754	755	3.8106919320e+00	5.9751500000e+01
755	756	3.7939524250e+00	5.9751500000e+01
756	757	3.7938150980e+00	5.9751500000e+01
757	758	3.8075830920e+00	5.9751500000e+01
758	759	3.7936597110e+00	5.9751500000e+01
759	760	3.8101818850e+00	5.9751500000e+01
760	761	3.7756992730e+00	5.9751500000e+01
761	762	3.8117143120e+00	5.9751500000e+01
762	763	3.7667792610e+00	5.9751500000e+01
763	764	3.7954558360e+00	5.9751500000e+01
764	765	3.8086178600e+00	5.9751500000e+01
765	766	3.7941725050e+00	5.9751500000e+01
766	767	3.8057809970e+00	5.9751500000e+01
767	768	3.8016282040e+00	5.9751500000e+01
768	769	3.8060123490e+00	5.9751500000e+01
769	770	3.7901162250e+00	5.9751500000e+01
770	771	3.8379570090e+00	5.9751500000e+01
771	772	3.8191535710e+00	5.9751500000e+01
772	773	3.8085843830e+00	5.9751500000e+01
773	774	3.8069454950e+00	5.9751500000e+01
774	775	3.8062686450e+00	5.9751500000e+01
775	776	3.8005520650e+00	5.9751500000e+01
776	777	3.8023479590e+00	5.9751500000e+01
777	778	3.7979415480e+00	5.9751500000e+01
778	779	3.8031782760e+00	5.9751500000e+01
779	780	3.8161918190e+00	5.9751500000e+01
780	781	3.8212445620e+00	5.9751500000e+01
781	782	3.7997052520e+00	5.9751500000e+01
782	783	3.7762942150e+00	5.9751500000e+01
783	784	3.8116681390e+00	5.9751500000e+01
784	785	3.8108525290e+00	5.9751500000e+01
785	786	3.7884050730e+00	5.9751500000e+01
786	787	3.8081830310e+00	5.9751500000e+01
787	788	3.8106301320e+00	5.9751500000e+01
788	789	3.8013222700e+00	5.9751500000e+01
789	790	3.8204236680e+00	5.9751500000e+01
790	791	3.7962171960e+00	5.9751500000e+01
791	792	3.8114914400e+00	5.9751500000e+01
792	793	3.8043961410e+00	5.9751500000e+01
793	794	3.8078618670e+00	5.9751500000e+01
794	795	3.7909109720e+00	5.9751500000e+01
795	796	3.8382443900e+00	5.9751500000e+01
796	797	3.7858394050e+00	5.9751500000e+01
797	798	3.8104310780e+00	5.9751500000e+01
798	799	3.8048099820e+00	5.9751500000e+01
799	800	3.7936706500e+00	5.9751500000e+01
800	801	3.8094789670e+00	5.9751500000e+01
801	802	3.8215096490e+00	5.9751500000e+01
802	803	3.8354609890e+00	5.9751500000e+01
803	804	3.8549045380e+00	5.9751500000e+01
804	805	3.8202184490e+00	5.9751500000e+01
805	806	3.8083488550e+00	5.9751500000e+01
806	807	3.7975578990e+00	5.9751500000e+01
807	808	3.7873518450e+00	5.9751500000e+01
808	809	3.8078994210e+00	5.9751500000e+01
809	810	3.8149522930e+00	5.9751500000e+01
810	811	3.7988868110e+00	5.9751500000e+01
811	812	3.7556870210e+00	5.9751500000e+01
812	813	3.8127875630e+00	5.9751500000e+01
813	814	3.7984536330e+00	5.9751500000e+01
814	815	3.7980339650e+00	5.9751500000e+01
815	816	3.8167098400e+00	5.9751500000e+01
816	817	3.8186301210e+00	5.9751500000e+01
817	818	3.7538911810e+00	5.9751500000e+01
818	819	3.8110861970e+00	5.9751500000e+01
819	820	3.7997494650e+00	5.9751500000e+01
820	821	3.8374753420e+00	5.9751500000e+01
821	822	3.8000559210e+00	5.9751500000e+01
822	823	3.7809026700e+00	5.9751500000e+01
823	824	3.8017221100e+00	5.9751500000e+01
824	825	3.8341812690e+00	5.9751500000e+01
825	826	3.7930887150e+00	5.9751500000e+01
826	827	3.8115027220e+00	5.9751500000e+01
827	828	3.8385910180e+00	5.9751500000e+01
828	829	3.7746785290e+00	5.9751500000e+01
829	830	3.7915123630e+00	5.9751500000e+01
830	831	3.8376663480e+00	5.9751500000e+01
831	832	3.8160981380e+00	5.9751500000e+01
832	833	3.8077031130e+00	5.9751500000e+01
833	834	3.8089423730e+00	5.9751500000e+01
834	835	3.8061068040e+00	5.9751500000e+01
835	836	3.7979728800e+00	5.9751500000e+01
836	837	3.8249354240e+00	5.9751500000e+01
837	838	3.8016346480e+00	5.9751500000e+01
838	839	3.7911324170e+00	5.9751500000e+01
839	840	3.8251006520e+00	5.9751500000e+01
840	841	3.8359535970e+00	5.9751500000e+01
841	842	3.8271994980e+00	5.9751500000e+01
842	843	3.8195463080e+00	5.9751500000e+01
843	844	3.8014657700e+00	5.9751500000e+01
844	845	3.7935202650e+00	5.9751500000e+01
845	846	3.8127575320e+00	5.9751500000e+01
846	847	3.8042952040e+00	5.9751500000e+01
847	848	3.8061878570e+00	5.9751500000e+01
848	849	3.8020821930e+00	5.9751500000e+01
849	850	3.8005940330e+00	5.9751500000e+01
850	851	3.8037193640e+00	5.9751500000e+01
851	852	3.8037258050e+00	5.9751500000e+01
853	854	3.8028466970e+00	5.9751500000e+01
854	855	3.8034777510e+00	5.9751500000e+01
855	856	3.8055426680e+00	5.9751500000e+01
856	857	3.8398210900e+00	5.9751500000e+01
857	858	3.8065215090e+00	5.9751500000e+01
858	859	3.8377632810e+00	5.9751500000e+01
859	860	3.8051169500e+00	5.9751500000e+01
860	861	3.8047557080e+00	5.9751500000e+01
861	862	3.7885762500e+00	5.9751500000e+01
862	863	3.7963348110e+00	5.9751500000e+01
863	864	3.8041205290e+00	5.9751500000e+01
864	865	3.8044785450e+00	5.9751500000e+01
865	866	3.8035073290e+00	5.9751500000e+01
866	867	3.8073208430e+00	5.9751500000e+01
867	868	3.8065572370e+00	5.9751500000e+01
868	869	3.8027376980e+00	5.9751500000e+01
869	870	3.8046869780e+00	5.9751500000e+01
870	871	3.8091619810e+00	5.9751500000e+01
871	872	3.8045006240e+00	5.9751500000e+01
872	873	3.8227606520e+00	5.9751500000e+01
873	874	3.8125627860e+00	5.9751500000e+01
874	875	3.7918984690e+00	5.9751500000e+01
875	876	3.7992322910e+00	5.9751500000e+01
876	877	3.8270295270e+00	5.9751500000e+01
877	878	3.8105629510e+00	5.9751500000e+01
878	879	3.8095235920e+00	5.9751500000e+01
879	880	3.7759032030e+00	5.9751500000e+01
880	881	3.8004527360e+00	5.9751500000e+01
881	882	3.7977854070e+00	5.9751500000e+01
882	883	3.7910544710e+00	5.9751500000e+01
883	884	3.8049390270e+00	5.9751500000e+01
884	885	3.8021233540e+00	5.9751500000e+01
885	886	3.7850307790e+00	5.9751500000e+01
886	887	3.7927120900e+00	5.9751500000e+01
887	888	3.8267146480e+00	5.9751500000e+01
888	889	3.7869577500e+00	5.9751500000e+01
889	890	3.8325545010e+00	5.9751500000e+01
890	891	3.8121370650e+00	5.9751500000e+01
891	892	3.8105195180e+00	5.9751500000e+01
892	893	3.7976902190e+00	5.9751500000e+01
893	894	3.7859174580e+00	5.9751500000e+01
894	895	3.8059732000e+00	5.9751500000e+01
895	896	3.7865395810e+00	5.9751500000e+01
896	897	3.8181291230e+00	5.9751500000e+01
897	898	3.8375010100e+00	5.9751500000e+01
898	899	3.8471562220e+00	5.9751500000e+01
899	900	3.7976005580e+00	5.9751500000e+01
900	901	3.7984494200e+00	5.9751500000e+01
901	902	3.7621314440e+00	5.9751500000e+01
902	903	3.8080493690e+00	5.9751500000e+01
903	904	3.7679980100e+00	5.9751500000e+01
904	905	3.8008649020e+00	5.9751500000e+01
905	906	3.8124199660e+00	5.9751500000e+01
906	907	3.8155813450e+00	5.9751500000e+01
907	908	3.7820571120e+00	5.9751500000e+01
908	909	3.8219578750e+00	5.9751500000e+01
909	910	3.8325085780e+00	5.9751500000e+01
910	911	3.8204735310e+00	5.9751500000e+01
911	912	3.8000671050e+00	5.9751500000e+01
912	913	3.8536522940e+00	5.9751500000e+01
913	914	3.8176150930e+00	5.9751500000e+01
914	915	3.7676333420e+00	5.9751500000e+01
915	916	3.8187676020e+00	5.9751500000e+01
916	917	3.8054521410e+00	5.9751500000e+01
917	918	3.7942174420e+00	5.9751500000e+01
918	919	3.7908679740e+00	5.9751500000e+01
919	920	3.8210765500e+00	5.9751500000e+01
920	921	3.8119572400e+00	5.9751500000e+01
921	922	3.7827726600e+00	5.9751500000e+01
922	923	3.8030815140e+00	5.9751500000e+01
923	924	3.8012134900e+00	5.9751500000e+01
924	925	3.8038108520e+00	5.9751500000e+01
925	926	3.8314793490e+00	5.9751500000e+01
926	927	3.7790181260e+00	5.9751500000e+01
927	928	3.8232250780e+00	5.9751500000e+01
928	929	3.8058918800e+00	5.9751500000e+01
929	930	3.8081246040e+00	5.9751500000e+01
930	931	3.8023576900e+00	5.9751500000e+01
931	932	3.8051256220e+00	5.9751500000e+01
932	933	3.7878343420e+00	5.9751500000e+01
933	934	3.7991268730e+00	5.9751500000e+01
934	935	3.8033040900e+00	5.9751500000e+01
935	936	3.7659794210e+00	5.9751500000e+01
936	937	3.8081026770e+00	5.9751500000e+01
937	938	3.8074949770e+00	5.9751500000e+01
938	939	3.7865832880e+00	5.9751500000e+01
939	940	3.8111952190e+00	5.9751500000e+01
940	941	3.8201034020e+00	5.9751500000e+01
941	942	3.8524987990e+00	5.9751500000e+01
942	943	3.7890002640e+00	5.9751500000e+01
943	944	3.7982115530e+00	5.9751500000e+01
944	945	3.7971185130e+00	5.9751500000e+01
945	946	3.8325721130e+00	5.9751500000e+01
946	947	3.8103610070e+00	5.9751500000e+01
947	948	3.8108745720e+00	5.9751500000e+01
948	949	3.8240879960e+00	5.9751500000e+01
949	950	3.8070924600e+00	5.9751500000e+01
950	951	3.7665620930e+00	5.9751500000e+01
951	952	3.8465429930e+00	5.9751500000e+01
952	953	3.8077816380e+00	5.9751500000e+01
953	954	3.8028360470e+00	5.9751500000e+01
954	955	3.7771816210e+00	5.9751500000e+01
955	956	3.8192315980e+00	5.9751500000e+01
956	957	3.8213047510e+00	5.9751500000e+01
957	958	3.8107255210e+00	5.9751500000e+01
958	959	3.8012678150e+00	5.9751500000e+01
959	960	3.7994065330e+00	5.9751500000e+01
960	961	3.8283245680e+00	5.9751500000e+01
961	962	3.8096700640e+00	5.9751500000e+01
962	963	3.7931102010e+00	5.9751500000e+01
963	964	3.7810214230e+00	5.9751500000e+01
964	965	3.8066233070e+00	5.9751500000e+01
965	966	3.7965311800e+00	5.9751500000e+01
966	967	3.8052178650e+00	5.9751500000e+01
967	968	3.8170512180e+00	5.9751500000e+01
968	969	3.8006937520e+00	5.9751500000e+01
969	970	3.8150222800e+00	5.9751500000e+01
970	971	3.8022494660e+00	5.9751500000e+01
971	972	3.8065455470e+00	5.9751500000e+01
972	973	3.8033282790e+00	5.9751500000e+01
973	974	3.8147311830e+00	5.9751500000e+01
975	976	3.8061011550e+00	5.9751500000e+01
976	977	3.8144708680e+00	5.9751500000e+01
977	978	3.7917850680e+00	5.9751500000e+01
978	979	3.8083850910e+00	5.9751500000e+01
979	980	3.7825574680e+00	5.9751500000e+01
980	981	3.8033652200e+00	5.9751500000e+01
981	982	3.7801761860e+00	5.9751500000e+01
982	983	3.8024835310e+00	5.9751500000e+01
983	984	3.8048520340e+00	5.9751500000e+01
984	985	3.7983562230e+00	5.9751500000e+01
985	986	3.7971290470e+00	5.9751500000e+01
986	987	3.7766187260e+00	5.9751500000e+01
987	988	3.7922460360e+00	5.9751500000e+01
988	989	3.8067341650e+00	5.9751500000e+01
989	990	3.8442966850e+00	5.9751500000e+01
990	991	3.8079476100e+00	5.9751500000e+01
991	992	3.8042526200e+00	5.9751500000e+01
992	993	3.8228321960e+00	5.9751500000e+01
993	994	3.8107424470e+00	5.9751500000e+01
994	995	3.8066801810e+00	5.9751500000e+01
995	996	3.8062446060e+00	5.9751500000e+01
996	997	3.8041284150e+00	5.9751500000e+01
997	998	3.8048183930e+00	5.9751500000e+01
998	999	3.8036746710e+00	5.9751500000e+01
999	1000	3.8033042210e+00	5.9751500000e+01
1000	1001	3.8082077150e+00	5.9751500000e+01
1001	1002	3.8020323510e+00	5.9751500000e+01
1002	1003	3.8011162830e+00	5.9751500000e+01
1003	1004	3.8303597740e+00	5.9751500000e+01
1004	1005	3.8024067380e+00	5.9751500000e+01
1005	1006	3.8077271440e+00	5.9751500000e+01
1006	1007	3.7916975090e+00	5.9751500000e+01
1007	1008	3.7979601100e+00	5.9751500000e+01
1008	1009	3.7988543010e+00	5.9751500000e+01
1009	1010	3.8546888330e+00	5.9751500000e+01
1010	1011	3.8143970690e+00	5.9751500000e+01
1011	1012	3.8277570460e+00	5.9751500000e+01
1012	1013	3.7905130260e+00	5.9751500000e+01
1013	1014	3.8063027990e+00	5.9751500000e+01
1014	1015	3.7931465830e+00	5.9751500000e+01
1015	1016	3.8086450350e+00	5.9751500000e+01
1016	1017	3.8376156660e+00	5.9751500000e+01
1017	1018	3.7925164470e+00	5.9751500000e+01
1018	1019	3.7916078380e+00	5.9751500000e+01
1019	1020	3.7903470820e+00	5.9751500000e+01
1020	1021	3.8193898730e+00	5.9751500000e+01
1021	1022	3.8408391010e+00	5.9751500000e+01
1022	1023	3.8071533990e+00	5.9751500000e+01
1023	1024	3.8409349120e+00	5.9751500000e+01
1024	1025	3.8091671010e+00	5.9751500000e+01
1025	1026	3.8208089460e+00	5.9751500000e+01
1026	1027	3.8167769130e+00	5.9751500000e+01
1027	1028	3.8010006580e+00	5.9751500000e+01
1028	1029	3.7865473720e+00	5.9751500000e+01
1029	1030	3.7685648460e+00	5.9751500000e+01
1030	1031	3.8129314180e+00	5.9751500000e+01
1031	1032	3.8007628180e+00	5.9751500000e+01
1032	1033	3.8058409060e+00	5.9751500000e+01
1033	1034	3.7908080930e+00	5.9751500000e+01
1034	1035	3.8115681810e+00	5.9751500000e+01
1035	1036	3.8090326860e+00	5.9751500000e+01
1036	1037	3.8461677030e+00	5.9751500000e+01
1037	1038	3.8014830000e+00	5.9751500000e+01
1038	1039	3.8156475200e+00	5.9751500000e+01
1039	1040	3.7940317610e+00	5.9751500000e+01
1040	1041	3.8149498030e+00	5.9751500000e+01
1041	1042	3.7761402250e+00	5.9751500000e+01
1042	1043	3.8110080030e+00	5.9751500000e+01
1043	1044	3.7817610980e+00	5.9751500000e+01
1044	1045	3.8034876100e+00	5.9751500000e+01
1045	1046	3.8274594710e+00	5.9751500000e+01
1046	1047	3.7960961530e+00	5.9751500000e+01
1047	1048	3.8047718720e+00	5.9751500000e+01
1048	1049	3.8195753690e+00	5.9751500000e+01
1049	1050	3.8382236780e+00	5.9751500000e+01
1050	1051	3.8264062770e+00	5.9751500000e+01
1051	1052	3.8055224350e+00	5.9751500000e+01
1052	1053	3.8043038790e+00	5.9751500000e+01
1053	1054	3.7970125100e+00	5.9751500000e+01
1054	1055	3.7793840770e+00	5.9751500000e+01
1055	1056	3.7710137890e+00	5.9751500000e+01
1056	1057	3.7641405390e+00	5.9751500000e+01
1057	1058	3.8345286540e+00	5.9751500000e+01
1058	1059	3.7699856760e+00	5.9751500000e+01
1059	1060	3.8283444200e+00	5.9751500000e+01
1060	1061	3.8306271030e+00	5.9751500000e+01
1061	1062	3.8566030390e+00	5.9751500000e+01
1062	1063	3.7608666550e+00	5.9751500000e+01
1063	1064	3.8078327170e+00	5.9751500000e+01
1064	1065	3.8266043690e+00	5.9751500000e+01
1065	1066	3.8064394120e+00	5.9751500000e+01
1066	1067	3.7976099060e+00	5.9751500000e+01
1067	1068	3.8210775970e+00	5.9751500000e+01
1068	1069	3.8293592150e+00	5.9751500000e+01
1069	1070	3.8202687080e+00	5.9751500000e+01
1070	1071	3.7730053010e+00	5.9751500000e+01
1071	1072	3.8090540820e+00	5.9751500000e+01
1072	1073	3.8125122950e+00	5.9751500000e+01
1073	1074	3.8013201650e+00	5.9751500000e+01
1074	1075	3.7684126630e+00	5.9751500000e+01
1075	1076	3.8389251100e+00	5.9751500000e+01
1076	1077	3.8161118960e+00	5.9751500000e+01
1077	1078	3.8181216590e+00	5.9751500000e+01
1078	1079	3.8091623750e+00	5.9751500000e+01
1079	1080	3.8529970150e+00	5.9751500000e+01
1080	1081	3.8210304890e+00	5.9751500000e+01
1081	1082	3.8422505120e+00	5.9751500000e+01
1082	1083	3.8124357040e+00	5.9751500000e+01
1083	1084	3.8464501820e+00	5.9751500000e+01
1084	1085	3.8329205570e+00	5.9751500000e+01
1085	1086	3.7801736730e+00	5.9751500000e+01
1086	1087	3.8038945830e+00	5.9751500000e+01
1087	1088	3.8004086620e+00	5.9751500000e+01
1088	1089	3.8259853630e+00	5.9751500000e+01
1089	1090	3.8023505890e+00	5.9751500000e+01
1090	1091	3.7929061420e+00	5.9751500000e+01
1091	1092	3.7920601260e+00	5.9751500000e+01
1092	1093	3.7953562420e+00	5.9751500000e+01
1093	1094	3.7791477880e+00	5.9751500000e+01
1094	1095	3.8306825760e+00	5.9751500000e+01
1095	1096	3.8190581300e+00	5.9751500000e+01
1096	1097	3.8215903760e+00	5.9751500000e+01
1097	1098	3.7945155160e+00	5.9751500000e+01
1098	1099	3.8239751570e+00	5.9751500000e+01
1099	1100	3.7873221410e+00	5.9751500000e+01
1100	1101	3.8008068880e+00	5.9751500000e+01
1101	1102	3.8038744720e+00	5.9751500000e+01
1102	1103	3.8076424460e+00	5.9751500000e+01
1103	1104	3.8228869980e+00	5.9751500000e+01
1104	1105	3.7894665850e+00	5.9751500000e+01
1105	1106	3.7907575760e+00	5.9751500000e+01
1106	1107	3.7983337140e+00	5.9751500000e+01
1107	1108	3.8014205240e+00	5.9751500000e+01
1108	1109	3.7732826560e+00	5.9751500000e+01
1110	1111	3.7909645210e+00	5.9751500000e+01
1111	1112	3.7958499710e+00	5.9751500000e+01
1112	1113	3.7850091150e+00	5.9751500000e+01
1113	1114	3.7828995490e+00	5.9751500000e+01
1114	1115	3.7801488070e+00	5.9751500000e+01
1115	1116	3.7878169170e+00	5.9751500000e+01
1116	1117	3.7986064550e+00	5.9751500000e+01
1117	1118	3.8003922170e+00	5.9751500000e+01
1118	1119	3.7939598050e+00	5.9751500000e+01
1119	1120	3.7916194430e+00	5.9751500000e+01
1120	1121	3.7983857100e+00	5.9751500000e+01
1121	1122	3.8052287710e+00	5.9751500000e+01
1122	1123	3.7826108710e+00	5.9751500000e+01
1123	1124	3.7931050610e+00	5.9751500000e+01
1124	1125	3.8101146960e+00	5.9751500000e+01
1125	1126	3.7984660060e+00	5.9751500000e+01
1126	1127	3.7984336250e+00	5.9751500000e+01
1127	1128	3.7708549430e+00	5.9751500000e+01
1128	1129	3.7767617080e+00	5.9751500000e+01
1129	1130	3.7737686730e+00	5.9751500000e+01
1130	1131	3.8141175910e+00	5.9751500000e+01
1131	1132	3.8203905560e+00	5.9751500000e+01
1132	1133	3.8199238210e+00	5.9751500000e+01
1133	1134	3.8065728680e+00	5.9751500000e+01
1134	1135	3.8200289270e+00	5.9751500000e+01
1135	1136	3.7870339320e+00	5.9751500000e+01
1136	1137	3.7672505890e+00	5.9751500000e+01
1137	1138	3.8056222880e+00	5.9751500000e+01
1138	1139	3.7767223890e+00	5.9751500000e+01
1139	1140	3.7669595170e+00	5.9751500000e+01
1140	1141	3.8317411190e+00	5.9751500000e+01
1141	1142	3.8027096920e+00	5.9751500000e+01
1142	1143	3.8358275510e+00	5.9751500000e+01
1143	1144	3.8023228430e+00	5.9751500000e+01
1144	1145	3.8090135210e+00	5.9751500000e+01
1145	1146	3.8141603270e+00	5.9751500000e+01
1146	1147	3.8029952670e+00	5.9751500000e+01
1147	1148	3.8306717430e+00	5.9751500000e+01
1148	1149	3.7784929540e+00	5.9751500000e+01
1149	1150	3.8258221340e+00	5.9751500000e+01
1150	1151	3.8437094060e+00	5.9751500000e+01
1151	1152	3.8050065700e+00	5.9751500000e+01
1152	1153	3.8418876870e+00	5.9751500000e+01
1153	1154	3.8064689670e+00	5.9751500000e+01
1154	1155	3.7844066910e+00	5.9751500000e+01
1155	1156	3.7999476310e+00	5.9751500000e+01
1156	1157	3.7838077380e+00	5.9751500000e+01
1157	1158	3.7910639670e+00	5.9751500000e+01
1158	1159	3.8220807160e+00	5.9751500000e+01
1159	1160	3.7799018510e+00	5.9751500000e+01
1160	1161	3.7712578800e+00	5.9751500000e+01
1161	1162	3.7676405080e+00	5.9751500000e+01
1162	1163	3.8012592650e+00	5.9751500000e+01
1163	1164	3.8033148700e+00	5.9751500000e+01
1164	1165	3.7957958320e+00	5.9751500000e+01
1165	1166	3.7847130670e+00	5.9751500000e+01
1166	1167	3.7857709910e+00	5.9751500000e+01
1167	1168	3.7990768620e+00	5.9751500000e+01
1168	1169	3.8434865680e+00	5.9751500000e+01
1169	1170	3.7962733040e+00	5.9751500000e+01
1170	1171	3.8172091900e+00	5.9751500000e+01
1171	1172	3.7908454200e+00	5.9751500000e+01
1172	1173	3.8065246620e+00	5.9751500000e+01
1173	1174	3.7522783750e+00	5.9751500000e+01
1174	1175	3.8236474730e+00	5.9751500000e+01
1175	1176	3.7976295240e+00	5.9751500000e+01
1176	1177	3.8121307690e+00	5.9751500000e+01
1177	1178	3.7928503790e+00	5.9751500000e+01
1178	1179	3.8059626900e+00	5.9751500000e+01
1179	1180	3.8262255550e+00	5.9751500000e+01
1180	1181	3.7995849770e+00	5.9751500000e+01
1181	1182	3.8416721620e+00	5.9751500000e+01
1182	1183	3.7963716890e+00	5.9751500000e+01
1183	1184	3.7872002850e+00	5.9751500000e+01
1184	1185	3.7924145340e+00	5.9751500000e+01
1185	1186	3.7911883360e+00	5.9751500000e+01
1186	1187	3.8279865460e+00	5.9751500000e+01
1187	1188	3.7768036750e+00	5.9751500000e+01
1188	1189	3.8059035720e+00	5.9751500000e+01
1189	1190	3.8438472910e+00	5.9751500000e+01
1190	1191	3.7930717100e+00	5.9751500000e+01
1191	1192	3.7738290900e+00	5.9751500000e+01
1192	1193	3.8395329140e+00	5.9751500000e+01
1193	1194	3.8351962140e+00	5.9751500000e+01
1194	1195	3.8123351110e+00	5.9751500000e+01
1195	1196	3.8396963420e+00	5.9751500000e+01
1196	1197	3.8234102580e+00	5.9751500000e+01
1197	1198	3.7993860030e+00	5.9751500000e+01
1198	1199	3.8214741920e+00	5.9751500000e+01
1199	1200	3.7877795610e+00	5.9751500000e+01
1200	1201	3.8021300610e+00	5.9751500000e+01
1201	1202	3.8345469090e+00	5.9751500000e+01
1202	1203	3.8262692010e+00	5.9751500000e+01
1203	1204	3.7990005260e+00	5.9751500000e+01
1204	1205	3.8225951920e+00	5.9751500000e+01
1205	1206	3.7933791000e+00	5.9751500000e+01
1206	1207	3.8119846540e+00	5.9751500000e+01
1207	1208	3.7821529580e+00	5.9751500000e+01
1208	1209	3.7808424990e+00	5.9751500000e+01
1209	1210	3.7995564210e+00	5.9751500000e+01
1210	1211	3.7856329720e+00	5.9751500000e+01
1212	1213	3.7909194140e+00	5.9751500000e+01
1213	1214	3.7995393140e+00	5.9751500000e+01
1214	1215	3.7969541740e+00	5.9751500000e+01
1215	1216	3.7971037650e+00	5.9751500000e+01
1216	1217	3.8041096200e+00	5.9751500000e+01
1217	1218	3.7927300190e+00	5.9751500000e+01
1218	1219	3.7833483850e+00	5.9751500000e+01
1219	1220	3.7933062100e+00	5.9751500000e+01
1220	1221	3.7880373550e+00	5.9751500000e+01
1221	1222	3.7899189960e+00	5.9751500000e+01
1222	1223	3.7916487180e+00	5.9751500000e+01
1223	1224	3.8112734090e+00	5.9751500000e+01
1224	1225	3.7856155380e+00	5.9751500000e+01
1225	1226	3.7989957880e+00	5.9751500000e+01
1226	1227	3.7900654350e+00	5.9751500000e+01
1227	1228	3.7777878450e+00	5.9751500000e+01
1228	1229	3.8048023600e+00	5.9751500000e+01
1229	1230	3.8355242140e+00	5.9751500000e+01
1230	1231	3.7826595140e+00	5.9751500000e+01
1231	1232	3.8322528620e+00	5.9751500000e+01
1232	1233	3.8282122460e+00	5.9751500000e+01
1233	1234	3.7994194290e+00	5.9751500000e+01
1234	1235	3.7828552710e+00	5.9751500000e+01
1235	1236	3.8244939530e+00	5.9751500000e+01
1236	1237	3.8554928350e+00	5.9751500000e+01
1237	1238	3.7890791760e+00	5.9751500000e+01
1238	1239	3.7905284590e+00	5.9751500000e+01
1239	1240	3.8138932860e+00	5.9751500000e+01
1240	1241	3.7856319160e+00	5.9751500000e+01
1241	1242	3.8447706040e+00	5.9751500000e+01
1242	1243	3.8036997780e+00	5.9751500000e+01
1243	1244	3.7960259480e+00	5.9751500000e+01
1244	1245	3.8444231040e+00	5.9751500000e+01
1245	1246	3.8125511140e+00	5.9751500000e+01
1246	1247	3.8192314670e+00	5.9751500000e+01
1247	1248	3.8110299130e+00	5.9751500000e+01
1248	1249	3.8002318350e+00	5.9751500000e+01
1249	1250	3.7547395380e+00	5.9751500000e+01
1250	1251	3.8238393010e+00	5.9751500000e+01
1251	1252	3.7737644340e+00	5.9751500000e+01
1252	1253	3.8103367310e+00	5.9751500000e+01
1253	1254	3.8218753250e+00	5.9751500000e+01
1254	1255	3.7855093450e+00	5.9751500000e+01
1255	1256	3.8158210130e+00	5.9751500000e+01
1256	1257	3.7935885390e+00	5.9751500000e+01
1257	1258	3.8124467210e+00	5.9751500000e+01
1258	1259	3.8159656710e+00	5.9751500000e+01
1259	1260	3.7925793330e+00	5.9751500000e+01
1260	1261	3.7801568750e+00	5.9751500000e+01
1261	1262	3.7992516370e+00	5.9751500000e+01
1262	1263	3.8393559360e+00	5.9751500000e+01
1263	1264	3.8481832080e+00	5.9751500000e+01
1264	1265	3.8444284360e+00	5.9751500000e+01
1265	1266	3.8238338090e+00	5.9751500000e+01
1266	1267	3.7861069720e+00	5.9751500000e+01
1267	1268	3.7884440080e+00	5.9751500000e+01
1268	1269	3.8272450930e+00	5.9751500000e+01
1269	1270	3.7850952430e+00	5.9751500000e+01
1270	1271	3.8187301550e+00	5.9751500000e+01
1271	1272	3.8163355460e+00	5.9751500000e+01
1272	1273	3.7836207530e+00	5.9751500000e+01
1273	1274	3.7966730170e+00	5.9751500000e+01
1274	1275	3.8068363510e+00	5.9751500000e+01
1275	1276	3.8196923960e+00	5.9751500000e+01
1276	1277	3.8367546180e+00	5.9751500000e+01
1277	1278	3.7989515660e+00	5.9751500000e+01
1278	1279	3.8038764440e+00	5.9751500000e+01
1279	1280	3.8356806440e+00	5.9751500000e+01
1280	1281	3.8272999620e+00	5.9751500000e+01
1281	1282	3.8351159040e+00	5.9751500000e+01
1282	1283	3.8410187450e+00	5.9751500000e+01
1283	1284	3.8339045370e+00	5.9751500000e+01
1284	1285	3.8213684720e+00	5.9751500000e+01
1285	1286	3.7998302590e+00	5.9751500000e+01
1286	1287	3.7762448280e+00	5.9751500000e+01
1287	1288	3.7748172140e+00	5.9751500000e+01
1288	1289	3.8046967030e+00	5.9751500000e+01
1289	1290	3.8187418090e+00	5.9751500000e+01
1290	1291	3.8718203730e+00	5.9751500000e+01
1291	1292	3.7675883530e+00	5.9751500000e+01
1292	1293	3.8357739770e+00	5.9751500000e+01
1293	1294	3.7981757460e+00	5.9751500000e+01
1294	1295	3.8299351170e+00	5.9751500000e+01
1295	1296	3.8123595060e+00	5.9751500000e+01
1296	1297	3.8562051290e+00	5.9751500000e+01
1297	1298	3.7629562850e+00	5.9751500000e+01
1298	1299	3.7594437090e+00	5.9751500000e+01
1299	1300	3.7974128030e+00	5.9751500000e+01
1300	1301	3.8274959180e+00	5.9751500000e+01
1301	1302	3.7978538680e+00	5.9751500000e+01
1302	1303	3.7920994190e+00	5.9751500000e+01
1303	1304	3.8264054930e+00	5.9751500000e+01
1304	1305	3.8439806190e+00	5.9751500000e+01
1305	1306	3.7958066340e+00	5.9751500000e+01
1306	1307	3.8180395490e+00	5.9751500000e+01
1307	1308	3.8149234590e+00	5.9751500000e+01
1308	1309	3.8122269080e+00	5.9751500000e+01
1309	1310	3.7975332780e+00	5.9751500000e+01
1310	1311	3.7702606010e+00	5.9751500000e+01
1311	1312	3.7909117640e+00	5.9751500000e+01
1312	1313	3.7945816630e+00	5.9751500000e+01
1313	1314	3.8017119830e+00	5.9751500000e+01
1314	1315	3.8304592410e+00	5.9751500000e+01
1315	1316	3.7566503700e+00	5.9751500000e+01
1316	1317	3.7888650020e+00	5.9751500000e+01
1317	1318	3.8145870030e+00	5.9751500000e+01
1318	1319	3.8127345830e+00	5.9751500000e+01
1319	1320	3.8476577290e+00	5.9751500000e+01
1320	1321	3.7812434460e+00	5.9751500000e+01
1321	1322	3.7854857020e+00	5.9751500000e+01
1322	1323	3.8060278510e+00	5.9751500000e+01
1323	1324	3.8342870260e+00	5.9751500000e+01
1324	1325	3.7653719600e+00	5.9751500000e+01
1325	1326	3.7953305520e+00	5.9751500000e+01
1326	1327	3.8133676720e+00	5.9751500000e+01
1327	1328	3.7844611240e+00	5.9751500000e+01
1328	1329	3.8211114880e+00	5.9751500000e+01
1329	1330	3.8016091330e+00	5.9751500000e+01
1330	1331	3.7982540730e+00	5.9751500000e+01
1331	1332	3.8007814990e+00	5.9751500000e+01
1332	1333	3.7980585830e+00	5.9751500000e+01
1333	1334	3.8132838870e+00	5.9751500000e+01
1334	1335	3.8102289960e+00	5.9751500000e+01
1335	1336	3.8024711700e+00	5.9751500000e+01
1336	1337	3.8045290120e+00	5.9751500000e+01
1337	1338	3.8071377700e+00	5.9751500000e+01
1338	1339	3.8106988860e+00	5.9751500000e+01
1340	1341	3.8026167310e+00	5.9751500000e+01
1341	1342	3.8047525540e+00	5.9751500000e+01
1342	1343	3.8077039010e+00	5.9751500000e+01
1343	1344	2.9386347170e+00	5.9751500000e+01
1344	1345	3.8083036910e+00	5.9751500000e+01
1345	1346	2.9825360010e+00	5.9751500000e+01
1346	1347	3.8142863030e+00	5.9751500000e+01
1347	1348	3.8270675460e+00	5.9751500000e+01
1348	1349	3.7793080050e+00	5.9751500000e+01
1349	1350	3.7919922200e+00	5.9751500000e+01
1350	1351	3.8042147680e+00	5.9751500000e+01
1351	1352	3.7979928910e+00	5.9751500000e+01
1352	1353	3.7963608890e+00	5.9751500000e+01
1353	1354	3.8081471870e+00	5.9751500000e+01
1354	1355	3.8091344160e+00	5.9751500000e+01
1355	1356	3.8216735860e+00	5.9751500000e+01
1356	1357	3.8061500230e+00	5.9751500000e+01
1357	1358	3.8064621370e+00	5.9751500000e+01
1358	1359	3.8051536110e+00	5.9751500000e+01
1359	1360	3.8083010650e+00	5.9751500000e+01
1360	1361	3.8001297350e+00	5.9751500000e+01
1361	1362	3.8027781950e+00	5.9751500000e+01
1362	1363	3.8106048080e+00	5.9751500000e+01
1363	1364	3.8178031640e+00	5.9751500000e+01
1364	1365	3.8156836870e+00	5.9751500000e+01
1365	1366	3.7959707590e+00	5.9751500000e+01
1366	1367	3.7923507220e+00	5.9751500000e+01
1367	1368	3.7947146140e+00	5.9751500000e+01
1368	1369	3.7906860860e+00	5.9751500000e+01
1369	1370	3.7909293060e+00	5.9751500000e+01
1370	1371	3.7851217950e+00	5.9751500000e+01
1371	1372	3.8098304420e+00	5.9751500000e+01
1372	1373	3.7705332510e+00	5.9751500000e+01
1373	1374	3.7891064910e+00	5.9751500000e+01
1374	1375	3.8248190810e+00	5.9751500000e+01
1375	1376	3.7968126110e+00	5.9751500000e+01
1376	1377	3.7836699120e+00	5.9751500000e+01
1377	1378	3.8252118900e+00	5.9751500000e+01
1378	1379	3.8342733340e+00	5.9751500000e+01
1379	1380	3.7878031890e+00	5.9751500000e+01
1380	1381	3.7854285090e+00	5.9751500000e+01
1381	1382	3.8390423280e+00	5.9751500000e+01
1382	1383	3.8089288520e+00	5.9751500000e+01
1383	1384	3.7346572800e+00	5.9751500000e+01
1384	1385	3.8015156190e+00	5.9751500000e+01
1385	1386	3.8315341570e+00	5.9751500000e+01
1386	1387	3.8064399380e+00	5.9751500000e+01
1387	1388	3.7993595510e+00	5.9751500000e+01
1388	1389	3.7617258010e+00	5.9751500000e+01
1389	1390	3.8326907000e+00	5.9751500000e+01
1390	1391	3.8254142260e+00	5.9751500000e+01
1391	1392	3.7955522650e+00	5.9751500000e+01
1392	1393	3.8386082110e+00	5.9751500000e+01
1393	1394	3.8112126680e+00	5.9751500000e+01
1394	1395	3.7953652000e+00	5.9751500000e+01
1395	1396	3.8493928090e+00	5.9751500000e+01
1396	1397	3.8311545260e+00	5.9751500000e+01
1397	1398	3.8728755470e+00	5.9751500000e+01
1398	1399	3.7986505500e+00	5.9751500000e+01
1399	1400	3.8414998370e+00	5.9751500000e+01
1400	1401	3.7983863680e+00	5.9751500000e+01
1401	1402	3.7895536680e+00	5.9751500000e+01
1402	1403	3.8226174280e+00	5.9751500000e+01
1403	1404	3.8357463420e+00	5.9751500000e+01
1404	1405	3.8293077700e+00	5.9751500000e+01
1405	1406	3.8041064650e+00	5.9751500000e+01
1406	1407	3.8327437950e+00	5.9751500000e+01
1407	1408	3.8171498530e+00	5.9751500000e+01
1408	1409	3.7968452690e+00	5.9751500000e+01
1409	1410	3.8259551750e+00	5.9751500000e+01
1410	1411	3.8180041910e+00	5.9751500000e+01
1411	1412	3.8086417530e+00	5.9751500000e+01
1412	1413	3.8635316750e+00	5.9751500000e+01
1413	1414	3.8288669340e+00	5.9751500000e+01
1414	1415	3.8368583500e+00	5.9751500000e+01
1415	1416	3.7956407890e+00	5.9751500000e+01
1416	1417	3.8065389790e+00	5.9751500000e+01
1417	1418	3.8304152520e+00	5.9751500000e+01
1418	1419	3.8118073140e+00	5.9751500000e+01
1419	1420	3.7995570790e+00	5.9751500000e+01
1420	1421	3.7899480210e+00	5.9751500000e+01
1421	1422	3.8038571210e+00	5.9751500000e+01
1422	1423	3.7708309430e+00	5.9751500000e+01
1423	1424	3.7997606500e+00	5.9751500000e+01
1424	1425	3.7850858640e+00	5.9751500000e+01
1425	1426	3.7875657090e+00	5.9751500000e+01
1426	1427	3.7808284810e+00	5.9751500000e+01
1427	1428	3.7796800130e+00	5.9751500000e+01
1428	1429	3.8370287980e+00	5.9751500000e+01
1429	1430	3.8107655400e+00	5.9751500000e+01
1430	1431	3.8052792280e+00	5.9751500000e+01
1431	1432	3.7880217790e+00	5.9751500000e+01
1432	1433	3.8459066550e+00	5.9751500000e+01
1433	1434	3.8208870700e+00	5.9751500000e+01
1434	1435	3.8048140560e+00	5.9751500000e+01
1435	1436	3.8034663140e+00	5.9751500000e+01
1436	1437	3.7868611010e+00	5.9751500000e+01
1437	1438	3.7860244320e+00	5.9751500000e+01
1438	1439	3.7659970790e+00	5.9751500000e+01
1439	1440	3.8135014090e+00	5.9751500000e+01
1440	1441	3.7947588860e+00	5.9751500000e+01
1441	1442	3.7724221660e+00	5.9751500000e+01
1442	1443	3.7867084650e+00	5.9751500000e+01
1443	1444	3.8136850940e+00	5.9751500000e+01
1444	1445	3.7913117780e+00	5.9751500000e+01
1445	1446	3.8334064490e+00	5.9751500000e+01
1446	1447	3.8401502570e+00	5.9751500000e+01
1447	1448	3.8407087890e+00	5.9751500000e+01
1448	1449	3.8353662150e+00	5.9751500000e+01
1449	1450	3.8097216430e+00	5.9751500000e+01
1450	1451	3.8026430280e+00	5.9751500000e+01
1451	1452	3.7663025640e+00	5.9751500000e+01
1452	1453	3.7846307610e+00	5.9751500000e+01
1453	1454	3.8180860390e+00	5.9751500000e+01
1454	1455	3.7928842590e+00	5.9751500000e+01
1455	1456	3.8495482850e+00	5.9751500000e+01
1456	1457	3.7766515590e+00	5.9751500000e+01
1457	1458	3.8064003990e+00	5.9751500000e+01
1458	1459	3.8186234430e+00	5.9751500000e+01
1459	1460	3.7916266960e+00	5.9751500000e+01
1460	1461	3.8261242790e+00	5.9751500000e+01
1462	1463	3.8077532750e+00	5.9751500000e+01
1463	1464	3.8127985780e+00	5.9751500000e+01
1464	1465	3.8097303050e+00	5.9751500000e+01
1465	1466	3.8142960030e+00	5.9751500000e+01
1466	1467	3.8056166390e+00	5.9751500000e+01
1467	1468	3.8213990890e+00	5.9751500000e+01
1468	1469	3.8066881930e+00	5.9751500000e+01
1469	1470	3.8164220150e+00	5.9751500000e+01
1470	1471	3.8068187510e+00	5.9751500000e+01
1471	1472	3.8276102200e+00	5.9751500000e+01
1472	1473	3.7948433430e+00	5.9751500000e+01
1473	1474	3.7867165200e+00	5.9751500000e+01
1474	1475	3.8147504510e+00	5.9751500000e+01
1475	1476	3.7959652260e+00	5.9751500000e+01
1476	1477	3.8063316990e+00	5.9751500000e+01
1477	1478	3.8027224460e+00	5.9751500000e+01
1478	1479	3.8026067370e+00	5.9751500000e+01
1479	1480	3.8277181190e+00	5.9751500000e+01
1480	1481	3.8029480670e+00	5.9751500000e+01
1481	1482	3.7959618020e+00	5.9751500000e+01
1482	1483	3.7834123490e+00	5.9751500000e+01
1483	1484	3.8021858190e+00	5.9751500000e+01
1484	1485	3.8103001190e+00	5.9751500000e+01
1485	1486	3.8149152020e+00	5.9751500000e+01
1486	1487	3.8080181200e+00	5.9751500000e+01
1487	1488	3.8014702420e+00	5.9751500000e+01
1488	1489	3.7997269640e+00	5.9751500000e+01
1489	1490	3.8046588550e+00	5.9751500000e+01
1490	1491	3.8352143360e+00	5.9751500000e+01
1491	1492	3.8010499870e+00	5.9751500000e+01
1492	1493	3.7713591710e+00	5.9751500000e+01
1493	1494	3.7804680930e+00	5.9751500000e+01
1494	1495	3.7903151580e+00	5.9751500000e+01
1495	1496	3.8183391680e+00	5.9751500000e+01
1496	1497	3.8340935040e+00	5.9751500000e+01
1497	1498	3.8279766200e+00	5.9751500000e+01
1498	1499	3.8743667870e+00	5.9751500000e+01
1499	1500	3.8425658090e+00	5.9751500000e+01
1500	1501	3.8174238700e+00	5.9751500000e+01
1501	1502	3.7908630940e+00	5.9751500000e+01
1502	1503	3.7901014500e+00	5.9751500000e+01
1503	1504	3.8390734560e+00	5.9751500000e+01
1504	1505	3.7778623590e+00	5.9751500000e+01
1505	1506	3.7941067460e+00	5.9751500000e+01
1506	1507	3.8100043310e+00	5.9751500000e+01
1507	1508	3.8162476330e+00	5.9751500000e+01
1508	1509	3.8435903790e+00	5.9751500000e+01
1509	1510	3.7907573120e+00	5.9751500000e+01
1510	1511	3.8371202740e+00	5.9751500000e+01
1511	1512	3.8582879620e+00	5.9751500000e+01
1512	1513	3.8217777280e+00	5.9751500000e+01
1513	1514	3.7557412050e+00	5.9751500000e+01
1514	1515	3.7714185660e+00	5.9751500000e+01
1515	1516	3.7883121570e+00	5.9751500000e+01
1516	1517	3.8119491080e+00	5.9751500000e+01
1517	1518	3.7919740240e+00	5.9751500000e+01
1518	1519	3.7865336390e+00	5.9751500000e+01
1519	1520	3.7924833550e+00	5.9751500000e+01
1520	1521	3.8065020690e+00	5.9751500000e+01
1521	1522	3.8048837040e+00	5.9751500000e+01
1522	1523	3.8022238230e+00	5.9751500000e+01
1523	1524	3.8336350900e+00	5.9751500000e+01
1524	1525	3.8151153320e+00	5.9751500000e+01
1525	1526	3.7897664840e+00	5.9751500000e+01
1526	1527	3.8308690920e+00	5.9751500000e+01
1527	1528	3.8402105410e+00	5.9751500000e+01
1528	1529	3.7858758560e+00	5.9751500000e+01
1529	1530	3.8282827740e+00	5.9751500000e+01
1530	1531	3.7964090930e+00	5.9751500000e+01
1531	1532	3.8156627210e+00	5.9751500000e+01
1532	1533	3.7934746610e+00	5.9751500000e+01
1533	1534	3.8173040220e+00	5.9751500000e+01
1534	1535	3.7816697370e+00	5.9751500000e+01
1535	1536	3.7856979540e+00	5.9751500000e+01
1536	1537	3.7716632940e+00	5.9751500000e+01
1537	1538	3.7795407130e+00	5.9751500000e+01
1538	1539	3.8119067410e+00	5.9751500000e+01
1539	1540	3.8108226150e+00	5.9751500000e+01
1540	1541	3.7934935090e+00	5.9751500000e+01
1541	1542	3.8063796450e+00	5.9751500000e+01
1542	1543	3.8153651200e+00	5.9751500000e+01
1543	1544	3.7819710470e+00	5.9751500000e+01
1544	1545	3.8581665330e+00	5.9751500000e+01
1545	1546	3.7598412200e+00	5.9751500000e+01
1546	1547	3.8180753000e+00	5.9751500000e+01
1547	1548	3.8484789200e+00	5.9751500000e+01
1548	1549	3.9025085520e+00	5.9751500000e+01
1549	1550	3.7676584240e+00	5.9751500000e+01
1550	1551	3.8243668760e+00	5.9751500000e+01
1551	1552	3.8523095670e+00	5.9751500000e+01
1552	1553	3.8045874940e+00	5.9751500000e+01
1553	1554	3.8038367470e+00	5.9751500000e+01
1554	1555	3.8277851300e+00	5.9751500000e+01
1555	1556	3.8220786230e+00	5.9751500000e+01
1556	1557	3.7962355040e+00	5.9751500000e+01
1557	1558	3.7566799170e+00	5.9751500000e+01
1558	1559	3.7997474920e+00	5.9751500000e+01
1559	1560	3.8187229540e+00	5.9751500000e+01
1560	1561	3.8143260220e+00	5.9751500000e+01
1561	1562	3.7711979530e+00	5.9751500000e+01
1562	1563	3.8365814210e+00	5.9751500000e+01
1563	1564	3.8076054150e+00	5.9751500000e+01
1564	1565	3.8161202810e+00	5.9751500000e+01
1565	1566	3.8096495900e+00	5.9751500000e+01
1566	1567	3.8708548150e+00	5.9751500000e+01
1567	1568	3.8276440530e+00	5.9751500000e+01
1568	1569	3.8293359740e+00	5.9751500000e+01
1569	1570	3.8406325000e+00	5.9751500000e+01
1570	1571	3.8047099760e+00	5.9751500000e+01
1571	1572	3.8441099100e+00	5.9751500000e+01
1572	1573	3.8036704640e+00	5.9751500000e+01
1573	1574	3.7780465850e+00	5.9751500000e+01
1574	1575	3.8183877490e+00	5.9751500000e+01
1575	1576	3.8291886870e+00	5.9751500000e+01
1576	1577	3.7840097780e+00	5.9751500000e+01
1577	1578	3.7939267260e+00	5.9751500000e+01
1578	1579	3.8298242780e+00	5.9751500000e+01
1579	1580	3.7967778440e+00	5.9751500000e+01
1580	1581	3.7880889640e+00	5.9751500000e+01
1581	1582	3.8457442710e+00	5.9751500000e+01
1582	1583	3.8345566890e+00	5.9751500000e+01
1583	1584	3.8054294110e+00	5.9751500000e+01
1584	1585	3.8107386420e+00	5.9751500000e+01
1585	1586	3.8184301750e+00	5.9751500000e+01
1586	1587	3.8122540580e+00	5.9751500000e+01
1587	1588	3.8474212140e+00	5.9751500000e+01
1588	1589	3.8188672400e+00	5.9751500000e+01
1589	1590	3.7850972250e+00	5.9751500000e+01
1590	1591	3.8356299350e+00	5.9751500000e+01
1591	1592	3.8222006750e+00	5.9751500000e+01
1592	1593	3.7992097860e+00	5.9751500000e+01
1593	1594	3.8010138120e+00	5.9751500000e+01
1594	1595	3.7852581150e+00	5.9751500000e+01
1595	1596	3.8070550300e+00	5.9751500000e+01
1597	1598	3.7922332470e+00	5.9751500000e+01
1598	1599	3.7980355450e+00	5.9751500000e+01
1599	1600	3.7944637300e+00	5.9751500000e+01
1600	1601	3.8004248450e+00	5.9751500000e+01
1601	1602	3.7909494850e+00	5.9751500000e+01
1602	1603	3.7829844040e+00	5.9751500000e+01
1603	1604	3.7945532020e+00	5.9751500000e+01
1604	1605	3.7896138330e+00	5.9751500000e+01
1605	1606	3.7980078990e+00	5.9751500000e+01
1606	1607	3.7878041130e+00	5.9751500000e+01
1607	1608	3.7940550870e+00	5.9751500000e+01
1608	1609	3.7921031100e+00	5.9751500000e+01
1609	1610	3.7766890260e+00	5.9751500000e+01
1610	1611	3.7970638660e+00	5.9751500000e+01
1611	1612	3.7956883430e+00	5.9751500000e+01
1612	1613	3.8092306310e+00	5.9751500000e+01
1613	1614	3.8063655890e+00	5.9751500000e+01
1614	1615	3.8136457620e+00	5.9751500000e+01
1615	1616	3.7859167980e+00	5.9751500000e+01
1616	1617	3.7877440520e+00	5.9751500000e+01
1617	1618	3.7844986460e+00	5.9751500000e+01
1618	1619	3.7747680720e+00	5.9751500000e+01
1619	1620	3.8086997780e+00	5.9751500000e+01
1620	1621	3.8064006620e+00	5.9751500000e+01
1621	1622	3.8259623630e+00	5.9751500000e+01
1622	1623	3.8321370020e+00	5.9751500000e+01
1623	1624	3.8005382510e+00	5.9751500000e+01
1624	1625	3.8024237010e+00	5.9751500000e+01
1625	1626	3.8387572210e+00	5.9751500000e+01
1626	1627	3.7849175680e+00	5.9751500000e+01
1627	1628	3.8595370190e+00	5.9751500000e+01
1628	1629	3.7974608620e+00	5.9751500000e+01
1629	1630	3.8119639300e+00	5.9751500000e+01
1630	1631	3.8009112070e+00	5.9751500000e+01
1631	1632	3.8394483980e+00	5.9751500000e+01
1632	1633	3.8275605810e+00	5.9751500000e+01
1633	1634	3.8241179380e+00	5.9751500000e+01
1634	1635	3.8619255560e+00	5.9751500000e+01
1635	1636	3.8248014330e+00	5.9751500000e+01
1636	1637	3.8380320480e+00	5.9751500000e+01
1637	1638	3.8385073920e+00	5.9751500000e+01
1638	1639	3.8044035010e+00	5.9751500000e+01
1639	1640	3.7732818610e+00	5.9751500000e+01
1640	1641	3.8221105430e+00	5.9751500000e+01
1641	1642	3.7917356180e+00	5.9751500000e+01
1642	1643	3.7966287680e+00	5.9751500000e+01
1643	1644	3.7912872480e+00	5.9751500000e+01
1644	1645	3.7972806060e+00	5.9751500000e+01
1645	1646	3.8140857360e+00	5.9751500000e+01
1646	1647	3.7810556730e+00	5.9751500000e+01
1647	1648	3.7814803980e+00	5.9751500000e+01
1648	1649	3.8033370870e+00	5.9751500000e+01
1649	1650	3.8265378610e+00	5.9751500000e+01
1650	1651	3.8029579280e+00	5.9751500000e+01
1651	1652	3.8179210310e+00	5.9751500000e+01
1652	1653	3.8313034340e+00	5.9751500000e+01
1653	1654	3.8019003140e+00	5.9751500000e+01
1654	1655	3.7894498280e+00	5.9751500000e+01
1655	1656	3.7904842700e+00	5.9751500000e+01
1656	1657	3.7952837840e+00	5.9751500000e+01
1657	1658	3.8113454320e+00	5.9751500000e+01
1658	1659	3.8120611220e+00	5.9751500000e+01
1659	1660	3.7920085710e+00	5.9751500000e+01
1660	1661	3.7912755110e+00	5.9751500000e+01
1661	1662	3.7882832520e+00	5.9751500000e+01
1662	1663	3.8370428720e+00	5.9751500000e+01
1663	1664	3.8241299660e+00	5.9751500000e+01
1664	1665	3.8265497510e+00	5.9751500000e+01
1665	1666	3.7757951480e+00	5.9751500000e+01
1666	1667	3.8027407220e+00	5.9751500000e+01
1667	1668	3.8306956290e+00	5.9751500000e+01
1668	1669	3.8438487220e+00	5.9751500000e+01
1669	1670	3.8199776180e+00	5.9751500000e+01
1670	1671	3.8005992950e+00	5.9751500000e+01
1671	1672	3.7866655520e+00	5.9751500000e+01
1672	1673	3.8162778990e+00	5.9751500000e+01
1673	1674	3.7800304230e+00	5.9751500000e+01
1674	1675	3.7983181800e+00	5.9751500000e+01
1675	1676	3.8317961850e+00	5.9751500000e+01
1676	1677	3.8082002310e+00	5.9751500000e+01
1677	1678	3.7912912050e+00	5.9751500000e+01
1678	1679	3.7645168350e+00	5.9751500000e+01
1679	1680	3.8132980480e+00	5.9751500000e+01
1680	1681	3.8283000140e+00	5.9751500000e+01
1681	1682	3.8445163540e+00	5.9751500000e+01
1682	1683	3.8357844050e+00	5.9751500000e+01
1683	1684	3.8265888200e+00	5.9751500000e+01
1684	1685	3.7788974580e+00	5.9751500000e+01
1685	1686	3.7898868060e+00	5.9751500000e+01
1686	1687	3.7689473330e+00	5.9751500000e+01
1687	1688	3.7737464140e+00	5.9751500000e+01
1688	1689	3.7652540420e+00	5.9751500000e+01
1689	1690	3.7818367230e+00	5.9751500000e+01
1690	1691	3.8509916900e+00	5.9751500000e+01
1691	1692	3.8344672380e+00	5.9751500000e+01
1692	1693	3.7742942390e+00	5.9751500000e+01
1693	1694	3.7936379640e+00	5.9751500000e+01
1694	1695	3.7835155610e+00	5.9751500000e+01
1695	1696	3.7837924100e+00	5.9751500000e+01
1696	1697	3.7472412520e+00	5.9751500000e+01
1697	1698	3.7704782190e+00	5.9751500000e+01
1699	1700	3.7903501160e+00	5.9751500000e+01
1700	1701	3.7995755030e+00	5.9751500000e+01
1701	1702	3.7939239580e+00	5.9751500000e+01
1702	1703	3.8042056990e+00	5.9751500000e+01
1703	1704	3.8197958060e+00	5.9751500000e+01
1704	1705	3.7931546240e+00	5.9751500000e+01
1705	1706	3.7863107370e+00	5.9751500000e+01
1706	1707	3.8061313690e+00	5.9751500000e+01
1707	1708	3.8088877640e+00	5.9751500000e+01
1708	1709	3.8054451780e+00	5.9751500000e+01
1709	1710	3.8045006240e+00	5.9751500000e+01
1710	1711	3.8056339810e+00	5.9751500000e+01
1711	1712	3.7929141830e+00	5.9751500000e+01
1712	1713	3.7894070780e+00	5.9751500000e+01
1713	1714	3.7921442480e+00	5.9751500000e+01
1714	1715	3.7842272660e+00	5.9751500000e+01
1715	1716	3.7939122290e+00	5.9751500000e+01
1716	1717	3.7995565530e+00	5.9751500000e+01
1717	1718	3.8005256220e+00	5.9751500000e+01
1718	1719	3.8128684740e+00	5.9751500000e+01
1719	1720	3.7857769350e+00	5.9751500000e+01
1720	1721	3.7952740350e+00	5.9751500000e+01
1721	1722	3.7684194300e+00	5.9751500000e+01
1722	1723	3.8220677650e+00	5.9751500000e+01
1723	1724	3.8691350450e+00	5.9751500000e+01
1724	1725	3.7711060710e+00	5.9751500000e+01
1725	1726	3.8083598830e+00	5.9751500000e+01
1726	1727	3.7827530980e+00	5.9751500000e+01
1727	1728	3.8288498270e+00	5.9751500000e+01
1728	1729	3.8115954660e+00	5.9751500000e+01
1729	1730	3.7937709470e+00	5.9751500000e+01
1730	1731	3.7944195870e+00	5.9751500000e+01
1731	1732	3.8079386810e+00	5.9751500000e+01
1732	1733	3.7928368010e+00	5.9751500000e+01
1733	1734	3.8103758340e+00	5.9751500000e+01
1734	1735	3.7750339070e+00	5.9751500000e+01
1735	1736	3.8105243730e+00	5.9751500000e+01
1736	1737	3.7678256330e+00	5.9751500000e+01
1737	1738	3.7950508560e+00	5.9751500000e+01
1738	1739	3.8084204070e+00	5.9751500000e+01
1739	1740	3.7937045220e+00	5.9751500000e+01
1740	1741	3.8062224050e+00	5.9751500000e+01
1741	1742	3.8020924500e+00	5.9751500000e+01
1742	1743	3.8061463450e+00	5.9751500000e+01
1743	1744	3.7911036650e+00	5.9751500000e+01
1744	1745	3.8390333420e+00	5.9751500000e+01
1745	1746	3.8193299150e+00	5.9751500000e+01
1746	1747	3.8080148370e+00	5.9751500000e+01
1747	1748	3.8068542130e+00	5.9751500000e+01
1748	1749	3.8060450600e+00	5.9751500000e+01
1749	1750	3.8015892730e+00	5.9751500000e+01
1750	1751	3.8018612550e+00	5.9751500000e+01
1751	1752	3.7982944860e+00	5.9751500000e+01
1752	1753	3.8026050280e+00	5.9751500000e+01
1753	1754	3.8162214300e+00	5.9751500000e+01
1754	1755	3.8210073280e+00	5.9751500000e+01
1755	1756	3.7995885300e+00	5.9751500000e+01
1756	1757	3.7760229080e+00	5.9751500000e+01
1757	1758	3.8117662570e+00	5.9751500000e+01
1758	1759	3.8103781960e+00	5.9751500000e+01
1759	1760	3.7878227260e+00	5.9751500000e+01
1760	1761	3.8074311550e+00	5.9751500000e+01
1761	1762	3.8099463250e+00	5.9751500000e+01
1762	1763	3.8007007250e+00	5.9751500000e+01
1763	1764	3.8192624940e+00	5.9751500000e+01
1764	1765	3.7973264280e+00	5.9751500000e+01
1765	1766	3.8120081320e+00	5.9751500000e+01
1766	1767	3.8041991270e+00	5.9751500000e+01
1767	1768	3.8081965550e+00	5.9751500000e+01
1768	1769	3.7903411460e+00	5.9751500000e+01
1769	1770	3.8381021350e+00	5.9751500000e+01
1770	1771	3.7858950060e+00	5.9751500000e+01
1771	1772	3.8106057260e+00	5.9751500000e+01
1772	1773	3.8042703640e+00	5.9751500000e+01
1773	1774	3.7935972370e+00	5.9751500000e+01
1774	1775	3.8105188620e+00	5.9751500000e+01
1775	1776	3.8207808100e+00	5.9751500000e+01
1776	1777	3.8347847400e+00	5.9751500000e+01
1777	1778	3.8547395500e+00	5.9751500000e+01
1778	1779	3.8200505230e+00	5.9751500000e+01
1779	1780	3.8088238340e+00	5.9751500000e+01
1780	1781	3.7975631660e+00	5.9751500000e+01
1781	1782	3.7872297260e+00	5.9751500000e+01
1782	1783	3.8080991320e+00	5.9751500000e+01
1783	1784	3.8156625900e+00	5.9751500000e+01
1784	1785	3.7980545020e+00	5.9751500000e+01
1785	1786	3.7558377230e+00	5.9751500000e+01
1786	1787	3.8130026230e+00	5.9751500000e+01
1787	1788	3.7983629370e+00	5.9751500000e+01
1788	1789	3.7978274050e+00	5.9751500000e+01
1789	1790	3.8169320140e+00	5.9751500000e+01
1790	1791	3.8183357630e+00	5.9751500000e+01
1791	1792	3.7531901100e+00	5.9751500000e+01
1792	1793	3.8106294760e+00	5.9751500000e+01
1793	1794	3.7997948630e+00	5.9751500000e+01
1794	1795	3.8371205350e+00	5.9751500000e+01
1795	1796	3.8006031100e+00	5.9751500000e+01
1796	1797	3.7812774300e+00	5.9751500000e+01
1797	1798	3.8013658070e+00	5.9751500000e+01
1798	1799	3.8340605110e+00	5.9751500000e+01
1799	1800	3.7924093920e+00	5.9751500000e+01
1800	1801	3.8119130370e+00	5.9751500000e+01
1801	1802	3.8388679320e+00	5.9751500000e+01
1802	1803	3.7750213240e+00	5.9751500000e+01
1803	1804	3.7919750790e+00	5.9751500000e+01
1804	1805	3.8379692550e+00	5.9751500000e+01
1805	1806	3.8145754680e+00	5.9751500000e+01
1806	1807	3.8078728970e+00	5.9751500000e+01
1807	1808	3.8093986400e+00	5.9751500000e+01
1808	1809	3.8058473430e+00	5.9751500000e+01
1809	1810	3.7981249320e+00	5.9751500000e+01
1810	1811	3.8246471730e+00	5.9751500000e+01
1811	1812	3.8004997040e+00	5.9751500000e+01
1812	1813	3.7912809180e+00	5.9751500000e+01
1813	1814	3.8247277030e+00	5.9751500000e+01
1814	1815	3.8371677050e+00	5.9751500000e+01
1815	1816	3.8263841940e+00	5.9751500000e+01
1816	1817	3.8191377300e+00	5.9751500000e+01
1817	1818	3.8015704650e+00	5.9751500000e+01
1818	1819	3.7931813820e+00	5.9751500000e+01
1819	1820	3.8132842800e+00	5.9751500000e+01
1820	1821	3.8049591330e+00	5.9751500000e+01
1821	1822	3.8060407250e+00	5.9751500000e+01
1822	1823	3.8020526040e+00	5.9751500000e+01
1823	1824	3.8006054780e+00	5.9751500000e+01
1824	1825	3.8032087770e+00	5.9751500000e+01
1825	1826	3.8038551500e+00	5.9751500000e+01
1827	1828	3.8044115180e+00	5.9751500000e+01
1828	1829	3.8020134140e+00	5.9751500000e+01
1829	1830	3.8057727200e+00	5.9751500000e+01
1830	1831	3.8399131500e+00	5.9751500000e+01
1831	1832	3.8062276600e+00	5.9751500000e+01
1832	1833	3.8367344190e+00	5.9751500000e+01
1833	1834	3.8052149740e+00	5.9751500000e+01
1834	1835	3.8049174760e+00	5.9751500000e+01
1835	1836	3.7887149540e+00	5.9751500000e+01
1836	1837	3.7958622210e+00	5.9751500000e+01
1837	1838	3.8043346330e+00	5.9751500000e+01
1838	1839	3.8035210000e+00	5.9751500000e+01
1839	1840	3.8037676060e+00	5.9751500000e+01
1840	1841	3.8078778870e+00	5.9751500000e+01
1841	1842	3.8070700020e+00	5.9751500000e+01
1842	1843	3.8022131710e+00	5.9751500000e+01
1843	1844	3.8050017080e+00	5.9751500000e+01
1844	1845	3.8080774680e+00	5.9751500000e+01
1845	1846	3.8051898770e+00	5.9751500000e+01
1846	1847	3.8225082080e+00	5.9751500000e+01
1847	1848	3.8120006560e+00	5.9751500000e+01
1848	1849	3.7918292420e+00	5.9751500000e+01
1849	1850	3.7993369160e+00	5.9751500000e+01
1850	1851	3.8270956350e+00	5.9751500000e+01
1851	1852	3.8102148230e+00	5.9751500000e+01
1852	1853	3.8096841080e+00	5.9751500000e+01
1853	1854	3.7754530850e+00	5.9751500000e+01
1854	1855	3.8008718740e+00	5.9751500000e+01
1855	1856	3.7972969330e+00	5.9751500000e+01
1856	1857	3.7907830330e+00	5.9751500000e+01
1857	1858	3.8054094390e+00	5.9751500000e+01
1858	1859	3.8018608600e+00	5.9751500000e+01
1859	1860	3.7850846750e+00	5.9751500000e+01
1860	1861	3.7928734490e+00	5.9751500000e+01
1861	1862	3.8263617180e+00	5.9751500000e+01
1862	1863	3.7882325690e+00	5.9751500000e+01
1863	1864	3.8321422210e+00	5.9751500000e+01
1864	1865	3.8120619090e+00	5.9751500000e+01
1865	1866	3.8117435640e+00	5.9751500000e+01
1866	1867	3.7976500630e+00	5.9751500000e+01
1867	1868	3.7863301490e+00	5.9751500000e+01
1868	1869	3.8064663400e+00	5.9751500000e+01
1869	1870	3.7871559250e+00	5.9751500000e+01
1870	1871	3.8173366370e+00	5.9751500000e+01
1871	1872	3.8379488010e+00	5.9751500000e+01
1872	1873	3.8467264000e+00	5.9751500000e+01
1873	1874	3.7974587560e+00	5.9751500000e+01
1874	1875	3.7972896910e+00	5.9751500000e+01
1875	1876	3.7621848710e+00	5.9751500000e+01
1876	1877	3.8073557750e+00	5.9751500000e+01
1877	1878	3.7681969160e+00	5.9751500000e+01
1878	1879	3.8003770870e+00	5.9751500000e+01
1879	1880	3.8131292920e+00	5.9751500000e+01
1880	1881	3.8152265990e+00	5.9751500000e+01
1881	1882	3.7815717630e+00	5.9751500000e+01
1882	1883	3.8213135180e+00	5.9751500000e+01
1883	1884	3.8316591710e+00	5.9751500000e+01
1884	1885	3.8209769690e+00	5.9751500000e+01
1885	1886	3.7996834080e+00	5.9751500000e+01
1886	1887	3.8540873110e+00	5.9751500000e+01
1887	1888	3.8176209870e+00	5.9751500000e+01
1888	1889	3.7673538460e+00	5.9751500000e+01
1889	1890	3.8193126340e+00	5.9751500000e+01
1890	1891	3.8052359980e+00	5.9751500000e+01
1891	1892	3.7937034680e+00	5.9751500000e+01
1892	1893	3.7913762670e+00	5.9751500000e+01
1893	1894	3.8224303790e+00	5.9751500000e+01
1894	1895	3.8113620920e+00	5.9751500000e+01
1895	1896	3.7829360290e+00	5.9751500000e+01
1896	1897	3.8035689820e+00	5.9751500000e+01
1897	1898	3.8007315090e+00	5.9751500000e+01
1898	1899	3.8033351150e+00	5.9751500000e+01
1899	1900	3.8311085860e+00	5.9751500000e+01
1900	1901	3.7794321000e+00	5.9751500000e+01
1901	1902	3.8232003610e+00	5.9751500000e+01
1902	1903	3.8052223330e+00	5.9751500000e+01
1903	1904	3.8080752360e+00	5.9751500000e+01
1904	1905	3.8018232470e+00	5.9751500000e+01
1905	1906	3.8051210230e+00	5.9751500000e+01
1906	1907	3.7885831120e+00	5.9751500000e+01
1907	1908	3.7994220610e+00	5.9751500000e+01
1908	1909	3.8023123230e+00	5.9751500000e+01
1909	1910	3.7673965810e+00	5.9751500000e+01
1910	1911	3.8080392590e+00	5.9751500000e+01
1911	1912	3.8073216310e+00	5.9751500000e+01
1912	1913	3.7870182200e+00	5.9751500000e+01
1913	1914	3.8100800520e+00	5.9751500000e+01
1914	1915	3.8190188530e+00	5.9751500000e+01
1915	1916	3.8515560490e+00	5.9751500000e+01
1916	1917	3.7897895720e+00	5.9751500000e+01
1917	1918	3.7978526830e+00	5.9751500000e+01
1918	1919	3.7979651130e+00	5.9751500000e+01
1919	1920	3.8327042670e+00	5.9751500000e+01
1920	1921	3.8096474900e+00	5.9751500000e+01
1921	1922	3.8116887330e+00	5.9751500000e+01
1922	1923	3.8238892500e+00	5.9751500000e+01
1923	1924	3.8078672510e+00	5.9751500000e+01
1924	1925	3.7664505840e+00	5.9751500000e+01
1925	1926	3.8476913860e+00	5.9751500000e+01
1926	1927	3.8085653470e+00	5.9751500000e+01
1927	1928	3.8031295010e+00	5.9751500000e+01
1928	1929	3.7763625360e+00	5.9751500000e+01
1929	1930	3.8193807090e+00	5.9751500000e+01
1930	1931	3.8214433140e+00	5.9751500000e+01
1931	1932	3.8110632370e+00	5.9751500000e+01
1932	1933	3.8015103580e+00	5.9751500000e+01
1933	1934	3.7997835460e+00	5.9751500000e+01
1934	1935	3.8283876500e+00	5.9751500000e+01
1935	1936	3.8101691560e+00	5.9751500000e+01
1936	1937	3.7932761570e+00	5.9751500000e+01
1937	1938	3.7818219150e+00	5.9751500000e+01
1938	1939	3.8073631300e+00	5.9751500000e+01
1939	1940	3.7966028240e+00	5.9751500000e+01
1940	1941	3.8062162310e+00	5.9751500000e+01
1941	1942	3.8170850130e+00	5.9751500000e+01
1942	1943	3.8004994410e+00	5.9751500000e+01
1943	1944	3.8145639330e+00	5.9751500000e+01
1944	1945	3.8011624540e+00	5.9751500000e+01
1945	1946	3.8064363910e+00	5.9751500000e+01
1946	1947	3.8033582530e+00	5.9751500000e+01
1947	1948	3.8138061040e+00	5.9751500000e+01
