;ai	aj
2	6
3	7
7	18
9	18
9	17
11	17
12	17
13	25
13	26
14	25
14	23
15	23
15	25
15	26
16	20
16	21
16	22
16	23
16	25
17	21
23	30
24	28
25	30
26	30
28	35
29	33
29	34
29	35
41	45
41	46
41	49
42	46
43	179
44	179
44	48
45	49
45	52
45	841
46	50
46	174
47	174
47	179
47	51
47	178
48	179
48	835
48	52
48	53
48	840
48	839
48	841
49	53
50	54
50	55
50	174
50	170
51	174
51	55
51	175
51	173
51	177
51	178
51	834
51	835
51	179
51	839
52	835
52	56
52	841
52	840
52	848
53	57
53	59
53	175
54	59
54	175
54	61
54	831
54	171
54	174
54	170
55	174
55	175
55	831
55	805
55	830
55	833
55	832
55	177
55	834
55	835
56	805
56	833
57	175
57	805
57	829
57	830
57	831
57	61
58	830
58	94
58	175
58	828
58	805
58	829
59	175
59	828
59	97
60	94
60	828
60	97
60	171
60	93
60	90
60	175
61	93
61	97
61	175
61	171
61	172
61	167
61	168
61	101
62	97
62	172
62	93
62	168
62	171
62	67
62	164
62	66
62	163
62	96
62	100
62	193
63	168
63	171
63	67
63	68
63	93
63	164
63	163
63	165
64	93
64	68
64	89
64	90
65	69
65	154
66	160
66	70
66	163
66	164
67	164
67	71
67	72
67	197
67	89
67	93
67	97
67	193
67	92
67	96
68	93
68	89
68	72
68	86
69	73
69	160
69	154
69	155
70	160
70	74
70	201
70	164
70	197
70	161
70	194
70	193
71	197
71	201
71	75
71	84
71	89
71	92
72	84
72	76
72	89
72	82
72	83
73	77
73	160
73	161
73	194
74	78
74	201
74	194
74	198
74	197
74	202
74	193
75	201
75	205
75	79
75	82
75	84
75	216
76	80
76	81
76	82
77	198
78	205
78	209
78	82
78	202
78	201
78	197
78	198
79	205
79	209
79	208
79	213
79	214
81	214
82	214
82	215
82	216
82	205
82	208
82	213
83	214
83	215
83	216
84	88
84	215
84	216
84	89
84	92
84	201
84	221
84	205
85	215
85	216
85	89
85	218
85	217
85	219
86	90
87	235
87	91
87	218
88	218
88	221
88	92
88	216
88	217
89	93
90	94
90	232
90	235
91	235
91	232
91	95
91	96
91	225
91	218
91	221
91	222
92	221
92	96
92	196
92	197
92	201
92	216
92	200
92	204
92	225
93	97
93	98
94	98
94	99
94	825
94	232
94	235
94	827
94	828
94	826
95	232
95	825
95	99
95	196
95	230
95	221
95	225
96	196
96	100
96	193
96	197
97	172
97	101
97	102
97	175
98	102
98	103
98	230
98	825
99	230
99	103
99	131
99	196
99	193
99	133
99	192
99	128
100	104
100	172
100	193
100	164
100	189
100	192
101	172
101	176
101	105
101	175
101	831
101	171
102	106
102	107
102	131
102	230
103	131
103	127
103	107
103	124
103	128
103	133
103	192
104	119
104	173
104	108
104	176
104	178
104	172
104	169
104	124
104	185
104	189
105	176
105	109
105	175
105	831
106	131
106	617
106	110
106	123
106	613
106	127
106	616
107	127
107	123
107	111
107	119
107	178
107	124
107	120
107	185
108	119
108	112
108	113
108	116
108	836
108	176
108	178
108	117
108	179
108	180
108	839
108	177
109	836
109	113
109	613
109	617
109	616
110	617
110	600
110	613
110	114
110	116
110	126
110	122
110	123
110	127
110	130
111	123
111	116
111	118
111	115
111	119
112	116
112	117
112	838
112	839
112	836
113	601
113	603
113	609
113	600
113	613
113	126
113	610
113	597
114	600
114	601
114	122
114	123
115	601
115	609
116	838
116	839
116	120
116	122
116	123
116	600
117	838
117	839
117	178
117	179
117	180
117	843
118	180
118	123
118	182
119	178
119	180
119	181
119	182
119	123
119	185
119	124
119	173
120	182
120	185
120	124
121	188
121	125
121	184
121	185
121	182
122	126
122	600
122	602
123	600
123	127
124	185
124	128
124	134
124	188
124	192
124	189
125	188
125	134
125	129
126	130
126	131
126	617
126	600
126	597
126	593
126	596
126	613
127	617
127	131
128	133
128	132
128	134
128	135
128	192
128	195
129	134
129	135
129	593
129	596
129	589
129	592
130	593
130	336
130	614
130	618
130	617
130	596
130	613
130	597
131	617
131	618
131	336
131	230
132	336
133	230
135	331
136	145
136	146
137	145
137	146
137	147
138	147
138	145
138	144
139	147
140	147
140	148
141	147
141	148
142	147
142	148
143	147
146	150
151	158
151	159
152	158
153	158
154	158
154	159
154	160
155	160
155	159
156	160
158	162
159	163
160	164
161	190
161	194
161	193
162	190
162	187
164	190
164	168
164	169
164	193
164	172
165	190
165	169
165	186
165	171
166	190
166	186
166	170
167	171
168	172
169	173
169	181
169	186
169	189
169	185
169	190
170	186
170	174
170	181
170	178
171	175
172	176
172	189
173	178
173	177
173	181
174	178
174	181
174	179
175	831
175	832
175	830
176	834
177	834
177	835
177	836
177	839
178	839
179	839
179	838
179	840
179	841
181	185
181	186
182	186
183	187
184	188
185	189
186	190
187	191
188	192
189	193
190	194
191	195
192	196
193	197
193	198
194	198
195	199
195	202
196	200
196	201
196	230
196	225
197	201
197	202
198	202
199	203
199	204
199	224
199	228
200	224
200	228
200	204
200	220
200	221
200	225
201	205
201	206
202	206
202	462
203	462
203	207
203	220
203	224
203	227
203	461
203	228
204	224
204	220
204	208
204	216
204	217
204	221
205	216
205	209
206	462
206	210
206	442
206	458
206	461
207	462
207	442
207	211
207	213
207	446
207	220
207	223
207	219
207	445
207	458
207	224
207	438
207	227
207	441
208	220
208	213
208	212
208	215
208	216
208	217
209	213
209	454
209	461
210	454
210	446
210	455
210	458
210	442
211	446
212	454
213	446
213	217
213	220
215	220
216	220
216	221
217	221
218	235
218	222
219	223
219	235
219	236
219	237
220	224
221	225
221	232
222	232
222	226
222	231
222	236
222	235
223	445
223	227
224	228
225	230
225	229
225	231
225	232
226	232
226	230
226	231
226	445
226	441
226	917
226	920
227	438
227	462
227	459
227	463
228	823
229	823
230	823
230	825
231	823
231	824
231	825
231	917
232	824
232	825
232	913
232	827
233	824
233	825
233	827
233	913
233	910
233	826
233	909
233	917
233	821
233	914
233	918
233	921
234	909
234	910
234	913
234	827
234	906
235	913
235	827
236	909
236	913
236	883
236	912
237	909
237	883
243	248
246	250
247	252
248	487
248	252
248	257
249	257
249	487
251	256
252	256
252	257
252	486
253	257
254	265
254	483
254	258
254	260
254	286
254	264
254	282
254	268
254	285
254	269
255	264
255	265
255	260
255	259
255	261
255	262
255	263
255	289
256	482
257	479
257	482
257	483
257	486
257	487
258	483
258	479
258	482
258	286
258	478
258	264
259	482
259	293
260	293
260	264
260	479
260	285
260	286
260	289
260	290
260	475
261	293
261	405
261	402
261	406
261	409
262	293
262	406
262	402
262	289
262	267
262	292
262	399
262	428
262	296
262	403
263	267
263	285
263	289
263	399
263	402
264	285
264	289
264	268
264	282
264	286
264	483
265	269
266	270
266	432
266	402
266	397
266	399
266	398
266	395
266	401
267	399
267	432
267	271
267	288
267	285
267	289
267	284
267	292
268	285
268	280
268	272
268	282
268	281
269	273
269	397
270	274
270	276
270	432
270	397
270	399
270	429
271	432
271	276
271	436
271	280
271	275
271	277
271	288
271	284
271	285
271	451
271	456
272	276
272	277
272	280
272	278
272	279
273	931
273	397
274	931
274	762
274	763
274	927
275	762
275	440
275	761
275	927
275	931
275	763
275	765
275	764
276	440
276	436
276	443
276	444
276	451
276	761
276	762
276	432
276	433
277	444
277	762
277	440
277	443
277	448
277	449
277	451
278	449
278	762
278	759
278	760
279	449
279	450
279	451
280	284
280	451
280	285
281	450
281	451
281	452
281	285
281	453
282	286
282	483
283	480
283	483
283	287
283	288
283	453
283	456
284	453
284	456
284	288
284	289
284	451
284	452
285	289
286	290
286	476
286	479
286	480
286	483
287	480
287	476
287	479
287	291
287	472
287	453
287	456
287	457
287	477
287	460
287	461
287	473
288	456
288	292
288	435
288	432
288	431
288	436
288	460
289	293
290	476
290	294
290	475
290	472
290	479
291	476
291	472
291	295
291	431
291	435
291	460
291	464
291	456
292	435
292	431
292	296
292	427
292	428
292	399
292	432
293	406
293	297
293	409
293	475
294	475
294	298
294	472
294	471
294	464
294	468
294	467
295	468
295	299
295	300
295	330
295	424
295	427
295	333
295	431
295	464
295	472
295	435
296	424
296	300
296	301
296	406
296	403
296	427
296	428
296	402
296	407
297	406
297	410
297	301
298	302
298	303
298	330
298	327
298	468
298	471
299	330
299	323
299	303
299	320
299	324
299	424
299	427
299	334
299	339
300	424
300	315
300	320
300	304
300	407
300	411
300	406
300	410
300	403
300	416
301	410
301	411
301	305
302	306
302	319
302	323
302	330
302	327
303	323
303	319
303	307
303	315
303	320
304	315
304	407
304	411
304	414
304	308
304	312
305	411
305	309
306	310
306	322
306	318
306	319
306	323
307	319
307	312
307	311
307	314
307	315
307	414
308	312
308	411
310	319
310	318
310	322
312	414
312	319
312	316
313	414
313	413
313	415
314	414
314	415
314	319
314	416
314	417
315	414
315	415
315	416
315	417
315	319
315	420
315	407
315	320
315	411
316	417
316	420
316	320
317	420
317	339
317	423
317	321
317	342
317	340
317	341
317	419
317	417
318	341
318	342
318	322
318	545
318	343
318	344
318	345
318	544
318	346
318	542
318	543
319	323
320	324
320	325
320	339
320	423
320	416
320	419
320	420
320	424
321	339
321	325
321	326
321	345
321	342
321	343
321	344
321	337
322	326
322	345
322	342
322	344
322	346
323	327
323	330
324	330
324	331
324	339
324	334
325	331
325	345
325	339
325	330
325	334
325	335
325	337
326	345
327	331
327	468
328	332
328	465
329	465
329	468
329	333
329	467
329	466
330	334
330	468
330	427
331	335
332	465
332	463
333	465
333	463
333	337
333	434
333	468
333	431
333	464
333	427
334	434
334	339
334	427
334	720
334	430
334	431
336	716
336	717
336	718
337	718
337	719
337	720
337	430
337	434
338	718
338	719
338	720
338	423
338	582
338	585
338	717
338	581
339	423
339	720
339	343
339	581
340	423
340	719
340	720
340	581
340	721
340	722
341	581
341	545
341	419
341	546
341	547
342	544
342	545
343	545
343	542
343	544
343	662
344	541
344	542
344	544
344	662
344	592
344	588
345	542
345	662
346	542
346	543
347	542
347	538
347	663
347	664
348	352
348	538
348	664
348	353
348	539
348	542
348	535
349	595
349	664
349	353
349	599
349	596
351	604
351	666
351	599
351	603
352	599
352	604
352	666
352	535
352	538
352	595
352	664
352	665
352	603
353	535
353	539
353	666
354	358
354	666
354	535
354	539
356	360
357	529
358	364
358	529
358	532
358	530
358	666
359	364
359	365
359	363
360	364
360	365
361	365
368	373
370	374
375	392
375	391
376	392
376	391
377	391
377	388
377	389
377	392
378	388
378	389
378	391
378	390
378	383
383	387
396	425
396	723
396	724
397	425
398	425
398	402
398	421
399	425
399	403
399	421
399	424
399	428
399	429
399	432
400	425
400	421
400	404
401	405
402	406
403	407
403	421
403	416
403	424
403	428
404	421
404	416
404	408
404	414
404	415
405	409
406	410
406	411
407	411
407	414
407	415
407	416
408	412
408	414
408	413
416	421
416	420
416	424
417	421
418	422
419	423
419	721
420	424
421	425
422	426
422	720
422	721
422	723
422	724
423	721
423	720
423	427
424	428
424	429
425	429
425	430
425	724
426	724
426	430
426	720
426	719
426	721
426	722
426	723
427	720
427	431
427	432
428	432
429	433
429	724
430	724
430	713
430	434
430	720
430	718
431	720
431	463
431	435
431	436
431	464
432	436
432	437
433	437
433	441
433	724
433	713
434	463
434	438
434	439
434	441
434	459
434	720
435	463
435	459
435	439
435	455
435	456
435	460
435	464
436	451
436	456
436	440
437	441
438	442
438	462
438	459
438	463
439	459
439	455
439	451
439	443
439	452
439	456
440	451
440	444
440	448
440	761
440	762
441	445
442	446
442	448
442	455
442	462
442	454
442	458
442	459
443	455
443	448
443	447
443	450
443	451
444	448
444	760
444	761
444	762
445	920
447	883
448	455
450	455
451	455
451	456
452	456
453	457
453	480
454	458
455	459
456	460
457	473
457	461
457	477
458	462
459	463
459	464
460	464
460	469
460	468
460	472
460	473
461	473
461	469
464	469
464	468
464	472
465	469
466	470
467	471
467	472
468	472
469	473
470	474
471	475
471	476
472	476
473	477
473	478
474	478
475	479
476	480
477	481
477	482
478	482
478	483
479	483
480	484
481	485
482	486
483	487
494	498
495	500
495	501
496	500
496	501
497	501
497	502
499	505
506	510
509	520
510	519
511	519
511	516
511	520
511	515
511	518
512	516
512	524
512	520
512	521
513	524
514	524
515	522
515	519
528	532
528	533
528	536
529	533
530	666
531	666
531	535
532	536
532	539
533	537
533	661
534	661
534	666
534	538
534	665
535	666
535	539
536	540
537	541
537	542
537	661
537	657
538	661
538	542
538	662
538	660
538	664
538	665
538	666
539	543
540	544
540	546
541	546
541	662
541	548
541	658
541	661
541	657
542	661
542	662
542	664
544	662
544	548
545	581
545	662
546	662
546	584
547	581
547	584
547	551
547	658
547	580
547	662
547	577
548	580
548	584
548	662
548	658
548	659
548	654
548	655
548	588
549	580
549	584
549	659
549	655
549	554
549	651
549	553
549	650
549	652
549	583
549	587
549	680
550	650
550	655
550	658
550	554
550	580
550	651
550	652
551	580
551	555
551	576
551	577
552	556
553	647
553	650
553	557
553	651
554	651
554	558
554	576
554	684
554	580
554	584
554	680
554	579
554	583
555	580
555	576
555	559
555	573
556	644
556	560
556	647
556	650
557	647
557	561
557	562
557	688
557	651
557	684
557	648
557	681
557	680
558	684
558	688
558	562
558	563
558	571
558	576
558	579
559	571
559	563
559	644
559	569
559	570
559	576
560	644
560	564
560	647
560	645
560	646
560	648
561	565
561	684
561	688
561	681
561	685
561	648
561	680
562	688
562	692
562	566
562	569
562	571
562	703
563	567
563	644
563	568
563	642
563	643
565	696
565	569
565	692
565	688
565	684
565	689
565	685
566	692
566	696
567	701
568	641
568	631
568	701
568	629
568	630
568	632
569	701
569	641
569	702
569	703
569	692
569	695
569	696
569	700
570	701
570	702
570	641
570	703
570	632
571	575
571	702
571	703
571	576
571	579
571	708
571	688
571	692
572	702
572	703
572	576
572	705
572	704
573	577
574	722
574	705
574	578
575	705
575	708
575	579
575	703
575	704
576	580
577	581
577	719
577	722
578	722
578	719
578	582
578	583
578	712
578	705
578	708
578	709
579	708
579	583
579	683
579	684
579	688
579	687
579	691
579	712
580	584
580	585
581	585
581	719
581	722
582	719
582	586
582	683
582	717
582	708
582	712
583	683
583	587
583	659
583	680
583	684
584	659
584	588
584	589
584	662
585	589
585	590
585	717
586	717
586	590
586	618
586	683
586	680
586	620
586	679
586	615
587	591
587	659
587	676
587	680
587	651
587	679
588	659
588	663
588	592
588	662
588	658
589	593
589	618
589	717
590	618
590	614
590	594
590	611
590	615
590	620
590	679
591	606
591	660
591	595
591	663
591	665
591	659
591	656
591	611
591	672
591	676
592	663
592	596
592	662
593	618
593	614
593	597
593	610
594	610
594	598
594	606
594	665
594	611
594	614
594	607
594	672
595	606
595	599
595	603
595	663
595	665
595	604
595	666
595	667
595	664
596	600
597	601
597	603
597	613
597	609
597	610
597	614
597	617
598	610
598	603
598	605
598	602
598	606
599	603
599	604
600	613
601	610
603	607
603	610
603	609
604	665
604	666
604	667
605	667
605	610
605	668
605	669
606	665
606	667
606	668
606	669
606	610
606	672
606	611
606	660
607	669
607	672
607	611
608	675
608	612
608	671
608	669
609	613
610	614
610	615
611	672
611	615
611	675
611	679
611	676
612	675
612	616
612	621
613	617
614	618
614	620
615	620
615	619
615	621
615	622
615	679
615	682
616	621
616	622
616	836
616	834
618	717
620	717
621	682
625	633
625	634
626	633
626	634
627	633
627	634
628	632
628	633
629	701
630	701
631	641
631	701
632	641
632	639
632	640
633	639
634	639
634	638
635	639
643	647
646	650
647	651
648	677
648	681
648	674
648	680
649	677
649	674
650	655
651	655
651	656
651	673
651	677
651	680
651	659
651	676
652	677
652	656
652	657
652	673
652	658
653	677
653	673
653	657
654	658
655	659
656	660
656	668
656	673
656	676
656	672
656	677
657	673
657	661
657	668
657	665
658	662
659	663
659	676
660	665
660	664
660	668
661	665
661	666
661	668
668	672
668	673
669	673
670	674
671	675
671	676
672	676
673	677
674	678
675	679
676	680
677	681
678	682
679	683
680	684
680	685
681	685
682	686
682	689
683	687
683	688
683	715
683	717
683	712
684	688
684	689
685	689
686	690
686	691
686	711
686	715
686	819
687	711
687	715
687	691
687	707
687	708
687	712
687	717
688	692
688	693
689	693
689	949
689	819
690	949
690	694
690	707
690	714
690	711
690	715
690	948
691	711
691	707
691	695
691	703
691	704
691	708
692	703
692	696
692	697
693	697
693	929
693	945
693	949
693	948
694	949
694	929
694	698
694	700
694	933
694	707
694	706
694	710
694	932
694	945
694	711
694	714
694	925
694	928
695	707
695	700
695	699
695	702
695	703
695	704
696	700
696	941
697	941
697	942
697	945
697	929
697	933
698	933
699	941
700	933
700	704
700	707
702	707
703	707
703	708
704	708
704	709
705	722
705	709
706	710
706	711
706	722
706	723
706	724
707	711
708	712
708	719
709	719
709	713
709	717
709	718
709	723
709	724
709	722
710	932
710	714
710	724
711	715
712	717
712	716
712	718
712	719
713	719
713	717
713	718
713	932
714	925
714	928
714	949
714	946
714	950
719	723
726	730
727	733
727	732
727	731
727	735
730	734
730	974
734	738
738	744
739	744
739	743
740	744
741	970
741	745
741	747
741	773
741	751
741	752
741	769
741	755
741	772
741	756
742	751
742	752
742	747
742	746
742	748
742	749
742	750
743	747
743	969
744	973
744	966
744	969
744	970
744	974
745	970
745	966
745	969
745	773
745	965
745	751
746	969
746	780
747	780
747	751
747	966
747	772
747	773
747	776
747	777
747	962
748	780
748	892
748	889
748	893
748	896
749	780
749	893
749	889
749	776
749	754
749	779
749	886
749	915
749	783
749	890
750	754
750	772
750	886
750	889
751	772
751	776
751	755
751	769
751	773
751	970
752	756
753	757
753	884
753	919
753	889
753	886
753	885
753	882
753	888
754	886
754	919
754	772
754	758
754	775
754	776
754	771
754	779
755	772
755	767
755	759
755	769
755	768
756	760
756	884
757	761
757	763
757	919
757	884
757	886
757	916
758	919
758	763
758	923
758	762
758	764
758	767
758	775
758	771
758	772
758	938
758	943
759	767
759	764
759	763
759	765
759	766
760	884
762	927
762	931
763	927
763	938
763	923
763	930
763	931
763	919
763	920
764	931
764	927
764	930
764	935
764	936
764	937
764	938
765	936
765	937
766	936
766	937
766	938
767	771
767	938
767	772
768	937
768	938
768	939
768	772
768	940
769	773
769	970
770	967
770	970
770	774
770	775
770	940
770	943
771	940
771	943
771	775
771	776
771	938
771	939
772	776
773	777
773	963
773	966
773	967
773	970
774	967
774	963
774	778
774	959
774	966
774	940
774	943
774	964
774	944
774	947
774	960
775	943
775	779
775	922
775	918
775	919
775	923
775	947
776	780
777	963
777	781
777	962
777	959
777	966
778	963
778	959
778	782
778	918
778	922
778	947
778	951
778	943
778	962
779	922
779	918
779	783
779	914
779	915
779	886
779	919
780	893
780	784
780	896
781	785
781	959
781	962
781	958
781	951
781	955
781	954
782	786
782	787
782	817
782	911
782	914
782	918
782	951
782	959
782	820
782	922
782	955
783	911
783	787
783	893
783	890
783	914
783	915
783	889
784	893
784	897
784	788
785	789
785	790
785	817
785	814
785	955
786	817
786	810
786	790
786	806
786	807
786	911
786	811
786	821
786	914
787	911
787	802
787	807
787	791
787	894
787	898
787	893
787	897
787	890
787	891
787	903
788	897
788	898
788	792
789	793
789	806
789	810
789	817
789	814
790	810
790	806
790	794
790	802
790	803
790	807
791	802
791	894
791	898
791	901
791	795
791	799
792	898
792	796
793	797
793	806
793	809
793	805
793	810
794	806
794	799
794	798
794	801
794	802
794	901
795	799
795	898
797	806
797	809
799	901
799	806
799	803
800	901
800	900
800	902
801	901
801	902
801	806
801	903
801	904
802	901
802	902
802	903
802	904
802	806
802	907
802	894
802	807
802	898
803	904
803	907
803	807
804	907
804	826
804	910
804	808
804	829
804	827
804	828
804	906
804	904
805	828
805	829
805	809
805	830
805	831
805	832
805	833
806	810
807	811
807	812
807	826
807	910
807	903
807	906
807	907
807	911
808	826
808	812
808	813
808	832
808	829
808	830
808	831
808	824
809	829
809	813
809	832
809	831
809	833
810	814
810	817
811	817
811	818
811	826
811	821
812	818
812	832
812	826
812	817
812	821
812	824
813	832
814	818
814	955
815	819
815	952
816	952
816	955
816	820
816	954
816	953
817	821
817	914
817	955
818	822
819	952
820	952
820	950
820	824
820	921
820	951
820	955
820	918
820	914
821	921
821	826
821	914
821	917
821	918
824	917
824	921
825	910
826	910
826	830
827	910
828	906
835	839
835	840
836	840
837	844
837	845
837	846
838	844
838	845
838	843
839	843
840	844
840	845
840	846
840	848
841	845
841	848
842	846
842	847
846	852
847	852
848	852
857	865
858	863
858	864
858	865
859	863
870	875
870	874
873	877
873	878
874	878
876	880
884	912
885	912
885	916
885	889
886	912
886	890
886	908
886	911
886	915
886	916
886	919
887	912
887	908
887	891
888	892
889	893
890	894
890	908
890	903
890	911
890	915
891	908
891	903
891	895
891	902
891	901
892	896
893	897
893	898
894	898
894	901
894	902
894	903
895	899
895	901
903	907
903	908
903	911
904	908
905	909
906	910
907	911
908	912
909	913
910	914
911	915
912	916
912	917
913	917
914	918
914	919
915	919
916	920
917	921
918	950
918	922
918	923
918	951
919	923
919	924
920	924
920	928
921	928
921	925
921	926
921	946
921	950
922	950
922	946
922	926
922	942
922	943
922	947
922	951
923	938
923	943
923	927
924	928
925	929
925	949
925	946
925	950
925	945
925	932
926	946
926	942
926	938
926	930
926	939
926	943
927	938
927	931
927	935
928	932
929	933
929	935
929	942
929	949
929	941
929	945
929	946
930	942
930	935
930	934
930	937
930	938
931	935
935	942
937	942
938	942
938	943
939	943
940	944
940	967
941	945
941	946
942	946
943	947
944	960
944	948
944	964
945	949
946	950
946	951
947	951
947	956
947	955
947	959
947	960
948	960
948	956
951	956
951	955
951	959
952	956
953	957
954	958
954	959
955	959
956	960
957	961
958	962
959	963
960	964
960	965
961	965
962	966
963	967
964	968
965	969
965	970
966	970
967	971
968	972
969	973
976	980
977	981
981	992
983	992
983	991
985	991
986	991
987	999
987	1000
988	999
988	997
989	997
989	999
989	1000
990	994
990	995
990	996
990	997
990	999
991	995
997	1004
998	1002
999	1004
1000	1004
1002	1009
1003	1007
1003	1008
1003	1009
1015	1019
1015	1020
1015	1023
1016	1020
1017	1153
1018	1153
1018	1022
1019	1023
1019	1026
1019	1815
1020	1024
1020	1148
1021	1148
1021	1153
1021	1025
1021	1152
1022	1153
1022	1809
1022	1026
1022	1027
1022	1814
1022	1813
1022	1815
1023	1027
1024	1028
1024	1029
1024	1148
1024	1144
1025	1148
1025	1029
1025	1149
1025	1147
1025	1151
1025	1152
1025	1808
1025	1809
1025	1153
1025	1813
1026	1809
1026	1030
1026	1815
1026	1814
1026	1822
1027	1031
1027	1033
1027	1149
1028	1033
1028	1149
1028	1035
1028	1805
1028	1145
1028	1148
1028	1144
1029	1148
1029	1149
1029	1805
1029	1779
1029	1804
1029	1807
1029	1806
1029	1151
1029	1808
1029	1809
1030	1779
1030	1807
1031	1149
1031	1779
1031	1803
1031	1804
1031	1805
1031	1035
1032	1804
1032	1068
1032	1149
1032	1802
1032	1779
1032	1803
1033	1149
1033	1802
1033	1071
1034	1068
1034	1802
1034	1071
1034	1145
1034	1067
1034	1064
1034	1149
1035	1067
1035	1071
1035	1149
1035	1145
1035	1146
1035	1141
1035	1142
1035	1075
1036	1067
1036	1071
1036	1146
1036	1142
1036	1145
1036	1041
1036	1138
1036	1040
1036	1137
1036	1070
1036	1074
1036	1167
1037	1142
1037	1145
1037	1041
1037	1067
1037	1138
1037	1137
1037	1139
1038	1067
1038	1042
1038	1063
1038	1064
1039	1043
1039	1128
1040	1134
1040	1044
1040	1137
1040	1138
1041	1138
1041	1045
1041	1046
1041	1171
1041	1063
1041	1067
1041	1071
1041	1167
1041	1066
1041	1070
1042	1067
1042	1063
1042	1046
1042	1060
1043	1047
1043	1134
1043	1128
1043	1129
1044	1134
1044	1048
1044	1175
1044	1138
1044	1171
1044	1135
1044	1168
1044	1167
1045	1171
1045	1175
1045	1049
1045	1058
1045	1063
1045	1066
1046	1058
1046	1050
1046	1063
1046	1056
1046	1057
1047	1051
1047	1134
1047	1135
1047	1168
1048	1052
1048	1175
1048	1168
1048	1172
1048	1171
1048	1176
1048	1167
1049	1175
1049	1179
1049	1053
1049	1056
1049	1058
1049	1190
1050	1054
1050	1055
1050	1056
1051	1172
1052	1183
1052	1056
1052	1176
1052	1179
1052	1175
1052	1171
1052	1172
1053	1179
1053	1183
1053	1182
1053	1187
1053	1188
1055	1188
1056	1188
1056	1189
1056	1190
1056	1179
1056	1182
1056	1187
1057	1188
1057	1189
1057	1190
1058	1062
1058	1190
1058	1063
1058	1066
1058	1175
1058	1195
1058	1179
1059	1189
1059	1190
1059	1063
1059	1192
1059	1191
1059	1193
1060	1064
1061	1209
1061	1065
1061	1192
1062	1192
1062	1195
1062	1066
1062	1190
1062	1191
1063	1067
1064	1068
1064	1206
1064	1209
1065	1209
1065	1206
1065	1069
1065	1070
1065	1199
1065	1192
1065	1195
1065	1196
1066	1195
1066	1070
1066	1170
1066	1171
1066	1175
1066	1190
1066	1174
1066	1178
1066	1199
1067	1071
1067	1072
1068	1072
1068	1073
1068	1799
1068	1206
1068	1209
1068	1801
1068	1802
1068	1800
1069	1206
1069	1799
1069	1073
1069	1170
1069	1204
1069	1195
1069	1199
1070	1170
1070	1074
1070	1167
1070	1171
1071	1146
1071	1075
1071	1076
1071	1149
1072	1076
1072	1077
1072	1204
1072	1799
1073	1204
1073	1077
1073	1105
1073	1170
1073	1167
1073	1107
1073	1166
1073	1102
1074	1078
1074	1146
1074	1167
1074	1138
1074	1163
1074	1166
1075	1146
1075	1150
1075	1079
1075	1149
1075	1805
1075	1145
1076	1080
1076	1081
1076	1105
1076	1204
1077	1105
1077	1081
1077	1101
1077	1098
1077	1102
1077	1107
1077	1166
1078	1093
1078	1147
1078	1082
1078	1150
1078	1152
1078	1146
1078	1143
1078	1098
1078	1159
1078	1163
1079	1150
1079	1083
1079	1149
1079	1805
1080	1105
1080	1591
1080	1084
1080	1097
1080	1587
1080	1101
1080	1590
1081	1101
1081	1097
1081	1085
1081	1093
1081	1152
1081	1098
1081	1094
1081	1159
1082	1093
1082	1086
1082	1090
1082	1810
1082	1150
1082	1152
1082	1091
1082	1153
1082	1154
1082	1813
1082	1151
1083	1810
1083	1087
1083	1587
1083	1591
1083	1590
1084	1591
1084	1574
1084	1587
1084	1088
1084	1090
1084	1100
1084	1096
1084	1097
1084	1101
1084	1104
1085	1097
1085	1090
1085	1092
1085	1089
1085	1093
1086	1090
1086	1091
1086	1812
1086	1813
1086	1810
1087	1575
1087	1577
1087	1583
1087	1574
1087	1587
1087	1100
1087	1584
1087	1571
1088	1574
1088	1575
1088	1096
1088	1097
1089	1575
1089	1583
1090	1812
1090	1813
1090	1094
1090	1096
1090	1097
1090	1574
1091	1812
1091	1813
1091	1152
1091	1153
1091	1154
1091	1817
1092	1154
1092	1097
1092	1156
1093	1152
1093	1154
1093	1155
1093	1156
1093	1097
1093	1159
1093	1098
1093	1147
1094	1156
1094	1159
1094	1098
1095	1162
1095	1099
1095	1158
1095	1159
1095	1156
1096	1100
1096	1574
1096	1576
1097	1574
1097	1101
1098	1159
1098	1102
1098	1108
1098	1162
1098	1166
1098	1163
1099	1162
1099	1108
1099	1103
1100	1104
1100	1105
1100	1591
1100	1574
1100	1571
1100	1567
1100	1570
1100	1587
1101	1591
1101	1105
1102	1107
1102	1106
1102	1108
1102	1109
1102	1166
1102	1169
1103	1108
1103	1109
1103	1567
1103	1570
1103	1563
1103	1566
1104	1567
1104	1310
1104	1588
1104	1592
1104	1591
1104	1570
1104	1587
1104	1571
1105	1591
1105	1592
1105	1310
1105	1204
1106	1310
1107	1204
1109	1305
1110	1119
1110	1120
1111	1119
1111	1120
1111	1121
1112	1121
1112	1119
1112	1118
1113	1121
1114	1121
1114	1122
1115	1121
1115	1122
1116	1121
1116	1122
1117	1121
1120	1124
1125	1132
1125	1133
1126	1132
1127	1132
1128	1132
1128	1133
1128	1134
1129	1134
1129	1133
1130	1134
1132	1136
1133	1137
1134	1138
1135	1164
1135	1168
1135	1167
1136	1164
1136	1161
1138	1164
1138	1142
1138	1143
1138	1167
1138	1146
1139	1164
1139	1143
1139	1160
1139	1145
1140	1164
1140	1160
1140	1144
1141	1145
1142	1146
1143	1147
1143	1155
1143	1160
1143	1163
1143	1159
1143	1164
1144	1160
1144	1148
1144	1155
1144	1152
1145	1149
1146	1150
1146	1163
1147	1152
1147	1151
1147	1155
1148	1152
1148	1155
1148	1153
1149	1805
1149	1806
1149	1804
1150	1808
1151	1808
1151	1809
1151	1810
1151	1813
1152	1813
1153	1813
1153	1812
1153	1814
1153	1815
1155	1159
1155	1160
1156	1160
1157	1161
1158	1162
1158	1163
1159	1163
1160	1164
1161	1165
1162	1166
1163	1167
1164	1168
1165	1169
1166	1170
1167	1171
1167	1172
1168	1172
1169	1173
1170	1174
1170	1175
1170	1204
1170	1199
1171	1175
1171	1176
1172	1176
1173	1177
1173	1178
1173	1198
1173	1202
1174	1198
1174	1202
1174	1178
1174	1194
1174	1195
1174	1199
1175	1179
1175	1180
1176	1180
1176	1436
1177	1436
1177	1181
1177	1194
1177	1198
1177	1201
1177	1435
1177	1202
1178	1198
1178	1194
1178	1182
1178	1190
1178	1191
1178	1195
1179	1190
1179	1183
1180	1184
1180	1416
1180	1432
1180	1436
1180	1435
1181	1436
1181	1416
1181	1185
1181	1187
1181	1420
1181	1194
1181	1197
1181	1193
1181	1419
1181	1432
1181	1198
1181	1412
1181	1201
1181	1415
1182	1194
1182	1187
1182	1186
1182	1189
1182	1190
1182	1191
1183	1187
1183	1428
1183	1435
1184	1428
1184	1420
1184	1429
1184	1432
1184	1416
1185	1420
1186	1428
1187	1420
1187	1191
1187	1194
1189	1194
1190	1194
1190	1195
1191	1195
1192	1209
1192	1196
1193	1197
1193	1210
1193	1211
1193	1209
1194	1198
1195	1199
1195	1206
1196	1206
1196	1200
1196	1205
1196	1210
1196	1209
1197	1419
1197	1201
1198	1202
1199	1204
1199	1203
1199	1205
1199	1206
1200	1206
1200	1204
1200	1205
1200	1419
1200	1415
1200	1891
1200	1894
1201	1412
1201	1436
1201	1433
1201	1437
1202	1797
1203	1797
1204	1797
1204	1799
1205	1797
1205	1798
1205	1799
1205	1891
1206	1798
1206	1799
1206	1887
1206	1801
1207	1798
1207	1799
1207	1801
1207	1887
1207	1884
1207	1800
1207	1883
1207	1891
1207	1795
1207	1888
1207	1892
1207	1895
1208	1883
1208	1884
1208	1887
1208	1801
1208	1880
1209	1887
1209	1801
1210	1883
1210	1887
1210	1857
1210	1886
1211	1883
1211	1857
1217	1222
1220	1224
1221	1226
1222	1461
1222	1226
1222	1231
1223	1231
1223	1461
1225	1230
1226	1230
1226	1231
1226	1460
1227	1231
1228	1239
1228	1457
1228	1232
1228	1234
1228	1260
1228	1238
1228	1256
1228	1242
1228	1259
1228	1243
1229	1238
1229	1239
1229	1234
1229	1233
1229	1235
1229	1236
1229	1237
1229	1263
1230	1456
1231	1453
1231	1456
1231	1457
1231	1460
1231	1461
1232	1457
1232	1453
1232	1456
1232	1260
1232	1452
1232	1238
1233	1456
1233	1267
1234	1267
1234	1238
1234	1453
1234	1259
1234	1260
1234	1263
1234	1264
1234	1449
1235	1267
1235	1379
1235	1376
1235	1380
1235	1383
1236	1267
1236	1380
1236	1376
1236	1263
1236	1241
1236	1266
1236	1373
1236	1402
1236	1270
1236	1377
1237	1241
1237	1259
1237	1263
1237	1373
1237	1376
1238	1259
1238	1263
1238	1242
1238	1256
1238	1260
1238	1457
1239	1243
1240	1244
1240	1406
1240	1376
1240	1371
1240	1373
1240	1372
1240	1369
1240	1375
1241	1373
1241	1406
1241	1245
1241	1262
1241	1259
1241	1263
1241	1258
1241	1266
1242	1259
1242	1254
1242	1246
1242	1256
1242	1255
1243	1247
1243	1371
1244	1248
1244	1250
1244	1406
1244	1371
1244	1373
1244	1403
1245	1406
1245	1250
1245	1410
1245	1254
1245	1249
1245	1251
1245	1262
1245	1258
1245	1259
1245	1425
1245	1430
1246	1250
1246	1251
1246	1254
1246	1252
1246	1253
1247	1905
1247	1371
1248	1905
1248	1736
1248	1737
1248	1901
1249	1736
1249	1414
1249	1735
1249	1901
1249	1905
1249	1737
1249	1739
1249	1738
1250	1414
1250	1410
1250	1417
1250	1418
1250	1425
1250	1735
1250	1736
1250	1406
1250	1407
1251	1418
1251	1736
1251	1414
1251	1417
1251	1422
1251	1423
1251	1425
1252	1423
1252	1736
1252	1733
1252	1734
1253	1423
1253	1424
1253	1425
1254	1258
1254	1425
1254	1259
1255	1424
1255	1425
1255	1426
1255	1259
1255	1427
1256	1260
1256	1457
1257	1454
1257	1457
1257	1261
1257	1262
1257	1427
1257	1430
1258	1427
1258	1430
1258	1262
1258	1263
1258	1425
1258	1426
1259	1263
1260	1264
1260	1450
1260	1453
1260	1454
1260	1457
1261	1454
1261	1450
1261	1453
1261	1265
1261	1446
1261	1427
1261	1430
1261	1431
1261	1451
1261	1434
1261	1435
1261	1447
1262	1430
1262	1266
1262	1409
1262	1406
1262	1405
1262	1410
1262	1434
1263	1267
1264	1450
1264	1268
1264	1449
1264	1446
1264	1453
1265	1450
1265	1446
1265	1269
1265	1405
1265	1409
1265	1434
1265	1438
1265	1430
1266	1409
1266	1405
1266	1270
1266	1401
1266	1402
1266	1373
1266	1406
1267	1380
1267	1271
1267	1383
1267	1449
1268	1449
1268	1272
1268	1446
1268	1445
1268	1438
1268	1442
1268	1441
1269	1442
1269	1273
1269	1274
1269	1304
1269	1398
1269	1401
1269	1405
1269	1438
1269	1446
1269	1307
1269	1409
1270	1398
1270	1274
1270	1275
1270	1380
1270	1377
1270	1401
1270	1402
1270	1376
1270	1381
1271	1380
1271	1384
1271	1275
1272	1276
1272	1277
1272	1304
1272	1301
1272	1442
1272	1445
1273	1304
1273	1297
1273	1277
1273	1294
1273	1298
1273	1398
1273	1401
1273	1308
1273	1313
1274	1398
1274	1289
1274	1294
1274	1278
1274	1381
1274	1385
1274	1380
1274	1384
1274	1377
1274	1390
1275	1384
1275	1385
1275	1279
1276	1280
1276	1293
1276	1297
1276	1304
1276	1301
1277	1297
1277	1293
1277	1281
1277	1289
1277	1294
1278	1289
1278	1381
1278	1385
1278	1388
1278	1282
1278	1286
1279	1385
1279	1283
1280	1284
1280	1296
1280	1292
1280	1293
1280	1297
1281	1286
1281	1293
1281	1285
1281	1288
1281	1289
1281	1388
1282	1286
1282	1385
1284	1293
1284	1292
1284	1296
1286	1388
1286	1293
1286	1290
1287	1388
1287	1387
1287	1389
1288	1388
1288	1389
1288	1293
1288	1390
1288	1391
1289	1388
1289	1389
1289	1390
1289	1391
1289	1293
1289	1394
1289	1381
1289	1294
1289	1385
1290	1391
1290	1394
1290	1294
1291	1394
1291	1313
1291	1397
1291	1295
1291	1316
1291	1314
1291	1315
1291	1393
1291	1391
1292	1315
1292	1316
1292	1296
1292	1519
1292	1317
1292	1318
1292	1319
1292	1518
1292	1320
1292	1516
1292	1517
1293	1297
1294	1298
1294	1299
1294	1313
1294	1397
1294	1390
1294	1393
1294	1394
1294	1398
1295	1313
1295	1299
1295	1300
1295	1319
1295	1316
1295	1317
1295	1318
1295	1311
1296	1300
1296	1319
1296	1316
1296	1318
1296	1320
1297	1301
1297	1304
1298	1304
1298	1305
1298	1313
1298	1308
1299	1305
1299	1319
1299	1313
1299	1304
1299	1308
1299	1309
1299	1311
1300	1319
1301	1305
1301	1442
1302	1306
1302	1439
1303	1439
1303	1442
1303	1307
1303	1441
1303	1440
1304	1308
1304	1442
1304	1401
1305	1309
1306	1439
1306	1437
1307	1439
1307	1437
1307	1311
1307	1408
1307	1442
1307	1405
1307	1438
1307	1401
1308	1408
1308	1313
1308	1401
1308	1694
1308	1404
1308	1405
1310	1690
1310	1691
1310	1692
1311	1692
1311	1693
1311	1694
1311	1404
1311	1408
1312	1692
1312	1693
1312	1694
1312	1397
1312	1556
1312	1559
1312	1691
1312	1555
1313	1397
1313	1694
1313	1317
1313	1555
1314	1397
1314	1693
1314	1694
1314	1555
1314	1695
1314	1696
1315	1555
1315	1519
1315	1393
1315	1520
1315	1521
1316	1518
1316	1519
1317	1519
1317	1516
1317	1518
1317	1636
1318	1515
1318	1516
1318	1518
1318	1636
1318	1566
1318	1562
1319	1516
1319	1636
1320	1516
1320	1517
1321	1516
1321	1512
1321	1637
1321	1638
1322	1326
1322	1512
1322	1638
1322	1327
1322	1513
1322	1516
1322	1509
1323	1569
1323	1638
1323	1327
1323	1573
1323	1570
1325	1578
1325	1640
1325	1573
1325	1577
1326	1573
1326	1578
1326	1640
1326	1509
1326	1512
1326	1569
1326	1638
1326	1639
1326	1577
1327	1509
1327	1513
1327	1640
1328	1332
1328	1640
1328	1509
1328	1513
1330	1334
1331	1503
1332	1338
1332	1503
1332	1506
1332	1504
1332	1640
1333	1338
1333	1339
1333	1337
1334	1338
1334	1339
1335	1339
1342	1347
1344	1348
1349	1366
1349	1365
1350	1366
1350	1365
1351	1365
1351	1362
1351	1363
1351	1366
1352	1362
1352	1363
1352	1365
1352	1364
1352	1357
1357	1361
1370	1399
1370	1697
1370	1698
1371	1399
1372	1399
1372	1376
1372	1395
1373	1399
1373	1377
1373	1395
1373	1398
1373	1402
1373	1403
1373	1406
1374	1399
1374	1395
1374	1378
1375	1379
1376	1380
1377	1381
1377	1395
1377	1390
1377	1398
1377	1402
1378	1395
1378	1390
1378	1382
1378	1388
1378	1389
1379	1383
1380	1384
1380	1385
1381	1385
1381	1388
1381	1389
1381	1390
1382	1386
1382	1388
1382	1387
1390	1395
1390	1394
1390	1398
1391	1395
1392	1396
1393	1397
1393	1695
1394	1398
1395	1399
1396	1400
1396	1694
1396	1695
1396	1697
1396	1698
1397	1695
1397	1694
1397	1401
1398	1402
1398	1403
1399	1403
1399	1404
1399	1698
1400	1698
1400	1404
1400	1694
1400	1693
1400	1695
1400	1696
1400	1697
1401	1694
1401	1405
1401	1406
1402	1406
1403	1407
1403	1698
1404	1698
1404	1687
1404	1408
1404	1694
1404	1692
1405	1694
1405	1437
1405	1409
1405	1410
1405	1438
1406	1410
1406	1411
1407	1411
1407	1415
1407	1698
1407	1687
1408	1437
1408	1412
1408	1413
1408	1415
1408	1433
1408	1694
1409	1437
1409	1433
1409	1413
1409	1429
1409	1430
1409	1434
1409	1438
1410	1425
1410	1430
1410	1414
1411	1415
1412	1416
1412	1436
1412	1433
1412	1437
1413	1433
1413	1429
1413	1425
1413	1417
1413	1426
1413	1430
1414	1425
1414	1418
1414	1422
1414	1735
1414	1736
1415	1419
1416	1420
1416	1422
1416	1429
1416	1436
1416	1428
1416	1432
1416	1433
1417	1429
1417	1422
1417	1421
1417	1424
1417	1425
1418	1422
1418	1734
1418	1735
1418	1736
1419	1894
1421	1857
1422	1429
1424	1429
1425	1429
1425	1430
1426	1430
1427	1431
1427	1454
1428	1432
1429	1433
1430	1434
1431	1447
1431	1435
1431	1451
1432	1436
1433	1437
1433	1438
1434	1438
1434	1443
1434	1442
1434	1446
1434	1447
1435	1447
1435	1443
1438	1443
1438	1442
1438	1446
1439	1443
1440	1444
1441	1445
1441	1446
1442	1446
1443	1447
1444	1448
1445	1449
1445	1450
1446	1450
1447	1451
1447	1452
1448	1452
1449	1453
1450	1454
1451	1455
1451	1456
1452	1456
1452	1457
1453	1457
1454	1458
1455	1459
1456	1460
1457	1461
1468	1472
1469	1474
1469	1475
1470	1474
1470	1475
1471	1475
1471	1476
1473	1479
1480	1484
1483	1494
1484	1493
1485	1493
1485	1490
1485	1494
1485	1489
1485	1492
1486	1490
1486	1498
1486	1494
1486	1495
1487	1498
1488	1498
1489	1496
1489	1493
1502	1506
1502	1507
1502	1510
1503	1507
1504	1640
1505	1640
1505	1509
1506	1510
1506	1513
1507	1511
1507	1635
1508	1635
1508	1640
1508	1512
1508	1639
1509	1640
1509	1513
1510	1514
1511	1515
1511	1516
1511	1635
1511	1631
1512	1635
1512	1516
1512	1636
1512	1634
1512	1638
1512	1639
1512	1640
1513	1517
1514	1518
1514	1520
1515	1520
1515	1636
1515	1522
1515	1632
1515	1635
1515	1631
1516	1635
1516	1636
1516	1638
1518	1636
1518	1522
1519	1636
1519	1555
1520	1636
1520	1558
1521	1555
1521	1558
1521	1525
1521	1632
1521	1554
1521	1636
1521	1551
1522	1554
1522	1558
1522	1636
1522	1632
1522	1633
1522	1628
1522	1629
1522	1562
1523	1554
1523	1558
1523	1633
1523	1629
1523	1528
1523	1625
1523	1527
1523	1624
1523	1626
1523	1557
1523	1561
1523	1654
1524	1624
1524	1629
1524	1632
1524	1528
1524	1554
1524	1625
1524	1626
1525	1554
1525	1529
1525	1550
1525	1551
1526	1530
1527	1621
1527	1624
1527	1531
1527	1625
1528	1625
1528	1532
1528	1550
1528	1658
1528	1554
1528	1558
1528	1654
1528	1553
1528	1557
1529	1554
1529	1550
1529	1533
1529	1547
1530	1618
1530	1534
1530	1621
1530	1624
1531	1621
1531	1535
1531	1536
1531	1662
1531	1625
1531	1658
1531	1622
1531	1655
1531	1654
1532	1658
1532	1662
1532	1536
1532	1537
1532	1545
1532	1550
1532	1553
1533	1545
1533	1537
1533	1618
1533	1543
1533	1544
1533	1550
1534	1618
1534	1538
1534	1621
1534	1619
1534	1620
1534	1622
1535	1539
1535	1658
1535	1662
1535	1655
1535	1659
1535	1622
1535	1654
1536	1662
1536	1666
1536	1540
1536	1543
1536	1545
1536	1677
1537	1541
1537	1618
1537	1542
1537	1616
1537	1617
1539	1670
1539	1543
1539	1666
1539	1662
1539	1658
1539	1663
1539	1659
1540	1666
1540	1670
1541	1675
1542	1615
1542	1605
1542	1675
1542	1603
1542	1604
1542	1606
1543	1675
1543	1615
1543	1676
1543	1677
1543	1666
1543	1669
1543	1670
1543	1674
1544	1675
1544	1676
1544	1615
1544	1677
1544	1606
1545	1549
1545	1676
1545	1677
1545	1550
1545	1553
1545	1682
1545	1662
1545	1666
1546	1676
1546	1677
1546	1550
1546	1679
1546	1678
1547	1551
1548	1696
1548	1679
1548	1552
1549	1679
1549	1682
1549	1553
1549	1677
1549	1678
1550	1554
1551	1555
1551	1693
1551	1696
1552	1696
1552	1693
1552	1556
1552	1557
1552	1686
1552	1679
1552	1682
1552	1683
1553	1682
1553	1557
1553	1657
1553	1658
1553	1662
1553	1661
1553	1665
1553	1686
1554	1558
1554	1559
1555	1559
1555	1693
1555	1696
1556	1693
1556	1560
1556	1657
1556	1691
1556	1682
1556	1686
1557	1657
1557	1561
1557	1633
1557	1654
1557	1658
1558	1633
1558	1562
1558	1563
1558	1636
1559	1563
1559	1564
1559	1691
1560	1691
1560	1564
1560	1592
1560	1657
1560	1654
1560	1594
1560	1653
1560	1589
1561	1565
1561	1633
1561	1650
1561	1654
1561	1625
1561	1653
1562	1633
1562	1637
1562	1566
1562	1636
1562	1632
1563	1567
1563	1592
1563	1691
1564	1592
1564	1588
1564	1568
1564	1585
1564	1589
1564	1594
1564	1653
1565	1580
1565	1634
1565	1569
1565	1637
1565	1639
1565	1633
1565	1630
1565	1585
1565	1646
1565	1650
1566	1637
1566	1570
1566	1636
1567	1592
1567	1588
1567	1571
1567	1584
1568	1584
1568	1572
1568	1580
1568	1639
1568	1585
1568	1588
1568	1581
1568	1646
1569	1580
1569	1573
1569	1577
1569	1637
1569	1639
1569	1578
1569	1640
1569	1641
1569	1638
1570	1574
1571	1575
1571	1577
1571	1587
1571	1583
1571	1584
1571	1588
1571	1591
1572	1584
1572	1577
1572	1579
1572	1576
1572	1580
1573	1577
1573	1578
1574	1587
1575	1584
1577	1581
1577	1584
1577	1583
1578	1639
1578	1640
1578	1641
1579	1641
1579	1584
1579	1642
1579	1643
1580	1639
1580	1641
1580	1642
1580	1643
1580	1584
1580	1646
1580	1585
1580	1634
1581	1643
1581	1646
1581	1585
1582	1649
1582	1586
1582	1645
1582	1643
1583	1587
1584	1588
1584	1589
1585	1646
1585	1589
1585	1649
1585	1653
1585	1650
1586	1649
1586	1590
1586	1595
1587	1591
1588	1592
1588	1594
1589	1594
1589	1593
1589	1595
1589	1596
1589	1653
1589	1656
1590	1595
1590	1596
1590	1810
1590	1808
1592	1691
1594	1691
1595	1656
1599	1607
1599	1608
1600	1607
1600	1608
1601	1607
1601	1608
1602	1606
1602	1607
1603	1675
1604	1675
1605	1615
1605	1675
1606	1615
1606	1613
1606	1614
1607	1613
1608	1613
1608	1612
1609	1613
1617	1621
1620	1624
1621	1625
1622	1651
1622	1655
1622	1648
1622	1654
1623	1651
1623	1648
1624	1629
1625	1629
1625	1630
1625	1647
1625	1651
1625	1654
1625	1633
1625	1650
1626	1651
1626	1630
1626	1631
1626	1647
1626	1632
1627	1651
1627	1647
1627	1631
1628	1632
1629	1633
1630	1634
1630	1642
1630	1647
1630	1650
1630	1646
1630	1651
1631	1647
1631	1635
1631	1642
1631	1639
1632	1636
1633	1637
1633	1650
1634	1639
1634	1638
1634	1642
1635	1639
1635	1640
1635	1642
1642	1646
1642	1647
1643	1647
1644	1648
1645	1649
1645	1650
1646	1650
1647	1651
1648	1652
1649	1653
1650	1654
1651	1655
1652	1656
1653	1657
1654	1658
1654	1659
1655	1659
1656	1660
1656	1663
1657	1661
1657	1662
1657	1689
1657	1691
1657	1686
1658	1662
1658	1663
1659	1663
1660	1664
1660	1665
1660	1685
1660	1689
1660	1793
1661	1689
1661	1685
1661	1665
1661	1681
1661	1682
1661	1686
1661	1691
1662	1666
1662	1667
1663	1667
1663	1923
1663	1793
1664	1923
1664	1668
1664	1681
1664	1688
1664	1685
1664	1689
1664	1922
1665	1685
1665	1681
1665	1669
1665	1677
1665	1678
1665	1682
1666	1677
1666	1670
1666	1671
1667	1671
1667	1903
1667	1919
1667	1923
1667	1922
1668	1923
1668	1903
1668	1672
1668	1674
1668	1907
1668	1681
1668	1684
1668	1680
1668	1906
1668	1919
1668	1685
1668	1688
1668	1899
1668	1902
1669	1681
1669	1674
1669	1673
1669	1676
1669	1677
1669	1678
1670	1674
1670	1915
1671	1915
1671	1916
1671	1919
1671	1903
1671	1907
1672	1907
1673	1915
1674	1907
1674	1678
1674	1681
1676	1681
1677	1681
1677	1682
1678	1682
1678	1683
1679	1696
1679	1683
1680	1684
1680	1685
1680	1696
1680	1697
1680	1698
1681	1685
1682	1686
1682	1693
1683	1693
1683	1687
1683	1691
1683	1692
1683	1697
1683	1698
1683	1696
1684	1906
1684	1688
1684	1698
1685	1689
1686	1691
1686	1690
1686	1692
1686	1693
1687	1693
1687	1691
1687	1692
1687	1906
1688	1899
1688	1902
1688	1923
1688	1920
1688	1924
1693	1697
1700	1704
1701	1707
1701	1706
1701	1705
1701	1709
1704	1708
1704	1948
1708	1712
1712	1718
1713	1718
1713	1717
1714	1718
1715	1944
1715	1719
1715	1721
1715	1747
1715	1725
1715	1726
1715	1743
1715	1729
1715	1746
1715	1730
1716	1725
1716	1726
1716	1721
1716	1720
1716	1722
1716	1723
1716	1724
1717	1943
1718	1947
1718	1940
1718	1943
1718	1944
1718	1948
1719	1944
1719	1940
1719	1943
1719	1747
1719	1939
1719	1725
1720	1943
1720	1754
1721	1754
1721	1725
1721	1940
1721	1746
1721	1747
1721	1750
1721	1751
1721	1936
1722	1754
1722	1866
1722	1863
1722	1867
1722	1870
1723	1754
1723	1867
1723	1863
1723	1750
1723	1728
1723	1753
1723	1860
1723	1889
1723	1757
1723	1864
1724	1728
1724	1746
1724	1860
1724	1863
1725	1746
1725	1750
1725	1729
1725	1743
1725	1747
1725	1944
1726	1730
1727	1731
1727	1858
1727	1893
1727	1863
1727	1860
1727	1859
1727	1856
1727	1862
1728	1860
1728	1893
1728	1732
1728	1749
1728	1746
1728	1750
1728	1745
1728	1753
1729	1746
1729	1741
1729	1733
1729	1743
1729	1742
1730	1734
1730	1858
1731	1735
1731	1737
1731	1893
1731	1858
1731	1860
1731	1890
1732	1893
1732	1737
1732	1897
1732	1736
1732	1738
1732	1741
1732	1749
1732	1745
1732	1746
1732	1912
1732	1917
1733	1741
1733	1738
1733	1737
1733	1739
1733	1740
1734	1858
1736	1901
1736	1905
1737	1901
1737	1912
1737	1897
1737	1904
1737	1905
1737	1893
1737	1894
1738	1905
1738	1901
1738	1904
1738	1909
1738	1910
1738	1911
1738	1912
1739	1910
1739	1911
1740	1910
1740	1911
1740	1912
1741	1745
1741	1912
1741	1746
1742	1911
1742	1912
1742	1913
1742	1746
1742	1914
1743	1747
1743	1944
1744	1941
1744	1944
1744	1748
1744	1749
1744	1914
1744	1917
1745	1914
1745	1917
1745	1749
1745	1750
1745	1912
1745	1913
1746	1750
1747	1751
1747	1937
1747	1940
1747	1941
1747	1944
1748	1941
1748	1937
1748	1752
1748	1933
1748	1940
1748	1914
1748	1917
1748	1938
1748	1918
1748	1921
1748	1934
1749	1917
1749	1753
1749	1896
1749	1892
1749	1893
1749	1897
1749	1921
1750	1754
1751	1937
1751	1755
1751	1936
1751	1933
1751	1940
1752	1937
1752	1933
1752	1756
1752	1892
1752	1896
1752	1921
1752	1925
1752	1917
1752	1936
1753	1896
1753	1892
1753	1757
1753	1888
1753	1889
1753	1860
1753	1893
1754	1867
1754	1758
1754	1870
1755	1759
1755	1933
1755	1936
1755	1932
1755	1925
1755	1929
1755	1928
1756	1760
1756	1761
1756	1791
1756	1885
1756	1888
1756	1892
1756	1925
1756	1933
1756	1794
1756	1896
1756	1929
1757	1885
1757	1761
1757	1867
1757	1864
1757	1888
1757	1889
1757	1863
1758	1867
1758	1871
1758	1762
1759	1763
1759	1764
1759	1791
1759	1788
1759	1929
1760	1791
1760	1784
1760	1764
1760	1780
1760	1781
1760	1885
1760	1785
1760	1795
1760	1888
1761	1885
1761	1776
1761	1781
1761	1765
1761	1868
1761	1872
1761	1867
1761	1871
1761	1864
1761	1865
1761	1877
1762	1871
1762	1872
1762	1766
1763	1767
1763	1780
1763	1784
1763	1791
1763	1788
1764	1784
1764	1780
1764	1768
1764	1776
1764	1777
1764	1781
1765	1776
1765	1868
1765	1872
1765	1875
1765	1769
1765	1773
1766	1872
1766	1770
1767	1771
1767	1780
1767	1783
1767	1779
1767	1784
1768	1780
1768	1773
1768	1772
1768	1775
1768	1776
1768	1875
1769	1773
1769	1872
1771	1780
1771	1783
1773	1875
1773	1780
1773	1777
1774	1875
1774	1874
1774	1876
1775	1875
1775	1876
1775	1780
1775	1877
1775	1878
1776	1875
1776	1876
1776	1877
1776	1878
1776	1780
1776	1881
1776	1868
1776	1781
1776	1872
1777	1878
1777	1881
1777	1781
1778	1881
1778	1800
1778	1884
1778	1782
1778	1803
1778	1801
1778	1802
1778	1880
1778	1878
1779	1802
1779	1803
1779	1783
1779	1804
1779	1805
1779	1806
1779	1807
1780	1784
1781	1785
1781	1786
1781	1800
1781	1884
1781	1877
1781	1880
1781	1881
1781	1885
1782	1800
1782	1786
1782	1787
1782	1806
1782	1803
1782	1804
1782	1805
1782	1798
1783	1803
1783	1787
1783	1806
1783	1805
1783	1807
1784	1788
1784	1791
1785	1791
1785	1792
1785	1800
1785	1795
1786	1792
1786	1806
1786	1800
1786	1791
1786	1795
1786	1798
1787	1806
1788	1792
1788	1929
1789	1793
1789	1926
1790	1926
1790	1929
1790	1794
1790	1928
1790	1927
1791	1795
1791	1888
1791	1929
1792	1796
1793	1926
1794	1926
1794	1929
1794	1924
1794	1798
1794	1895
1794	1925
1794	1892
1794	1888
1795	1895
1795	1800
1795	1888
1795	1891
1795	1892
1798	1891
1798	1895
1799	1884
1800	1884
1800	1804
1801	1884
1802	1880
1809	1813
1809	1814
1810	1814
1811	1818
1811	1819
1811	1820
1812	1818
1812	1819
1812	1817
1813	1817
1814	1818
1814	1819
1814	1820
1814	1822
1815	1819
1815	1822
1816	1820
1816	1821
1820	1826
1821	1826
1822	1826
1831	1839
1832	1837
1832	1838
1832	1839
1833	1837
1844	1849
1844	1848
1847	1851
1847	1852
1848	1852
1850	1854
1858	1886
1859	1886
1859	1890
1859	1863
1860	1886
1860	1864
1860	1882
1860	1885
1860	1889
1860	1890
1860	1893
1861	1886
1861	1882
1861	1865
1862	1866
1863	1867
1864	1868
1864	1882
1864	1877
1864	1885
1864	1889
1865	1882
1865	1877
1865	1869
1865	1876
1865	1875
1866	1870
1867	1871
1867	1872
1868	1872
1868	1875
1868	1876
1868	1877
1869	1873
1869	1875
1877	1881
1877	1882
1877	1885
1878	1882
1879	1883
1880	1884
1881	1885
1882	1886
1883	1887
1884	1888
1885	1889
1886	1890
1886	1891
1887	1891
1888	1892
1888	1893
1889	1893
1890	1894
1891	1895
1891	1896
1892	1924
1892	1896
1892	1897
1892	1925
1893	1897
1893	1898
1894	1898
1894	1902
1895	1902
1895	1899
1895	1900
1895	1920
1895	1924
1896	1924
1896	1920
1896	1900
1896	1916
1896	1917
1896	1921
1896	1925
1897	1912
1897	1917
1897	1901
1898	1902
1899	1903
1899	1923
1899	1920
1899	1924
1899	1919
1900	1920
1900	1916
1900	1912
1900	1904
1900	1913
1900	1917
1901	1912
1901	1905
1902	1906
1903	1907
1903	1909
1903	1916
1903	1923
1903	1915
1903	1919
1903	1920
1904	1916
1904	1909
1904	1908
1904	1911
1904	1912
1905	1909
1909	1916
1911	1916
1912	1916
1912	1917
1913	1917
1914	1918
1914	1941
1915	1919
1915	1920
1916	1920
1917	1921
1918	1934
1918	1922
1918	1938
1919	1923
1920	1924
1920	1925
1921	1925
1921	1930
1921	1929
1921	1933
1921	1934
1922	1934
1922	1930
1925	1930
1925	1929
1925	1933
1926	1930
1927	1931
1928	1932
1928	1933
1929	1933
1930	1934
1931	1935
1932	1936
1933	1937
1934	1938
1934	1939
1935	1939
1936	1940
1937	1941
1938	1942
1939	1943
1939	1944
1940	1944
1941	1945
1942	1946
1943	1947

