1	2	3	1.116862921e+02	1.7925450000e+01
2	3	4	9.596840533e+01	1.7925450000e+01
3	4	5	9.101256068e+01	1.7925450000e+01
4	5	6	1.046733097e+02	1.7925450000e+01
5	6	7	1.106606709e+02	1.7925450000e+01
6	7	8	1.254198180e+02	1.7925450000e+01
7	8	9	1.260693930e+02	1.7925450000e+01
8	9	10	1.216026012e+02	1.7925450000e+01
9	10	11	1.086006804e+02	1.7925450000e+01
10	11	12	8.476350661e+01	1.7925450000e+01
11	12	13	9.084874170e+01	1.7925450000e+01
12	13	14	8.786479242e+01	1.7925450000e+01
13	14	15	8.960106904e+01	1.7925450000e+01
14	15	16	9.215480806e+01	1.7925450000e+01
15	16	17	8.870413082e+01	1.7925450000e+01
16	17	18	9.004647356e+01	1.7925450000e+01
17	18	19	8.141143629e+01	1.7925450000e+01
18	19	20	9.799713336e+01	1.7925450000e+01
19	20	21	9.285100979e+01	1.7925450000e+01
20	21	22	9.692351158e+01	1.7925450000e+01
21	22	23	8.592017951e+01	1.7925450000e+01
22	23	24	9.842045964e+01	1.7925450000e+01
23	24	25	1.371919468e+02	1.7925450000e+01
24	25	26	1.000939314e+02	1.7925450000e+01
25	26	27	1.223534116e+02	1.7925450000e+01
26	27	28	1.203482903e+02	1.7925450000e+01
27	28	29	1.209661734e+02	1.7925450000e+01
28	29	30	9.450195768e+01	1.7925450000e+01
29	30	31	9.639510489e+01	1.7925450000e+01
30	31	32	9.326324559e+01	1.7925450000e+01
31	32	33	9.815023626e+01	1.7925450000e+01
32	33	34	8.557524877e+01	1.7925450000e+01
33	34	35	9.521465708e+01	1.7925450000e+01
34	35	36	8.366133104e+01	1.7925450000e+01
35	36	37	8.939916731e+01	1.7925450000e+01
36	37	38	9.788957897e+01	1.7925450000e+01
37	38	39	9.603071778e+01	1.7925450000e+01
38	39	40	9.261545437e+01	1.7925450000e+01
39	40	41	9.960970505e+01	1.7925450000e+01
40	41	42	1.130238484e+02	1.7925450000e+01
41	42	43	1.201207994e+02	1.7925450000e+01
42	43	44	9.724645529e+01	1.7925450000e+01
43	44	45	8.801927089e+01	1.7925450000e+01
44	45	46	8.738584330e+01	1.7925450000e+01
45	46	47	9.750887578e+01	1.7925450000e+01
46	47	48	8.850779509e+01	1.7925450000e+01
47	48	49	9.761174640e+01	1.7925450000e+01
48	49	50	8.215625349e+01	1.7925450000e+01
49	50	51	9.435310010e+01	1.7925450000e+01
50	51	52	8.574865374e+01	1.7925450000e+01
51	52	53	9.878238421e+01	1.7925450000e+01
52	53	54	9.420619140e+01	1.7925450000e+01
53	54	55	9.452524947e+01	1.7925450000e+01
54	55	56	9.102916362e+01	1.7925450000e+01
55	56	57	9.850672285e+01	1.7925450000e+01
56	57	58	9.678683977e+01	1.7925450000e+01
57	58	59	9.373060037e+01	1.7925450000e+01
58	59	60	8.767267273e+01	1.7925450000e+01
59	60	61	9.121907420e+01	1.7925450000e+01
60	61	62	9.473891923e+01	1.7925450000e+01
61	62	63	8.103881058e+01	1.7925450000e+01
