1	2	3.8090853230e+00	8.9627250000e+01
2	3	3.8593402290e+00	8.9627250000e+01
3	4	3.8831098360e+00	8.9627250000e+01
4	5	3.7850647290e+00	8.9627250000e+01
5	6	3.7875575240e+00	8.9627250000e+01
6	7	3.7888735790e+00	8.9627250000e+01
7	8	3.7793647610e+00	8.9627250000e+01
8	9	3.7980746440e+00	8.9627250000e+01
9	10	3.8579691550e+00	8.9627250000e+01
10	11	3.8064053910e+00	8.9627250000e+01
11	12	3.8555065820e+00	8.9627250000e+01
12	13	3.8941300700e+00	8.9627250000e+01
13	14	3.9217121260e+00	8.9627250000e+01
14	15	3.8425841570e+00	8.9627250000e+01
15	16	3.8158705430e+00	8.9627250000e+01
16	17	3.9069079850e+00	8.9627250000e+01
17	18	3.8615222390e+00	8.9627250000e+01
18	19	3.7696753180e+00	8.9627250000e+01
19	20	3.8120651880e+00	8.9627250000e+01
20	21	3.8675749510e+00	8.9627250000e+01
21	22	3.8234649210e+00	8.9627250000e+01
22	23	3.8811905390e+00	8.9627250000e+01
23	24	3.8114913090e+00	8.9627250000e+01
24	25	3.8282984470e+00	8.9627250000e+01
25	26	3.8947952450e+00	8.9627250000e+01
26	27	3.8819873780e+00	8.9627250000e+01
27	28	3.8859692480e+00	8.9627250000e+01
28	29	3.8177943890e+00	8.9627250000e+01
29	30	3.8872764240e+00	8.9627250000e+01
30	31	3.8816343210e+00	8.9627250000e+01
31	32	3.7819196180e+00	8.9627250000e+01
32	33	3.8745091300e+00	8.9627250000e+01
33	34	3.8951935770e+00	8.9627250000e+01
34	35	3.8606898350e+00	8.9627250000e+01
35	36	3.7985299790e+00	8.9627250000e+01
36	37	3.8271929660e+00	8.9627250000e+01
37	38	3.9091493960e+00	8.9627250000e+01
38	39	3.8338342430e+00	8.9627250000e+01
39	40	3.8369689860e+00	8.9627250000e+01
40	41	3.8104978680e+00	8.9627250000e+01
41	42	3.8859710500e+00	8.9627250000e+01
42	43	3.8841280870e+00	8.9627250000e+01
43	44	3.8175586440e+00	8.9627250000e+01
44	45	3.8893985400e+00	8.9627250000e+01
45	46	3.9663858860e+00	8.9627250000e+01
46	47	3.9619685760e+00	8.9627250000e+01
47	48	3.8946083240e+00	8.9627250000e+01
48	49	3.8977897580e+00	8.9627250000e+01
49	50	3.9152826210e+00	8.9627250000e+01
50	51	3.8825714420e+00	8.9627250000e+01
51	52	3.8842448430e+00	8.9627250000e+01
52	53	3.8927180740e+00	8.9627250000e+01
53	54	3.8701025830e+00	8.9627250000e+01
54	55	3.9056219740e+00	8.9627250000e+01
55	56	3.8951302930e+00	8.9627250000e+01
56	57	3.8678007960e+00	8.9627250000e+01
57	58	3.7651744980e+00	8.9627250000e+01
58	59	3.7859342310e+00	8.9627250000e+01
59	60	3.8797048860e+00	8.9627250000e+01
60	61	3.8164707520e+00	8.9627250000e+01
61	62	3.8171701560e+00	8.9627250000e+01
62	63	3.8646713960e+00	8.9627250000e+01
