1	2	3	4	5.229629881e+01	8.9627250000e-01
2	3	4	5	7.413840822e+01	8.9627250000e-01
3	4	5	6	1.920107144e+01	8.9627250000e-01
4	5	6	7	8.019347724e+01	8.9627250000e-01
5	6	7	8	2.674619904e+01	8.9627250000e-01
6	7	8	9	9.554871000e+00	8.9627250000e-01
7	8	9	10	4.803578817e+01	8.9627250000e-01
8	9	10	11	8.676783096e+01	8.9627250000e-01
9	10	11	12	6.776459210e+01	8.9627250000e-01
10	11	12	13	2.344431173e+02	8.9627250000e-01
11	12	13	14	2.279132820e+02	8.9627250000e-01
12	13	14	15	2.283815646e+02	8.9627250000e-01
13	14	15	16	2.395515410e+02	8.9627250000e-01
14	15	16	17	2.258371423e+02	8.9627250000e-01
15	16	17	18	2.295695337e+02	8.9627250000e-01
16	17	18	19	2.285546791e+02	8.9627250000e-01
17	18	19	20	2.371691112e+02	8.9627250000e-01
18	19	20	21	2.215643751e+02	8.9627250000e-01
19	20	21	22	2.241100642e+02	8.9627250000e-01
20	21	22	23	2.320751319e+02	8.9627250000e-01
21	22	23	24	2.166446861e+02	8.9627250000e-01
22	23	24	25	1.965832626e+02	8.9627250000e-01
23	24	25	26	2.313805373e+01	8.9627250000e-01
24	25	26	27	2.229253550e+02	8.9627250000e-01
25	26	27	28	2.137045239e+01	8.9627250000e-01
26	27	28	29	4.414861242e+01	8.9627250000e-01
27	28	29	30	8.038940132e+01	8.9627250000e-01
28	29	30	31	2.213220833e+02	8.9627250000e-01
29	30	31	32	2.277311520e+02	8.9627250000e-01
30	31	32	33	2.254663277e+02	8.9627250000e-01
31	32	33	34	2.344621367e+02	8.9627250000e-01
32	33	34	35	2.398671083e+02	8.9627250000e-01
33	34	35	36	2.255026411e+02	8.9627250000e-01
34	35	36	37	2.337542386e+02	8.9627250000e-01
35	36	37	38	2.233152190e+02	8.9627250000e-01
36	37	38	39	2.354253937e+02	8.9627250000e-01
37	38	39	40	2.083554758e+02	8.9627250000e-01
38	39	40	41	6.085516958e+01	8.9627250000e-01
39	40	41	42	3.127387669e+02	8.9627250000e-01
40	41	42	43	7.553441604e+01	8.9627250000e-01
41	42	43	44	7.505569144e+01	8.9627250000e-01
42	43	44	45	2.307476391e+02	8.9627250000e-01
43	44	45	46	2.393438308e+02	8.9627250000e-01
44	45	46	47	2.201900826e+02	8.9627250000e-01
45	46	47	48	2.329761192e+02	8.9627250000e-01
46	47	48	49	2.314177847e+02	8.9627250000e-01
47	48	49	50	2.308201743e+02	8.9627250000e-01
48	49	50	51	2.349593553e+02	8.9627250000e-01
49	50	51	52	2.289334779e+02	8.9627250000e-01
50	51	52	53	2.374498874e+02	8.9627250000e-01
51	52	53	54	2.283953826e+02	8.9627250000e-01
52	53	54	55	2.363892829e+02	8.9627250000e-01
53	54	55	56	2.204210415e+02	8.9627250000e-01
54	55	56	57	2.276958233e+02	8.9627250000e-01
55	56	57	58	2.283972568e+02	8.9627250000e-01
56	57	58	59	2.187147208e+02	8.9627250000e-01
57	58	59	60	2.338956511e+02	8.9627250000e-01
58	59	60	61	2.457198189e+02	8.9627250000e-01
59	60	61	62	2.218290211e+02	8.9627250000e-01
60	61	62	63	2.412619075e+02	8.9627250000e-01
