2	6	ca	8.9627250000e-01	1.0867936970e+01	5.0000000000e-01	1.6777216000e+07	1.3867936970e+01
7	45	ca	8.9627250000e-01	9.4165187830e+00	5.0000000000e-01	1.6777216000e+07	1.2416518783e+01
8	13	ca	8.9627250000e-01	9.3581786160e+00	5.0000000000e-01	1.6777216000e+07	1.2358178616e+01
8	41	ca	8.9627250000e-01	1.0402279220e+01	5.0000000000e-01	1.6777216000e+07	1.3402279220e+01
9	13	ca	8.9627250000e-01	5.6277832230e+00	5.0000000000e-01	1.6777216000e+07	8.6277832230e+00
9	41	ca	8.9627250000e-01	7.9791090980e+00	5.0000000000e-01	1.6777216000e+07	1.0979109098e+01
9	14	ca	8.9627250000e-01	5.9105666400e+00	5.0000000000e-01	1.6777216000e+07	8.9105666400e+00
9	17	ca	8.9627250000e-01	9.6399672720e+00	5.0000000000e-01	1.6777216000e+07	1.2639967272e+01
9	45	ca	8.9627250000e-01	9.2061970980e+00	5.0000000000e-01	1.6777216000e+07	1.2206197098e+01
9	49	ca	8.9627250000e-01	1.0027122220e+01	5.0000000000e-01	1.6777216000e+07	1.3027122220e+01
10	14	ca	8.9627250000e-01	6.2679883540e+00	5.0000000000e-01	1.6777216000e+07	9.2679883540e+00
10	15	ca	8.9627250000e-01	8.4824053780e+00	5.0000000000e-01	1.6777216000e+07	1.1482405378e+01
11	15	ca	8.9627250000e-01	5.9935756440e+00	5.0000000000e-01	1.6777216000e+07	8.9935756440e+00
12	16	ca	8.9627250000e-01	6.6047130140e+00	5.0000000000e-01	1.6777216000e+07	9.6047130140e+00
12	39	ca	8.9627250000e-01	8.1387376170e+00	5.0000000000e-01	1.6777216000e+07	1.1138737617e+01
13	39	ca	8.9627250000e-01	5.6243572970e+00	5.0000000000e-01	1.6777216000e+07	8.6243572970e+00
13	41	ca	8.9627250000e-01	7.9066760400e+00	5.0000000000e-01	1.6777216000e+07	1.0906676040e+01
13	17	ca	8.9627250000e-01	6.5680369210e+00	5.0000000000e-01	1.6777216000e+07	9.5680369210e+00
13	35	ca	8.9627250000e-01	8.8290412280e+00	5.0000000000e-01	1.6777216000e+07	1.1829041228e+01
13	40	ca	8.9627250000e-01	8.3043046670e+00	5.0000000000e-01	1.6777216000e+07	1.1304304667e+01
14	49	ca	8.9627250000e-01	8.8466894370e+00	5.0000000000e-01	1.6777216000e+07	1.1846689437e+01
14	18	ca	8.9627250000e-01	5.9731784670e+00	5.0000000000e-01	1.6777216000e+07	8.9731784670e+00
15	19	ca	8.9627250000e-01	5.9150714280e+00	5.0000000000e-01	1.6777216000e+07	8.9150714280e+00
16	20	ca	8.9627250000e-01	6.3643177950e+00	5.0000000000e-01	1.6777216000e+07	9.3643177950e+00
16	35	ca	8.9627250000e-01	7.3055032680e+00	5.0000000000e-01	1.6777216000e+07	1.0305503268e+01
16	50	ca	8.9627250000e-01	1.1626379010e+01	5.0000000000e-01	1.6777216000e+07	1.4626379010e+01
16	38	ca	8.9627250000e-01	9.1291688010e+00	5.0000000000e-01	1.6777216000e+07	1.2129168801e+01
16	39	ca	8.9627250000e-01	8.0079516730e+00	5.0000000000e-01	1.6777216000e+07	1.1007951673e+01
17	39	ca	8.9627250000e-01	9.5214296200e+00	5.0000000000e-01	1.6777216000e+07	1.2521429620e+01
17	35	ca	8.9627250000e-01	7.4865427270e+00	5.0000000000e-01	1.6777216000e+07	1.0486542727e+01
17	50	ca	8.9627250000e-01	7.7900713090e+00	5.0000000000e-01	1.6777216000e+07	1.0790071309e+01
17	21	ca	8.9627250000e-01	6.2748229460e+00	5.0000000000e-01	1.6777216000e+07	9.2748229460e+00
17	22	ca	8.9627250000e-01	8.3597949140e+00	5.0000000000e-01	1.6777216000e+07	1.1359794914e+01
17	49	ca	8.9627250000e-01	7.5056017080e+00	5.0000000000e-01	1.6777216000e+07	1.0505601708e+01
17	41	ca	8.9627250000e-01	1.0513507550e+01	5.0000000000e-01	1.6777216000e+07	1.3513507550e+01
17	45	ca	8.9627250000e-01	1.0284069430e+01	5.0000000000e-01	1.6777216000e+07	1.3284069430e+01
17	46	ca	8.9627250000e-01	7.1614197610e+00	5.0000000000e-01	1.6777216000e+07	1.0161419761e+01
18	49	ca	8.9627250000e-01	9.0671324570e+00	5.0000000000e-01	1.6777216000e+07	1.2067132457e+01
18	22	ca	8.9627250000e-01	5.6853099300e+00	5.0000000000e-01	1.6777216000e+07	8.6853099300e+00
19	23	ca	8.9627250000e-01	6.1801771010e+00	5.0000000000e-01	1.6777216000e+07	9.1801771010e+00
19	24	ca	8.9627250000e-01	8.3472924350e+00	5.0000000000e-01	1.6777216000e+07	1.1347292435e+01
20	35	ca	8.9627250000e-01	8.1757972700e+00	5.0000000000e-01	1.6777216000e+07	1.1175797270e+01
20	24	ca	8.9627250000e-01	5.6758712110e+00	5.0000000000e-01	1.6777216000e+07	8.6758712110e+00
20	27	ca	8.9627250000e-01	7.9431568660e+00	5.0000000000e-01	1.6777216000e+07	1.0943156866e+01
20	50	ca	8.9627250000e-01	8.6691762010e+00	5.0000000000e-01	1.6777216000e+07	1.1669176201e+01
20	31	ca	8.9627250000e-01	9.3274451490e+00	5.0000000000e-01	1.6777216000e+07	1.2327445149e+01
21	50	ca	8.9627250000e-01	6.7229636320e+00	5.0000000000e-01	1.6777216000e+07	9.7229636320e+00
21	53	ca	8.9627250000e-01	7.4820539290e+00	5.0000000000e-01	1.6777216000e+07	1.0482053929e+01
21	49	ca	8.9627250000e-01	9.1211296450e+00	5.0000000000e-01	1.6777216000e+07	1.2121129645e+01
21	57	ca	8.9627250000e-01	1.0669987490e+01	5.0000000000e-01	1.6777216000e+07	1.3669987490e+01
21	25	ca	8.9627250000e-01	5.3316013540e+00	5.0000000000e-01	1.6777216000e+07	8.3316013540e+00
21	54	ca	8.9627250000e-01	8.6477366400e+00	5.0000000000e-01	1.6777216000e+07	1.1647736640e+01
22	53	ca	8.9627250000e-01	9.2972371700e+00	5.0000000000e-01	1.6777216000e+07	1.2297237170e+01
22	57	ca	8.9627250000e-01	1.0598814130e+01	5.0000000000e-01	1.6777216000e+07	1.3598814130e+01
24	50	ca	8.9627250000e-01	9.7251304360e+00	5.0000000000e-01	1.6777216000e+07	1.2725130436e+01
24	28	ca	8.9627250000e-01	1.0431458670e+01	5.0000000000e-01	1.6777216000e+07	1.3431458670e+01
24	31	ca	8.9627250000e-01	1.0802646110e+01	5.0000000000e-01	1.6777216000e+07	1.3802646110e+01
25	50	ca	8.9627250000e-01	7.6636354950e+00	5.0000000000e-01	1.6777216000e+07	1.0663635495e+01
25	54	ca	8.9627250000e-01	7.2004451250e+00	5.0000000000e-01	1.6777216000e+07	1.0200445125e+01
25	58	ca	8.9627250000e-01	1.1592374610e+01	5.0000000000e-01	1.6777216000e+07	1.4592374610e+01
26	54	ca	8.9627250000e-01	9.1475256760e+00	5.0000000000e-01	1.6777216000e+07	1.2147525676e+01
26	31	ca	8.9627250000e-01	9.8246182620e+00	5.0000000000e-01	1.6777216000e+07	1.2824618262e+01
27	50	ca	8.9627250000e-01	8.0232138820e+00	5.0000000000e-01	1.6777216000e+07	1.1023213882e+01
27	54	ca	8.9627250000e-01	1.1871152430e+01	5.0000000000e-01	1.6777216000e+07	1.4871152430e+01
27	31	ca	8.9627250000e-01	6.0938104660e+00	5.0000000000e-01	1.6777216000e+07	9.0938104660e+00
27	32	ca	8.9627250000e-01	5.4421258710e+00	5.0000000000e-01	1.6777216000e+07	8.4421258710e+00
27	46	ca	8.9627250000e-01	9.4310717840e+00	5.0000000000e-01	1.6777216000e+07	1.2431071784e+01
27	35	ca	8.9627250000e-01	9.9704691970e+00	5.0000000000e-01	1.6777216000e+07	1.2970469197e+01
28	32	ca	8.9627250000e-01	5.9072610400e+00	5.0000000000e-01	1.6777216000e+07	8.9072610400e+00
29	33	ca	8.9627250000e-01	6.1908472760e+00	5.0000000000e-01	1.6777216000e+07	9.1908472760e+00
30	34	ca	8.9627250000e-01	6.4462219170e+00	5.0000000000e-01	1.6777216000e+07	9.4462219170e+00
31	35	ca	8.9627250000e-01	6.9927927180e+00	5.0000000000e-01	1.6777216000e+07	9.9927927180e+00
32	46	ca	8.9627250000e-01	6.7974813720e+00	5.0000000000e-01	1.6777216000e+07	9.7974813720e+00
32	36	ca	8.9627250000e-01	6.4044370560e+00	5.0000000000e-01	1.6777216000e+07	9.4044370560e+00
32	43	ca	8.9627250000e-01	6.7075128770e+00	5.0000000000e-01	1.6777216000e+07	9.7075128770e+00
32	47	ca	8.9627250000e-01	6.9137768260e+00	5.0000000000e-01	1.6777216000e+07	9.9137768260e+00
32	44	ca	8.9627250000e-01	9.0650720350e+00	5.0000000000e-01	1.6777216000e+07	1.2065072035e+01
33	43	ca	8.9627250000e-01	4.8855699770e+00	5.0000000000e-01	1.6777216000e+07	7.8855699770e+00
33	37	ca	8.9627250000e-01	6.1036363750e+00	5.0000000000e-01	1.6777216000e+07	9.1036363750e+00
34	38	ca	8.9627250000e-01	6.1317110990e+00	5.0000000000e-01	1.6777216000e+07	9.1317110990e+00
35	39	ca	8.9627250000e-01	6.4234705570e+00	5.0000000000e-01	1.6777216000e+07	9.4234705570e+00
35	40	ca	8.9627250000e-01	7.9747752950e+00	5.0000000000e-01	1.6777216000e+07	1.0974775295e+01
35	41	ca	8.9627250000e-01	8.0358502350e+00	5.0000000000e-01	1.6777216000e+07	1.1035850235e+01
35	46	ca	8.9627250000e-01	7.3419792290e+00	5.0000000000e-01	1.6777216000e+07	1.0341979229e+01
35	50	ca	8.9627250000e-01	1.1588431860e+01	5.0000000000e-01	1.6777216000e+07	1.4588431860e+01
36	46	ca	8.9627250000e-01	5.9386069920e+00	5.0000000000e-01	1.6777216000e+07	8.9386069920e+00
36	41	ca	8.9627250000e-01	4.8529680610e+00	5.0000000000e-01	1.6777216000e+07	7.8529680610e+00
36	40	ca	8.9627250000e-01	5.6099180920e+00	5.0000000000e-01	1.6777216000e+07	8.6099180920e+00
36	42	ca	8.9627250000e-01	5.2153373810e+00	5.0000000000e-01	1.6777216000e+07	8.2153373810e+00
36	43	ca	8.9627250000e-01	5.1007531800e+00	5.0000000000e-01	1.6777216000e+07	8.1007531800e+00
39	46	ca	8.9627250000e-01	1.0038682230e+01	5.0000000000e-01	1.6777216000e+07	1.3038682230e+01
40	45	ca	8.9627250000e-01	9.9102496940e+00	5.0000000000e-01	1.6777216000e+07	1.2910249694e+01
41	45	ca	8.9627250000e-01	6.1873959790e+00	5.0000000000e-01	1.6777216000e+07	9.1873959790e+00
41	46	ca	8.9627250000e-01	7.0600879600e+00	5.0000000000e-01	1.6777216000e+07	1.0060087960e+01
42	46	ca	8.9627250000e-01	6.8529781120e+00	5.0000000000e-01	1.6777216000e+07	9.8529781120e+00
43	47	ca	8.9627250000e-01	6.3159839300e+00	5.0000000000e-01	1.6777216000e+07	9.3159839300e+00
43	48	ca	8.9627250000e-01	8.6952718760e+00	5.0000000000e-01	1.6777216000e+07	1.1695271876e+01
44	48	ca	8.9627250000e-01	6.0640370220e+00	5.0000000000e-01	1.6777216000e+07	9.0640370220e+00
45	49	ca	8.9627250000e-01	6.7591639280e+00	5.0000000000e-01	1.6777216000e+07	9.7591639280e+00
46	50	ca	8.9627250000e-01	6.4749160610e+00	5.0000000000e-01	1.6777216000e+07	9.4749160610e+00
47	51	ca	8.9627250000e-01	6.5338717470e+00	5.0000000000e-01	1.6777216000e+07	9.5338717470e+00
48	52	ca	8.9627250000e-01	6.3777837840e+00	5.0000000000e-01	1.6777216000e+07	9.3777837840e+00
49	53	ca	8.9627250000e-01	6.6712869070e+00	5.0000000000e-01	1.6777216000e+07	9.6712869070e+00
49	56	ca	8.9627250000e-01	1.0747809540e+01	5.0000000000e-01	1.6777216000e+07	1.3747809540e+01
50	54	ca	8.9627250000e-01	6.8298355030e+00	5.0000000000e-01	1.6777216000e+07	9.8298355030e+00
51	55	ca	8.9627250000e-01	6.8925376310e+00	5.0000000000e-01	1.6777216000e+07	9.8925376310e+00
51	56	ca	8.9627250000e-01	8.9978025650e+00	5.0000000000e-01	1.6777216000e+07	1.1997802565e+01
52	56	ca	8.9627250000e-01	6.2964193790e+00	5.0000000000e-01	1.6777216000e+07	9.2964193790e+00
53	57	ca	8.9627250000e-01	5.8177681290e+00	5.0000000000e-01	1.6777216000e+07	8.8177681290e+00
53	58	ca	8.9627250000e-01	8.4806519210e+00	5.0000000000e-01	1.6777216000e+07	1.1480651921e+01
54	58	ca	8.9627250000e-01	6.3981993560e+00	5.0000000000e-01	1.6777216000e+07	9.3981993560e+00
54	59	ca	8.9627250000e-01	8.3567187940e+00	5.0000000000e-01	1.6777216000e+07	1.1356718794e+01
55	59	ca	8.9627250000e-01	5.8825846360e+00	5.0000000000e-01	1.6777216000e+07	8.8825846360e+00
56	60	ca	8.9627250000e-01	5.9976015210e+00	5.0000000000e-01	1.6777216000e+07	8.9976015210e+00
57	61	ca	8.9627250000e-01	7.1099700420e+00	5.0000000000e-01	1.6777216000e+07	1.0109970042e+01
58	62	ca	8.9627250000e-01	6.6128632980e+00	5.0000000000e-01	1.6777216000e+07	9.6128632980e+00
59	63	ca	8.9627250000e-01	6.3941152630e+00	5.0000000000e-01	1.6777216000e+07	9.3941152630e+00
