2	6
7	45
8	13
8	41
9	13
9	41
9	14
9	17
9	45
9	49
10	14
10	15
11	15
12	16
12	39
13	39
13	41
13	17
13	35
13	40
14	49
14	18
15	19
16	20
16	35
16	50
16	38
16	39
17	39
17	35
17	50
17	21
17	22
17	49
17	41
17	45
17	46
18	49
18	22
19	23
19	24
20	35
20	24
20	27
20	50
20	31
21	50
21	53
21	49
21	57
21	25
21	54
22	53
22	57
24	50
24	28
24	31
25	50
25	54
25	58
26	54
26	31
27	50
27	54
27	31
27	32
27	46
27	35
28	32
29	33
30	34
31	35
32	46
32	36
32	43
32	47
32	44
33	43
33	37
34	38
35	39
35	40
35	41
35	46
35	50
36	46
36	41
36	40
36	42
36	43
39	46
40	45
41	45
41	46
42	46
43	47
43	48
44	48
45	49
46	50
47	51
48	52
49	53
49	56
50	54
51	55
51	56
52	56
53	57
53	58
54	58
54	59
55	59
56	60
57	61
58	62
59	63
